#Time	 Roll 	 Pitch 	 Yaw
1399430406417463266	-0.0212409	0.00327097	0.60454
1399430406449468901	-0.0211571	0.00342834	0.604629
1399430406523412751	-0.0210939	0.0035952	0.60476
1399430406540389110	-0.0210704	0.00375268	0.6049
1399430406585391490	-0.0209431	0.00382815	0.605052
1399430406602320261	-0.020892	0.00397536	0.605151
1399430406632357045	-0.020912	0.00417393	0.60532
1399430406723410046	-0.020785	0.00426404	0.605426
1399430406740438095	-0.0207544	0.0044635	0.605546
1399430406798345776	-0.0207133	0.00457196	0.605727
1399430406815356159	-0.0205614	0.00466064	0.605846
1399430406880385653	-0.0205885	0.00492548	0.606018
1399430406898201943	-0.0204481	0.00494682	0.606102
1399430406920190227	-0.020474	0.00521938	0.606297
1399430407037367706	-0.0204245	0.00531056	0.606294
1399430407077093633	-0.0203174	0.00548818	0.606489
1399430407095161743	-0.0203477	0.00564367	0.606589
1399430407118027491	-0.0201647	0.0057152	0.606664
1399430407134195539	-0.0203004	0.0059148	0.606802
1399430407161099303	-0.0200392	0.00599992	0.606872
1399430407230039009	-0.0201411	0.00621329	0.607061
1399430407257057854	-0.0199319	0.00632724	0.607089
1399430407292028723	-0.0200031	0.00652306	0.607397
1399430407313038715	-0.0198217	0.00662921	0.607309
1399430407401960877	-0.0198459	0.00680484	0.60759
1399430407430910728	-0.01969	0.00692583	0.607482
1399430407476941123	-0.0197584	0.00707171	0.607714
1399430407493913241	-0.0196538	0.00724692	0.607705
1399430407513868405	-0.0196464	0.00735424	0.607826
1399430407570887473	-0.019523	0.00751516	0.607889
1399430407604992428	-0.0195121	0.00762063	0.607959
1399430407701840372	-0.0194116	0.0078525	0.608117
1399430407717803251	-0.0193745	0.00791391	0.608014
1399430407734775601	-0.0193081	0.0081286	0.608369
1399430407770779089	-0.0192334	0.00814616	0.60817
1399430407876771202	-0.0192218	0.00843302	0.608668
1399430407893775690	-0.0190998	0.00841243	0.608386
1399430407946689125	-0.0191148	0.00867247	0.608893
1399430407962717835	-0.0189862	0.00871527	0.608626
1399430407993663471	-0.01887	0.00893404	0.608949
1399430408088628925	-0.0188593	0.00907955	0.609131
1399430408128598814	-0.0187991	0.00926251	0.609335
1399430408146600271	-0.0187851	0.00932752	0.609184
1399430408162578249	-0.0187924	0.00950843	0.609776
1399430408243766511	-0.0187072	0.00955424	0.609273
1399430408261621324	-0.0187303	0.00976497	0.610113
1399430408278565975	-0.0185843	0.00984596	0.609508
1399430408330505061	-0.0186778	0.0100214	0.610223
1399430408407425260	-0.0185099	0.010123	0.609897
1399430408427463236	-0.0185595	0.0102543	0.610344
1399430408443470826	-0.0183568	0.0104082	0.610131
1399430408519496317	-0.0184667	0.0105116	0.610379
1399430408562437662	-0.0182938	0.0107	0.610279
1399430408580416253	-0.0183111	0.0107432	0.609927
1399430408604380998	-0.0182339	0.0109697	0.610269
1399430408632382115	-0.018215	0.0109979	0.61014
1399430408673344481	-0.018189	0.0111831	0.610361
1399430408730361616	-0.0181199	0.0112834	0.610581
1399430408775265603	-0.0180899	0.0113914	0.610376
1399430408792287727	-0.01803	0.0115253	0.610902
1399430408929285519	-0.0179759	0.0115895	0.610512
1399430408945236104	-0.0179219	0.0118087	0.611002
1399430408962231964	-0.0179003	0.0118312	0.610894
1399430409056144124	-0.0178325	0.0120291	0.610968
1399430409073160162	-0.0177978	0.0121023	0.611295
1399430409089167907	-0.0177197	0.0123025	0.610974
1399430409106134238	-0.0177105	0.0123856	0.611543
1399430409122133224	-0.0176392	0.0125329	0.611037
1399430409196049561	-0.0176627	0.0126168	0.611658
1399430409250087210	-0.0175964	0.0128289	0.611777
1399430409271154155	-0.0174269	0.0129691	0.611669
1399430409311028319	-0.0175035	0.0130995	0.611843
1399430409403965579	-0.0173436	0.0133058	0.612071
1399430409454175389	-0.0174238	0.0133693	0.611908
1399430409470982491	-0.0172572	0.0135698	0.612354
1399430409486912555	-0.0173169	0.0136063	0.61212
1399430409516988204	-0.0171771	0.0137983	0.612515
1399430409570021768	-0.0172365	0.0138156	0.612583
1399430409610925386	-0.0170957	0.0139093	0.61262
1399430409657869753	-0.017167	0.0139814	0.612992
1399430409690854267	-0.0170526	0.0140647	0.612724
1399430409769832230	-0.0171017	0.0142658	0.613261
1399430409786839662	-0.0169764	0.0142833	0.61286
1399430409802803959	-0.0170052	0.0145021	0.613419
1399430409910718234	-0.0168676	0.0144635	0.613097
1399430409927714488	-0.0168714	0.0147456	0.613494
1399430409944688131	-0.0167805	0.0147495	0.613613
1399430409960701942	-0.016732	0.0149672	0.613509
1399430410038639441	-0.0167006	0.0150274	0.613983
1399430410060633867	-0.0166433	0.015163	0.613628
1399430410090658023	-0.0166448	0.0152981	0.614131
1399430410112642386	-0.0165848	0.015373	0.613869
1399430410150624450	-0.0166	0.0155857	0.614219
1399430410194630165	-0.0165579	0.0156426	0.614151
1399430410294590370	-0.0165041	0.0158178	0.614242
1399430410334540569	-0.0164524	0.0159218	0.614435
1399430410352558255	-0.016421	0.015984	0.614245
1399430410374500018	-0.0163628	0.016204	0.61462
1399430410433503374	-0.0163817	0.0162039	0.6144
1399430410449456033	-0.01635	0.0164148	0.614659
1399430410515512583	-0.0163624	0.0164213	0.614531
1399430410557422449	-0.0162856	0.0165819	0.614905
1399430410575419317	-0.0162586	0.0166615	0.614738
1399430410610433021	-0.0162137	0.0167866	0.615135
1399430410640375320	-0.0161811	0.0167916	0.614905
1399430410680384962	-0.0161502	0.0169967	0.615217
1399430410747451347	-0.0160836	0.017068	0.615411
1399430410821433089	-0.016038	0.0171683	0.615323
1399430410837430060	-0.016045	0.0171377	0.61527
1399430410854463144	-0.0160253	0.0173545	0.615476
1399430410925360314	-0.0159619	0.0173599	0.615399
1399430410942312009	-0.0159591	0.0175892	0.615619
1399430410995279672	-0.0158649	0.0175735	0.615553
1399430411011261425	-0.0158255	0.0177846	0.615752
1399430411081238053	-0.0157401	0.0177792	0.615664
1399430411098209665	-0.0157204	0.017982	0.615918
1399430411115193650	-0.01569	0.0180024	0.615892
1399430411227495863	-0.0156759	0.0182034	0.616141
1399430411245134456	-0.0156243	0.0182224	0.616106
1399430411262109840	-0.0156036	0.018403	0.616328
1399430411295092073	-0.0155466	0.0184956	0.616279
1399430411329124703	-0.0155128	0.0185762	0.616439
1399430411370072058	-0.0154405	0.0187065	0.616474
1399430411423053997	-0.0154681	0.0187214	0.616616
1399430411440050107	-0.0153158	0.0188944	0.616648
1399430411519036566	-0.0153732	0.0189023	0.616783
1399430411535952433	-0.0152325	0.0190455	0.616863
1399430411604949511	-0.0152869	0.0191194	0.616894
1399430411651950393	-0.0151947	0.0191729	0.616974
1399430411677891878	-0.0151268	0.0194455	0.617134
1399430411762955187	-0.0150873	0.0194911	0.617215
1399430411779913829	-0.0150353	0.0196832	0.61743
1399430411866967024	-0.0150227	0.0196956	0.617476
1399430411907817057	-0.0150089	0.0198167	0.61757
1399430411924764156	-0.0149141	0.0198726	0.61768
1399430411947832734	-0.0148813	0.0199719	0.61783
1399430411963753134	-0.0148101	0.0199838	0.61784
1399430412088432752	-0.0148249	0.0201367	0.618022
1399430412184918282	-0.0147491	0.0201751	0.618043
1399430412200786540	-0.0147011	0.0202537	0.61777
1399430412217767985	-0.0152846	0.0201505	0.618672
1399430412290794353	-0.0158389	0.0202571	0.618074
1399430412307645401	-0.0157764	0.0203102	0.618997
1399430412324674173	-0.0155051	0.0202189	0.620258
1399430412424713939	-0.0151515	0.0203219	0.621106
1399430412440665100	-0.0145063	0.020429	0.622197
1399430412485692116	-0.0138386	0.0204583	0.622879
1399430412507507154	-0.013703	0.0201878	0.623752
1399430412523541678	-0.0132902	0.0203893	0.624576
1399430412618610939	-0.0123206	0.0202522	0.625213
1399430412635531915	-0.0119197	0.0200193	0.62598
1399430412651451451	-0.0121835	0.020125	0.626389
1399430412725428731	-0.0120265	0.0202802	0.626999
1399430412741340248	-0.0115408	0.020092	0.627094
1399430412758410061	-0.0111578	0.0202698	0.627607
1399430412855310217	-0.0106796	0.0199753	0.628122
1399430412871384932	-0.00935353	0.0196526	0.628702
1399430412942240233	-0.00618243	0.0177227	0.629175
1399430412959308268	-0.00451125	0.0148843	0.629477
1399430412975289531	-0.00335588	0.00946412	0.628533
1399430413074310008	-0.00155843	0.00326338	0.627406
1399430413145203547	0.00208254	-0.00130248	0.626429
1399430413162262540	0.00454505	-0.00546285	0.624898
1399430413178186906	0.00487275	-0.0122178	0.622749
1399430413216198417	0.00385552	-0.0191455	0.620431
1399430413232190724	0.00430328	-0.0240569	0.618692
1399430413273160194	0.00430887	-0.0265961	0.617343
1399430413290143609	0.00187848	-0.0292565	0.616605
1399430413362259225	-0.00123252	-0.029161	0.615701
1399430413385169284	-0.00221481	-0.0260068	0.615511
1399430413401212349	-0.0035029	-0.0234189	0.615581
1399430413502553771	-0.00956333	-0.0244377	0.615702
1399430413576297411	-0.0188369	-0.028093	0.616087
1399430413592120447	-0.0263427	-0.029388	0.616309
1399430413609116502	-0.0267975	-0.0263186	0.61601
1399430413682022974	-0.0237039	-0.021489	0.616219
1399430413698966028	-0.0242847	-0.0161287	0.616191
1399430413793001251	-0.0281948	-0.0103852	0.616112
1399430413808943737	-0.0292468	-0.00706966	0.616204
1399430413826370825	-0.0281002	-0.000624785	0.615977
1399430413901008310	-0.0281207	0.0134513	0.615331
1399430413916933788	-0.0293914	0.0273842	0.614378
1399430413984930901	-0.0291764	0.0384212	0.613474
1399430414014947580	-0.0337771	0.0578042	0.613063
1399430414031948164	-0.0380978	0.0660994	0.612813
1399430414105955942	-0.0381013	0.0718181	0.612446
1399430414122879244	-0.0333986	0.0745368	0.611728
1399430414220003403	-0.0227736	0.0765227	0.609472
1399430414236757185	-0.0227944	0.0784221	0.607442
1399430414252696360	-0.0258841	0.0811888	0.605237
1399430414322763118	-0.0285648	0.0837958	0.603408
1399430414362685554	-0.0273826	0.0809176	0.602734
1399430414433769748	-0.0241132	0.0732393	0.602977
1399430414450746205	-0.0196581	0.0641601	0.603348
1399430414466706766	-0.0170527	0.0555806	0.603807
1399430414512298931	-0.0163216	0.0502774	0.604395
1399430414528732663	-0.0128228	0.0451785	0.605005
1399430414572669298	-0.00647026	0.0396709	0.605471
1399430414643603134	-0.00222636	0.033388	0.605471
1399430414659543142	-0.00079104	0.0218303	0.604923
1399430414676430990	0.000598641	0.0081172	0.604994
1399430414750650452	0.000254785	-0.000934696	0.605216
1399430414790626922	0.000567905	-0.00353128	0.605623
1399430414861636368	0.00476752	-0.00180816	0.606398
1399430414878505014	0.0105425	0.0016723	0.607002
1399430414894580421	0.013236	0.00492045	0.60767
1399430415010419921	-0.00296286	0.000329601	0.611404
1399430415081438120	-0.0070842	-0.00476552	0.612736
1399430415098385541	-0.00884647	-0.00696227	0.613613
1399430415114366237	-0.00579013	-0.00456539	0.613645
1399430415188364818	-0.00248535	-0.000621492	0.612486
1399430415284354192	-0.00218118	0.00105526	0.611017
1399430415301347437	-0.00574534	-0.000178002	0.609389
1399430415317268432	-0.0112376	-0.000769896	0.608121
1399430415391105352	-0.0169439	0.000880163	0.607215
1399430415408104610	-0.0204506	0.00474401	0.606772
1399430415424207851	-0.0195013	0.00976628	0.607038
1399430415524194525	-0.0154616	0.014778	0.608078
1399430415543140311	-0.0135818	0.0187125	0.609576
1399430415614112400	-0.0162796	0.0233618	0.610714
1399430415630128944	-0.0205043	0.0270023	0.611044
1399430415647114000	-0.0242368	0.0277356	0.610682
1399430415748057605	-0.0257392	0.0268879	0.609313
1399430415817060817	-0.0226845	0.0274986	0.607512
1399430415833104741	-0.017629	0.0317348	0.605505
1399430415850009151	-0.0139274	0.0394017	0.603915
1399430415891281652	-0.0116085	0.0475124	0.603023
1399430415908009057	-0.0111714	0.0526453	0.602232
1399430415947987034	-0.0122693	0.0534301	0.601915
1399430415963887088	-0.0137215	0.0522267	0.601944
1399430416036990543	-0.0146316	0.0513603	0.601943
1399430416053003567	-0.0127967	0.0495908	0.601744
1399430416069947202	-0.00991364	0.0492863	0.601157
1399430416165864312	-0.00859877	0.0519238	0.600423
1399430416181840202	-0.00913873	0.0555664	0.599882
1399430416254898459	-0.0104101	0.0558942	0.599098
1399430416270847654	-0.0117528	0.0528469	0.598846
1399430416287887826	-0.0122472	0.0491902	0.598524
1399430416328822659	-0.00951573	0.0456419	0.598776
1399430416373784739	-0.00425404	0.0406023	0.599278
1399430416390805974	-0.000150439	0.033507	0.59965
1399430416459827745	0.00127935	0.0264456	0.59995
1399430416478730885	0.000448807	0.0209562	0.600297
1399430416498770884	0.000639582	0.0180609	0.600974
1399430416594600689	0.00294328	0.0168851	0.601909
1399430416611592109	0.00443021	0.0155875	0.60269
1399430416682617195	0.00439301	0.0132422	0.603307
1399430416698619695	0.0054676	0.0103668	0.603855
1399430416715600735	0.0075247	0.0084696	0.604884
1399430416756705222	0.00784235	0.00814064	0.606214
1399430416801625370	0.00692843	0.00904332	0.607331
1399430416817582687	0.00742654	0.00858586	0.608251
1399430416886621510	0.0105032	0.0050596	0.608936
1399430416903550729	0.0123403	0.00137132	0.609144
1399430416920428831	0.0125436	0.00300937	0.609694
1399430417016393010	0.0139232	0.00935552	0.610575
1399430417033428264	0.0154526	0.0139885	0.612395
1399430417104482023	0.0146651	0.0125195	0.614515
1399430417121425505	0.00995258	0.00811868	0.616356
1399430417137532651	0.00259917	0.00630678	0.617614
1399430417211333176	-0.00671577	0.00931207	0.618387
1399430417252333413	-0.0157304	0.0145386	0.618377
1399430417322344792	-0.0216119	0.0204331	0.617255
1399430417339294070	-0.0246812	0.0264596	0.615755
1399430417355348046	-0.0268077	0.0336861	0.614363
1399430417429319262	-0.0289442	0.0420338	0.613021
1399430417525262324	-0.0310035	0.0502907	0.612327
1399430417545232846	-0.0333482	0.055092	0.612338
1399430417564227069	-0.0352047	0.0539858	0.612933
1399430417636275659	-0.0368129	0.0498971	0.613799
1399430417653255419	-0.0369342	0.0482078	0.614744
1399430417670184443	-0.0361667	0.0484542	0.615383
1399430417760086692	-0.0363023	0.0491228	0.615568
1399430417777101445	-0.0368252	0.0476791	0.615456
1399430417849137758	-0.0374302	0.0435344	0.615315
1399430417865202880	-0.0378933	0.0368222	0.615013
1399430417882083379	-0.0342538	0.0324151	0.61501
1399430417978933257	-0.0225249	0.0350557	0.615309
1399430417996024759	-0.00747578	0.0415704	0.615863
1399430418066159630	0.00237042	0.0439666	0.615979
1399430418083028250	0.00258374	0.038885	0.614678
1399430418098976021	-0.00174162	0.031374	0.612939
1399430418140913185	-0.00360767	0.0293425	0.611455
1399430418185930845	0.000729922	0.0328078	0.610934
1399430418202896646	0.00937773	0.0358414	0.611051
1399430418272929546	0.0180326	0.0359611	0.611301
1399430418289870239	0.021161	0.0343955	0.611964
1399430418306012932	0.019136	0.031776	0.612618
1399430418402838167	0.0168803	0.0281899	0.613232
1399430418419759512	0.0177107	0.0256867	0.614065
1399430418491657824	0.0196231	0.0246993	0.614693
1399430418508654042	0.0198596	0.0244863	0.615453
1399430418524633007	0.0157152	0.0252409	0.616379
1399430418603589372	0.00969735	0.0264522	0.617668
1399430418699635645	0.00427357	0.0262582	0.61898
1399430418716620480	-0.00149205	0.0238088	0.62037
1399430418732566754	-0.00876712	0.0213713	0.621394
1399430418805722137	-0.0148604	0.0201294	0.621965
1399430418822662364	-0.0203107	0.0213331	0.622296
1399430418917431273	-0.0261069	0.0244536	0.622607
1399430418934575276	-0.0328375	0.0273202	0.623193
1399430418950534507	-0.0399442	0.0292592	0.62453
1399430419024522367	-0.04472	0.0305618	0.625915
1399430419040547504	-0.0460189	0.030855	0.627228
1399430419057559491	-0.0442175	0.0303121	0.628056
1399430419154563868	-0.040314	0.0312668	0.628191
1399430419170439937	-0.0339081	0.0366925	0.628247
1399430419242402460	-0.0286954	0.0436484	0.628313
1399430419259384362	-0.026102	0.0485404	0.628676
1399430419275274956	-0.0235403	0.0499254	0.629034
1399430419375390570	-0.0199051	0.0483796	0.628662
1399430419445380997	-0.0154006	0.0454202	0.628292
1399430419461247929	-0.0118867	0.0430141	0.627679
1399430419478308182	-0.0107686	0.0423689	0.627089
1399430419519355686	-0.0120674	0.0440344	0.626506
1399430419536379403	-0.0141843	0.0475644	0.62585
1399430419576203178	-0.0122297	0.0503393	0.625159
1399430419592084463	-0.00500397	0.0491132	0.623924
1399430419670219872	0.00380499	0.0473737	0.621927
1399430419686200605	0.00854885	0.0455587	0.619349
1399430419703206996	0.00709192	0.0412307	0.616752
1399430419802147481	0.00500948	0.0353899	0.614021
1399430419873218628	0.00839203	0.0291829	0.610439
1399430419890137687	0.015776	0.0228992	0.606873
1399430419906119541	0.0224921	0.0168986	0.603846
1399430419982114194	0.0252476	0.0114143	0.601003
1399430419999031510	0.0267355	0.00714423	0.598529
1399430420094033546	0.0298071	0.00449734	0.596345
1399430420110008797	0.0321386	0.00255966	0.594109
1399430420127280374	0.0316105	0.000295494	0.59181
1399430420201049794	0.0290727	-0.00189551	0.589747
1399430420218978461	0.0270785	-0.00273674	0.587882
1399430420307927697	0.0265768	-0.00303952	0.585859
1399430420323994482	0.0268536	-0.0049383	0.58365
1399430420340992956	0.026737	-0.00788057	0.581516
1399430420409984526	0.0224137	-0.008628	0.579486
1399430420426013034	0.0102589	-0.00432675	0.578282
1399430420442990202	-0.00527118	0.0037737	0.57734
1399430420538747764	-0.0175384	0.01461	0.577253
1399430420555734268	-0.0244522	0.0256319	0.577558
1399430420627677694	-0.0287989	0.0340462	0.578012
1399430420644696041	-0.0349006	0.040008	0.57901
1399430420660700254	-0.0420948	0.04388	0.580616
1399430420746806511	-0.0466353	0.050312	0.584877
1399430420762828544	-0.0461942	0.0525241	0.587575
1399430420836617336	-0.0460315	0.0535025	0.590949
1399430420853606237	-0.0462782	0.0545487	0.594643
1399430420869530043	-0.0466111	0.0565318	0.598303
1399430420966743396	-0.0453274	0.0578241	0.602176
1399430420983634830	-0.0443631	0.0566363	0.605935
1399430421054515589	-0.0448204	0.0536999	0.609335
1399430421071478291	-0.0441205	0.050946	0.611998
1399430421087498185	-0.042524	0.0497135	0.613858
1399430421184473149	-0.0419776	0.0511361	0.615088
1399430421201596172	-0.0429147	0.0540891	0.61546
1399430421271400303	-0.0431725	0.055442	0.615421
1399430421288405359	-0.0396695	0.0543298	0.614797
1399430421304362948	-0.0332138	0.053125	0.613948
1399430421345466296	-0.026476	0.0530662	0.613369
1399430421391449466	-0.0205452	0.0523631	0.612856
1399430421407472097	-0.0157503	0.051616	0.612906
1399430421476444327	-0.0110589	0.0510364	0.613056
1399430421493433058	-0.00539784	0.0506436	0.613744
1399430421510412034	0.00148613	0.0503132	0.615156
1399430421590371110	0.0069846	0.0499169	0.617034
1399430421606363676	0.00617953	0.0465736	0.619412
1399430421623327717	0.0021184	0.0417348	0.622017
1399430421701386058	-0.00113192	0.0377458	0.624692
1399430421717297615	-0.00308895	0.0354117	0.626911
1399430421734262448	-0.0018188	0.0347607	0.628575
1399430421815272756	-0.000362157	0.0388713	0.631197
1399430421832241969	-0.00473653	0.033624	0.632588
1399430421906056794	-0.00948569	0.0227953	0.634836
1399430421923079639	-0.011988	0.0127217	0.637883
1399430422018061849	-0.0133633	0.0083097	0.641096
1399430422034073120	-0.0135865	0.00894816	0.644406
1399430422050964263	-0.0110325	0.00931904	0.648082
1399430422125239286	-0.00690088	0.0057837	0.651314
1399430422141911773	-0.00377707	-0.000504529	0.653589
1399430422157977449	-0.00292191	-0.00576326	0.655378
1399430422255927339	-0.00397024	-0.0070034	0.657171
1399430422272853257	-0.00479931	-0.00273124	0.659508
1399430422343026025	-0.00477472	0.00691304	0.662597
1399430422358960671	-0.00489113	0.0180826	0.66588
1399430422376122803	-0.00526135	0.0272224	0.669257
1399430422457835282	0.00044008	0.0357778	0.674365
1399430422473918205	0.00806046	0.0387621	0.675961
1399430422548945390	0.0147002	0.0423862	0.677061
1399430422564910751	0.0187515	0.0477021	0.677738
1399430422581855629	0.0216702	0.0546501	0.67781
1399430422683811794	0.0218467	0.0590335	0.677154
1399430422700796963	0.0187819	0.0570984	0.675266
1399430422770829793	0.0159182	0.050212	0.672127
1399430422787751528	0.0151758	0.0430586	0.668224
1399430422803755954	0.0141241	0.0384633	0.663637
1399430422902708174	-0.00340595	0.0348749	0.650238
1399430422976691406	-0.0129127	0.029374	0.645921
1399430422993696612	-0.0207503	0.0214481	0.641399
1399430423009657677	-0.0253395	0.0148962	0.637043
1399430423107631778	-0.0283182	0.0128709	0.63351
1399430423123615555	-0.029697	0.0149332	0.630317
1399430423194645190	-0.0286763	0.0185725	0.627778
1399430423211641977	-0.0281411	0.0201314	0.625086
1399430423228530681	-0.0294522	0.0172883	0.622307
1399430423324471742	-0.0323624	0.0093775	0.619649
1399430423341514341	-0.0342706	0.0015332	0.617429
1399430423412960078	-0.0337341	0.000243872	0.615782
1399430423428444582	-0.032043	0.00379767	0.613778
1399430423444490413	-0.0290895	0.00727593	0.611944
1399430423486479039	-0.025464	0.00920914	0.610765
1399430423532363600	-0.0217425	0.0103478	0.610043
1399430423548442664	-0.0183379	0.0120889	0.609983
1399430423620475533	-0.0148394	0.0158128	0.61035
1399430423640411880	-0.00992373	0.0230439	0.611059
1399430423656389683	-0.00474184	0.0312341	0.612016
1399430423720396917	-0.00145628	0.0375639	0.612744
1399430423751218611	0.000192254	0.0445389	0.613803
1399430423768329523	0.000554123	0.0465476	0.613378
1399430423842360960	0.000668785	0.0488685	0.612552
1399430423859335740	0.00224776	0.050956	0.611451
1399430423923302977	0.00494819	0.0517623	0.610632
1399430423954286694	0.00836367	0.0602834	0.606359
1399430423971254648	0.00622495	0.0672381	0.602735
1399430424045271670	0.00329396	0.0718574	0.599423
1399430424085226946	0.00178636	0.0747485	0.597155
1399430424155195370	0.00269504	0.074778	0.595418
1399430424172165913	0.00712938	0.0703546	0.593961
1399430424188156572	0.0125776	0.062576	0.593027
1399430424262119589	0.0175571	0.055222	0.592418
1399430424279048110	0.0232751	0.0505493	0.591702
1399430424374083135	0.026967	0.0484801	0.591709
1399430424390065087	0.0245344	0.0470212	0.592473
1399430424406244675	0.0169482	0.0426886	0.59384
1399430424480018339	0.00701805	0.0348464	0.595617
1399430424496039844	-0.00384031	0.0269071	0.598789
1399430424597986703	-0.0129794	0.0193692	0.602756
1399430424616999571	-0.0189423	0.0138893	0.607313
1399430424653909636	-0.0260496	0.0147156	0.612461
1399430424670874041	-0.0374122	0.0182505	0.618072
1399430424705942915	-0.0624039	0.0183586	0.632528
1399430424795017215	-0.0635366	0.0155146	0.640748
1399430424810813291	-0.0572765	0.0139586	0.649156
1399430424827921824	-0.0484161	0.0141035	0.656834
1399430424900861398	-0.0389645	0.0160165	0.663629
1399430424917953136	-0.0316872	0.0181555	0.669906
1399430425011752135	-0.0273613	0.0186079	0.675704
1399430425028667280	-0.0264271	0.0196768	0.68064
1399430425045683490	-0.0260006	0.0222773	0.684766
1399430425118663540	-0.0225684	0.0262239	0.688452
1399430425135636310	-0.0169867	0.0324572	0.691244
1399430425152629699	-0.0104395	0.0403165	0.693574
1399430425248763697	-0.00398839	0.0453131	0.695807
1399430425265719032	0.000157107	0.0472454	0.697806
1399430425336718018	0.00232258	0.0485794	0.698871
1399430425353646442	0.0035892	0.0498534	0.698876
1399430425369543577	0.0041643	0.051524	0.697766
1399430425451613745	0.00509868	0.0556472	0.692956
1399430425467539036	0.00815684	0.0555258	0.690116
1399430425545536425	0.012824	0.0527045	0.686572
1399430425564530184	0.0164505	0.0474347	0.682555
1399430425581596158	0.0188077	0.0408468	0.67797
1399430425677522308	0.0194994	0.0349633	0.672725
1399430425694481642	0.0182924	0.0294825	0.667159
1399430425765400043	0.0176487	0.0233236	0.661593
1399430425782489652	0.0181987	0.0183136	0.65653
1399430425798408553	0.0173088	0.0155791	0.652294
1399430425898411792	0.0124155	0.014429	0.648337
1399430425968365806	0.00603807	0.0127148	0.645111
1399430425984336932	-0.000500375	0.00810402	0.641635
1399430426001343667	-0.00744535	0.00204334	0.637892
1399430426074362875	-0.0133116	-0.00101008	0.634246
1399430426092252998	-0.0170948	-0.000295257	0.630794
1399430426187288721	-0.020685	0.00393522	0.628369
1399430426203249930	-0.0288138	0.00876024	0.627274
1399430426219216992	-0.0407988	0.0114244	0.627425
1399430426294229915	-0.049563	0.0121262	0.628356
1399430426311158683	-0.0515754	0.0140056	0.629529
1399430426404129372	-0.0467589	0.0164854	0.631333
1399430426421141768	-0.039506	0.0190936	0.633464
1399430426437115739	-0.0336528	0.0236747	0.635351
1399430426512083469	-0.0316476	0.0308352	0.636925
1399430426527997559	-0.0315793	0.0386789	0.637996
1399430426545091425	-0.0273622	0.0451413	0.639048
1399430426645088772	-0.0202365	0.0488943	0.639342
1399430426686806669	-0.0151841	0.0507874	0.639578
1399430426702946519	-0.0139584	0.0540072	0.639412
1399430426738810772	-0.0217352	0.0661294	0.638891
1399430426842933400	-0.0228023	0.069475	0.63962
1399430426858909643	-0.018725	0.0638919	0.641072
1399430426899959540	-0.0148874	0.0544576	0.643355
1399430426916725587	-0.0119384	0.0437047	0.645026
1399430426974806415	-0.00329861	0.031966	0.649271
1399430427046788540	0.00224148	0.031181	0.653055
1399430427062615529	0.00772357	0.0292791	0.657993
1399430427079652899	0.0143882	0.0250052	0.663498
1399430427152672481	0.0228503	0.0193727	0.669559
1399430427192607188	0.0309172	0.0130732	0.676219
1399430427263645096	0.0362527	0.00750919	0.682593
1399430427279892175	0.0392956	0.00466694	0.688463
1399430427296619023	0.0409873	0.00421789	0.694025
1399430427370589282	0.0419319	0.0067049	0.699202
1399430427386549586	0.042964	0.0132832	0.704055
1399430427487643671	0.0434281	0.0242981	0.708734
1399430427503649828	0.0388573	0.0372229	0.712974
1399430427572645638	0.0320964	0.0458294	0.717081
1399430427592385411	0.02678	0.0463635	0.720637
1399430427611455812	0.0242832	0.0429812	0.723621
1399430427674425720	0.0222007	0.0411294	0.725935
1399430427706452799	0.0149897	0.0497258	0.729032
1399430427722729413	0.00994911	0.0526836	0.728414
1399430427793364396	0.0038829	0.0479402	0.726907
1399430427810335448	-0.000571518	0.0393504	0.724465
1399430427904419216	-0.00710373	0.0301466	0.721011
1399430427920479312	-0.0185091	0.0238469	0.717188
1399430427937371865	-0.0335739	0.0182239	0.713303
1399430428010387064	-0.0481445	0.0122867	0.709407
1399430428027389092	-0.0575134	0.00779909	0.705387
1399430428128211183	-0.0594722	0.00928653	0.698295
1399430428145110190	-0.058062	0.0104268	0.695755
1399430428215151508	-0.0548462	0.0119194	0.691124
1399430428231236973	-0.0521305	0.0116307	0.68721
1399430428248161710	-0.0506105	0.00851957	0.684318
1399430428323149453	-0.0501238	0.00341744	0.682681
1399430428363179640	-0.0484566	0.000783389	0.682262
1399430428434173163	-0.0434465	0.00613642	0.681599
1399430428451091415	-0.036623	0.0150738	0.681193
1399430428467057467	-0.0310465	0.0196644	0.680827
1399430428541319268	-0.0284774	0.0179395	0.680584
1399430428581876849	-0.0253607	0.0143187	0.680139
1399430428654966801	-0.0194359	0.0122154	0.6794
1399430428673988356	-0.0110808	0.0144662	0.678659
1399430428747923413	-0.00158966	0.0192605	0.678085
1399430428764908101	0.00825483	0.0250716	0.677323
1399430428780831826	0.018239	0.0307993	0.676826
1399430428877784941	0.0291006	0.03133	0.676225
1399430428894791763	0.0378458	0.0252282	0.675986
1399430428964770894	0.0417557	0.0176046	0.676493
1399430428987874492	0.0429508	0.0130643	0.678528
1399430429003747571	0.0440319	0.0139384	0.682083
1399430429104643944	0.0458682	0.0192931	0.686561
1399430429174734811	0.0478212	0.0257845	0.691628
1399430429191638578	0.047555	0.0279243	0.696031
1399430429207664122	0.0431347	0.0245803	0.700107
1399430429284614880	0.021821	0.0226415	0.709824
1399430429324576467	0.0112607	0.0254649	0.715603
1399430429395534715	0.00657657	0.0279113	0.721955
1399430429411520635	0.00651572	0.0287453	0.72867
1399430429428528719	0.00617124	0.0277582	0.735964
1399430429502531156	0.00421243	0.027597	0.743628
1399430429542703494	0.000876803	0.0286897	0.751685
1399430429614612124	-0.00365335	0.0295624	0.760247
1399430429630554872	-0.00857566	0.0295339	0.768875
1399430429646513432	-0.0116241	0.029308	0.777764
1399430429724407824	-0.00885028	0.0303692	0.786535
1399430429743336532	-0.00202475	0.0331241	0.794984
1399430429838362233	0.00472559	0.0356402	0.802281
1399430429855349620	0.00930096	0.0374617	0.807913
1399430429924361950	0.00959303	0.038487	0.811589
1399430429940341700	0.0014736	0.0376436	0.81354
1399430429957274057	-0.0117398	0.0362503	0.813575
1399430430053226394	-0.0202913	0.0377708	0.812205
1399430430069275733	-0.0195993	0.040254	0.809412
1399430430141616756	-0.0130318	0.0404993	0.806635
1399430430158262152	-0.00647687	0.037033	0.802851
1399430430175256806	-0.00166963	0.0300391	0.796231
1399430430272198867	-0.00248235	0.0257936	0.789693
1399430430288165060	8.28297e-05	0.0282886	0.784992
1399430430359070337	-3.95482e-05	0.0341625	0.781329
1399430430376073079	-0.00616715	0.0369684	0.779673
1399430430477044965	-0.0187713	0.0286806	0.780343
1399430430492986521	-0.026995	0.0193642	0.782324
1399430430562041016	-0.0227287	0.0142181	0.784356
1399430430579062518	-0.0128203	0.01239	0.787362
1399430430676943420	-0.00859648	0.0154856	0.790927
1399430430696037135	-0.00399601	0.0158852	0.793863
1399430430711868531	0.00212184	0.0122893	0.794846
1399430430784888547	0.00532054	0.00671023	0.794624
1399430430881007447	0.0073632	0.00287552	0.793497
1399430430897847204	0.0143257	0.00486905	0.790686
1399430430913813862	0.0203125	0.0116582	0.786596
1399430430955980189	0.0185489	0.017026	0.782153
1399430430999904489	0.0156061	0.0219483	0.778218
1399430431016788626	0.0186663	0.0297717	0.774618
1399430431032929582	0.0191995	0.0414815	0.771705
1399430431106918568	0.0152884	0.0550934	0.770363
1399430431202784733	0.00951267	0.0660309	0.769815
1399430431218740352	0.00273322	0.0732433	0.770175
1399430431235733132	-0.00467377	0.0764984	0.77042
1399430431284878730	-0.0105545	0.0754458	0.770543
1399430431335794085	-0.0167545	0.0693421	0.770792
1399430431433758809	-0.0165179	0.0580843	0.770584
1399430431449783465	-0.0123318	0.0517996	0.769544
1399430431491821089	-0.0115742	0.0501992	0.767509
1399430431644746196	-0.0197922	0.0388412	0.764069
1399430431661593036	-0.0222363	0.031936	0.762132
1399430431736573069	-0.0235037	0.0257349	0.759907
1399430431752611892	-0.0238663	0.0217734	0.758215
1399430431769581913	-0.0260388	0.0178024	0.757205
1399430431866540611	-0.0309231	0.0124152	0.756491
1399430431883567147	-0.035413	0.00812691	0.755979
1399430431954533930	-0.03681	0.00590059	0.756172
1399430431971571386	-0.0347342	0.00484192	0.757297
1399430431988506749	-0.0308263	0.00500615	0.75905
1399430432085490232	-0.0295786	0.00640696	0.761084
1399430432101456997	-0.032986	0.00783635	0.763016
1399430432173497828	-0.0371514	0.00922809	0.765197
1399430432189494986	-0.0378586	0.0101043	0.76795
1399430432206220510	-0.0353593	0.00951328	0.77094
1399430432243393065	-0.0316386	0.00780033	0.77407
1399430432290344928	-0.0300176	0.00370471	0.77709
1399430432306360815	-0.032231	-0.000346106	0.78009
1399430432375586687	-0.032534	0.000231616	0.783474
1399430432395308145	-0.0278729	0.00553575	0.786763
1399430432414321321	-0.019864	0.0125855	0.789766
1399430432477365910	-0.0119244	0.0183507	0.793049
1399430432510206739	-0.00175328	0.0261349	0.799028
1399430432601298846	0.00175515	0.0336384	0.801825
1399430432616332685	0.00506306	0.0431372	0.804225
1399430432633216145	0.00927544	0.0518362	0.805899
1399430432733230468	0.0131324	0.0564171	0.806822
1399430432804030662	0.0149149	0.0570221	0.807259
1399430432821048816	0.0146123	0.0555613	0.807342
1399430432837096309	0.0123074	0.0539824	0.807687
1399430432913015623	0.00948556	0.0531984	0.808679
1399430432954727774	0.00766003	0.0533096	0.810295
1399430433024912394	0.00671343	0.0543559	0.812464
1399430433041924990	0.00643567	0.0544916	0.814948
1399430433057853834	0.00678472	0.0528494	0.817652
1399430433131889593	0.00801363	0.0481537	0.820396
1399430433148873802	0.00990714	0.0417038	0.82354
1399430433242818904	0.0120758	0.0361773	0.826988
1399430433259798429	0.014405	0.0316018	0.830681
1399430433275856807	0.0149152	0.0274036	0.833832
1399430433349913109	0.0128383	0.0209017	0.836243
1399430433365777602	0.00777009	0.0135492	0.83844
1399430433467677119	0.00281657	0.00707756	0.841076
1399430433484802981	-0.000491788	0.00249147	0.844368
1399430433559733703	-0.00156931	0.0025477	0.847554
1399430433576642524	0.000400756	0.00694411	0.850358
1399430433593694980	0.00302976	0.0123346	0.853158
1399430433668662814	0.00456948	0.0161671	0.856008
1399430433708599861	0.00455255	0.0179103	0.858512
1399430433779544009	0.00420648	0.0167227	0.860441
1399430433795528078	0.00395984	0.0121336	0.862001
1399430433812538658	0.00280641	0.00706925	0.862684
1399430433885635394	-0.000715567	0.00463266	0.863001
1399430433982593570	-0.0064296	0.00540953	0.863449
1399430433998694559	-0.0117726	0.00704435	0.864043
1399430434014440545	-0.0139142	0.00737011	0.865091
1399430434088524423	-0.0128152	0.00621522	0.866003
1399430434106174401	-0.0106813	0.00732314	0.866576
1399430434121602378	-0.0100993	0.0107596	0.866588
1399430434218696488	-0.0116375	0.0163227	0.865809
1399430434234573350	-0.013977	0.023079	0.865178
1399430434305486685	-0.0173351	0.0289808	0.864962
1399430434322467551	-0.0214461	0.0352226	0.865073
1399430434339458351	-0.0247897	0.0420956	0.865032
1399430434435411524	-0.0250472	0.0491786	0.864523
1399430434452399171	-0.0239544	0.0543883	0.863913
1399430434523392949	-0.0236014	0.055988	0.863183
1399430434539343564	-0.023418	0.0553664	0.862792
1399430434556353843	-0.0223708	0.0561696	0.863087
1399430434636352141	-0.0216491	0.0588286	0.863631
1399430434733295563	-0.0207153	0.0616895	0.863833
1399430434749335449	-0.0197313	0.0628749	0.863684
1399430434765452351	-0.0174759	0.0583577	0.863088
1399430434839232121	-0.0142877	0.0480303	0.862644
1399430434856167718	-0.0122691	0.0355554	0.862288
1399430434914120761	-0.0123033	0.024019	0.861993
1399430434930187193	-0.0152657	0.0157879	0.861946
1399430434950027384	-0.0199491	0.0116862	0.862653
1399430434967108603	-0.0222819	0.010909	0.864315
1399430434983045486	-0.0203182	0.0141969	0.866949
1399430435060006212	-0.0145024	0.020843	0.87049
1399430435156208173	-0.00831852	0.0271559	0.874549
1399430435172027270	-0.00302452	0.030656	0.878552
1399430435189053619	0.00187341	0.0294242	0.882686
1399430435262095736	0.00603946	0.0267628	0.886758
1399430435278964899	0.00849624	0.0235909	0.890002
1399430435373956238	0.00854493	0.0193135	0.892655
1399430435391293884	0.00652746	0.0147291	0.895258
1399430435406889411	0.00212567	0.0119254	0.898024
1399430435479827774	-0.00372094	0.0111579	0.900398
1399430435496925991	-0.00726579	0.0100525	0.903038
1399430435513744190	-0.0082729	0.00655107	0.905775
1399430435610791683	-0.00804885	0.000965866	0.908227
1399430435626725728	-0.00773627	-0.00415102	0.910457
1399430435704678920	-0.00665906	-0.00669882	0.912491
1399430435720683803	-0.00462949	-0.0083439	0.914383
1399430435796706735	-0.00214649	-0.0106944	0.916212
1399430435940758470	0.00191278	0.004415	0.921142
1399430435982727727	0.00603119	0.0128372	0.920477
1399430435998709990	0.0094363	0.0186958	0.919181
1399430436038659647	0.008334	0.0192693	0.917701
1399430436054709786	0.0045145	0.0179995	0.916177
1399430436127659925	0.00108385	0.0205257	0.915269
1399430436144631634	-0.001208	0.0274302	0.915306
1399430436160574177	-0.000212985	0.0342415	0.916294
1399430436259633939	0.0028167	0.0363303	0.918073
1399430436330608781	0.00526025	0.034752	0.919832
1399430436347690604	0.00642042	0.0323353	0.921661
1399430436363511076	0.00695903	0.0313256	0.923632
1399430436437495495	0.00727976	0.0338408	0.925748
1399430436454451615	0.0073671	0.0385098	0.92787
1399430436548382627	0.00997964	0.0430865	0.929754
1399430436565385391	0.0144717	0.0454158	0.930507
1399430436581293774	0.019513	0.0450371	0.930124
1399430436655259258	0.023311	0.0417608	0.92901
1399430436676254171	0.0234789	0.0375912	0.927024
1399430436776321912	0.0194275	0.0340291	0.923033
1399430436793253978	0.0183969	0.0333999	0.921541
1399430436864330305	0.0177584	0.033633	0.914155
1399430436881260384	0.017835	0.0324552	0.909764
1399430436897400909	0.0169215	0.0279037	0.904862
1399430436994076463	0.0142836	0.0220196	0.899852
1399430437010137079	0.00937347	0.0163748	0.894423
1399430437084146688	-0.0035387	0.00732011	0.884225
1399430437101109610	-0.0102317	0.00466518	0.877456
1399430437195111745	-0.0146018	0.000903104	0.872098
1399430437212098659	-0.0204492	-0.00474431	0.869865
1399430437228009730	-0.0239791	-0.0130452	0.870695
1399430437302039512	-0.0270422	-0.014873	0.874256
1399430437398128406	-0.0303973	-0.0065564	0.881369
1399430437413942088	-0.0271054	0.00432616	0.890724
1399430437431081476	-0.0235702	0.00436614	0.900929
1399430437505073294	-0.0263058	0.003065	0.910338
1399430437544798601	-0.0327056	0.0153326	0.918486
1399430437620825810	-0.036372	0.0319377	0.926154
1399430437636788918	-0.0335935	0.0460625	0.933749
1399430437653748781	-0.0263353	0.0544395	0.942135
1399430437752879017	-0.0183483	0.060528	0.95098
1399430437823904533	-0.00912773	0.0623581	0.959782
1399430437839847149	0.00148517	0.0608092	0.967628
1399430437856684653	0.00916283	0.052256	0.973356
1399430437953835606	0.0119574	0.0415547	0.976779
1399430437969854848	0.0109914	0.0289268	0.978848
1399430438041801740	0.0118596	0.0140663	0.979299
1399430438059766175	0.0147155	-0.000102682	0.978423
1399430438153691559	0.00898478	-0.0043524	0.976926
1399430438170637603	0.000901923	0.000246251	0.975411
1399430438249778433	-0.00417284	0.00524658	0.973815
1399430438266651616	-0.00394826	0.0013557	0.972543
1399430438326704899	-0.00732593	-0.00329736	0.971636
1399430438467683113	-0.0166811	-0.00227431	0.970618
1399430438487612044	-0.0198252	-0.00249916	0.970234
1399430438503568543	-0.0165328	-0.0063843	0.96993
1399430438599431217	-0.0161156	-0.00635573	0.969163
1399430438616502254	-0.0182825	-0.00333146	0.968797
1399430438688421104	-0.0185594	0.000340953	0.969136
1399430438704403895	-0.0184079	0.00364678	0.97049
1399430438721428150	-0.0201786	0.00742304	0.972462
1399430438822370560	-0.0244405	0.0119763	0.974779
1399430438892263981	-0.0302876	0.0166375	0.977004
1399430438908355288	-0.0359865	0.0196477	0.97882
1399430438925388523	-0.0431185	0.0199879	0.980072
1399430438998433513	-0.0502449	0.0190318	0.980931
1399430439015219907	-0.0518567	0.0171174	0.981869
1399430439110245915	-0.0469133	0.0169472	0.982641
1399430439126342242	-0.0415405	0.0201985	0.983384
1399430439143123209	-0.0402071	0.026364	0.983773
1399430439216284023	-0.0401522	0.0310253	0.98373
1399430439233249398	-0.0399729	0.032015	0.9836
1399430439327161821	-0.0375631	0.0312568	0.98326
1399430439344155627	-0.0316095	0.0291273	0.982639
1399430439360140833	-0.0243814	0.027174	0.981491
1399430439435072079	-0.0181131	0.0262387	0.980426
1399430439455089844	-0.0113472	0.0289374	0.979617
1399430439532151197	-0.00343634	0.0337949	0.979343
1399430439572027495	0.00737435	0.0390198	0.980188
1399430439643022275	0.0170584	0.0421282	0.981086
1399430439659895568	0.0204899	0.0420239	0.981047
1399430439676924142	0.0183928	0.0388362	0.980284
1399430439749962340	0.0160303	0.0349049	0.979453
1399430439893795059	0.0328705	0.0331718	0.978752
1399430439968215436	0.032462	0.0294222	0.97901
1399430439983781556	0.0278708	0.0247871	0.979399
1399430440051761614	0.0214032	0.019969	0.979984
1399430440081820442	0.0153956	0.0131586	0.982805
1399430440098797212	0.0172395	0.0126233	0.984625
1399430440175843551	0.0198435	0.0127911	0.98648
1399430440215809018	0.0173696	0.0123128	0.989219
1399430440285716357	0.0143965	0.0121622	0.990136
1399430440302609404	0.00522274	0.0121796	0.99142
1399430440318605544	-0.00603644	0.0125869	0.992104
1399430440393602536	-0.0142948	0.0132105	0.992153
1399430440410642489	-0.0177621	0.0140096	0.991428
1399430440503630455	-0.0189872	0.0154835	0.990451
1399430440523553961	-0.0210028	0.0176344	0.989375
1399430440599603716	-0.0248342	0.0216975	0.988045
1399430440616566621	-0.0309417	0.0281706	0.986352
1399430440633570016	-0.0366416	0.035413	0.984387
1399430440729416481	-0.0382646	0.0421405	0.982745
1399430440746489880	-0.0361979	0.0463294	0.981552
1399430440817358800	-0.0325272	0.0469576	0.979905
1399430440833346049	-0.0300462	0.0439171	0.977901
1399430440850313614	-0.032041	0.037617	0.976251
1399430440925374964	-0.0375204	0.0308748	0.975679
1399430440965315768	-0.0424612	0.0251907	0.975951
1399430441038344805	-0.0410993	0.0159371	0.976516
1399430441055278046	-0.0352244	0.00979277	0.976799
1399430441071289285	-0.0308185	0.00468966	0.976616
1399430441171228252	-0.0271498	0.00310105	0.976327
1399430441241494081	-0.0235677	0.00476134	0.976201
1399430441258285955	-0.0221689	0.0066838	0.976379
1399430441274254969	-0.0226498	0.00613944	0.976702
1399430441348108515	-0.0231044	0.00247125	0.97746
1399430441365075053	-0.0233514	-0.00125823	0.978757
1399430441459103999	-0.0251868	-0.00218325	0.980424
1399430441476273116	-0.0255462	-0.00137689	0.982006
1399430441492072990	-0.0220206	-0.00105019	0.98326
1399430441566181355	-0.0167655	5.00027e-05	0.985135
1399430441587095435	-0.0126548	0.000644377	0.988295
1399430441690011918	-0.00989804	-2.56225e-05	0.992423
1399430441706980171	-0.00795198	0.000953572	0.996716
1399430441774975502	-0.00618574	0.00383935	1.00122
1399430441791048240	-0.00398447	0.00636323	1.00596
1399430441807984582	-0.00142018	0.00960824	1.01069
1399430441881869158	4.57643e-07	0.0130735	1.01544
1399430441921963810	-0.000818067	0.0135727	1.02058
1399430441992873961	-0.00452629	0.0115018	1.02599
1399430442008856635	-0.0088746	0.00947251	1.03171
1399430442025782705	-0.0103107	0.00938709	1.03762
1399430442100806281	-0.0083906	0.00959771	1.04345
1399430442140823878	-0.00554249	0.008709	1.04879
1399430442212326623	-0.00375781	0.00896245	1.05363
1399430442227817713	-0.00395921	0.0130701	1.0582
1399430442243824642	-0.00603667	0.0193624	1.06276
1399430442285772834	-0.00895545	0.0236367	1.06622
1399430442301686773	-0.0122121	0.02388	1.06825
1399430442345576272	-0.0156191	0.0206668	1.06918
1399430442415703602	-0.019167	0.0162502	1.06971
1399430442432769150	-0.0221912	0.0126656	1.06947
1399430442448727109	-0.0234079	0.0114561	1.06837
1399430442523720140	-0.0228822	0.0139484	1.06686
1399430442563665071	-0.0220963	0.0170616	1.06478
1399430442634650190	-0.0208252	0.0193082	1.06265
1399430442654720117	-0.0218295	0.0197536	1.06078
1399430442673610044	-0.0255671	0.0189056	1.05906
1399430442747351127	-0.0283583	0.0213813	1.05739
1399430442762546979	-0.0283165	0.0281071	1.05593
1399430442864394392	-0.0260436	0.0343403	1.05491
1399430442880360373	-0.0216483	0.0360058	1.05407
1399430442948325534	-0.0184017	0.0338228	1.05311
1399430442964295043	-0.0178606	0.0284941	1.05219
1399430442981334877	-0.0198239	0.0238767	1.05145
1399430443079449607	-0.022632	0.0215347	1.05077
1399430443096365844	-0.0242385	0.0212876	1.05018
1399430443173406682	-0.0198813	0.0173912	1.05032
1399430443190398403	-0.0161276	0.0106159	1.05077
1399430443206436075	-0.0116745	0.0062027	1.05177
1399430443288391532	0.00322721	0.00603372	1.05507
1399430443304361925	0.0117713	0.00771137	1.05693
1399430443378875141	0.0202159	0.00935926	1.05862
1399430443395268441	0.0273071	0.0113874	1.06013
1399430443490239229	0.0318186	0.0131821	1.06129
1399430443506291025	0.0345969	0.0144185	1.06168
1399430443523220197	0.0350175	0.0151758	1.06159
1399430443597239788	0.0342514	0.0150432	1.06107
1399430443614182795	0.0335992	0.0130815	1.06013
1399430443630171002	0.0341016	0.00965534	1.05887
1399430443732082109	0.0347171	0.005689	1.05726
1399430443805077333	0.0312704	-0.000220496	1.05512
1399430443822047374	0.0230972	-0.00819069	1.05255
1399430443839074419	0.0104543	-0.0159576	1.04969
1399430443912003505	-0.00269793	-0.0188664	1.04702
1399430443951891890	-0.0139778	-0.015523	1.04469
1399430444022960645	-0.0247429	-0.00981845	1.04342
1399430444039985167	-0.0341929	-0.00622342	1.04258
1399430444055924573	-0.0404404	-0.00522247	1.04247
1399430444129728442	-0.044153	-0.00517352	1.04322
1399430444146909997	-0.047989	-0.00660721	1.04403
1399430444240885223	-0.0517021	-0.00772552	1.04504
1399430444257807646	-0.0540839	-0.00534104	1.04632
1399430444273805492	-0.0530472	6.84857e-05	1.04778
1399430444347686757	-0.0503675	0.00596753	1.04958
1399430444364744948	-0.0503921	0.010195	1.05179
1399430444464694457	-0.0509988	0.0136836	1.05432
1399430444481771920	-0.0497333	0.017503	1.05674
1399430444549716848	-0.0461427	0.0222654	1.05852
1399430444566674665	-0.0414134	0.0282168	1.06011
1399430444582748085	-0.0389078	0.0323472	1.06202
1399430444657720109	-0.0390778	0.0325994	1.06464
1399430444697589080	-0.0429106	0.0309187	1.06741
1399430444768621858	-0.0465601	0.0290417	1.06995
1399430444788563294	-0.0454195	0.0285669	1.07196
1399430444807562371	-0.0385198	0.0297313	1.07348
1399430444846471993	-0.0274271	0.0327016	1.07479
1399430444892499881	-0.0193396	0.0365101	1.07599
1399430444908507218	-0.0153947	0.0398964	1.07697
1399430444978483390	-0.0111914	0.040235	1.078
1399430444994540091	-0.00606517	0.0376135	1.07872
1399430445011500986	-0.000739762	0.0331745	1.0794
1399430445085559820	0.00406683	0.0278035	1.07963
1399430445125381376	0.00664634	0.0238023	1.07909
1399430445196291109	0.00501877	0.0228409	1.07769
1399430445213287860	-0.00162805	0.0213522	1.07617
1399430445229315867	-0.0099093	0.0172574	1.07491
1399430445304317522	-0.0160033	0.00942122	1.07406
1399430445344315586	-0.0185372	-0.00506183	1.07279
1399430445409184552	-0.0194247	-0.0127881	1.07116
1399430445426346279	-0.025605	-0.0142281	1.07035
1399430445442201699	-0.027743	-0.0136497	1.07011
1399430445539194498	-0.0239115	-0.0105237	1.06991
1399430445555220993	-0.0171538	-0.00666911	1.07075
1399430445627104730	-0.010337	-0.00752048	1.07302
1399430445646137592	-0.00842466	-0.0106006	1.07526
1399430445744197455	-0.0120139	-0.00945826	1.07774
1399430445761202282	-0.0143979	-0.00796371	1.08185
1399430445829046473	-0.0143747	-0.00664097	1.08592
1399430445845964835	-0.0141141	0.00227206	1.08914
1399430445940916881	-0.0150901	0.0178788	1.09107
1399430445956874984	-0.0138139	0.0297546	1.0927
1399430445972940304	-0.0102296	0.0370661	1.09227
1399430446047924287	-0.00913981	0.0458788	1.08911
1399430446087871439	-0.012026	0.0526316	1.08411
1399430446122901497	-0.0142269	0.0538981	1.07857
1399430446138901446	-0.0174949	0.0507883	1.07438
1399430446158818040	-0.0210169	0.0464213	1.07226
1399430446255854298	-0.0278813	0.0421878	1.07171
1399430446271744690	-0.0355969	0.0315871	1.07146
1399430446288900206	-0.0403553	0.0180521	1.07164
1399430446334843998	-0.0458898	0.0124212	1.07236
1399430446389833632	-0.0506495	0.0105537	1.07337
1399430446478784107	-0.0506868	0.00553491	1.07548
1399430446495728678	-0.0482595	-0.000521772	1.07807
1399430446548738001	-0.0479326	-0.0036705	1.08016
1399430446574782231	-0.0463488	-0.00598951	1.08284
1399430446614699311	-0.0391	-0.00660401	1.08599
1399430446689638917	-0.0265984	-0.00755343	1.08944
1399430446705658695	-0.0159822	-0.00775777	1.09301
1399430446752691612	-0.0126713	-0.00582824	1.09614
1399430446769653044	-0.0164728	-0.00523188	1.09914
1399430446878413423	-0.0229562	-0.008699	1.10185
1399430446912454588	-0.0249731	-0.0197306	1.10627
1399430446929433337	-0.0199672	-0.0227798	1.10726
1399430447008553468	-0.0139658	-0.0223586	1.10761
1399430447025467358	-0.00775262	-0.0189267	1.10752
1399430447093349785	-0.0029994	-0.0162439	1.10704
1399430447112494103	-0.00069406	-0.0150279	1.10656
1399430447129476497	-0.000792673	-0.0144948	1.10616
1399430447217548427	-0.000419258	-0.0145581	1.10608
1399430447234276452	0.00198779	-0.0146159	1.10578
1399430447328310580	0.00526857	-0.0134691	1.10497
1399430447344344845	0.00707129	-0.0105906	1.10383
1399430447361187104	0.00643679	-0.00745745	1.10218
1399430447406308588	0.00345097	-0.00496219	1.09991
1399430447425321453	-5.43136e-05	-0.0016341	1.09748
1399430447442319407	-0.000904749	0.0019909	1.0949
1399430447553248600	0.000609559	0.0048797	1.09254
1399430447570228067	0.00218041	0.00707682	1.09081
1399430447638257368	0.002675	0.00877337	1.08923
1399430447655310569	0.00366995	0.0100722	1.08784
1399430447671220028	0.00389838	0.0110749	1.08693
1399430447740292687	0.000794655	0.0111587	1.08655
1399430447773169550	-0.0173685	0.0109568	1.08721
1399430447859170009	-0.0275651	0.00851565	1.08816
1399430447875150850	-0.0331693	0.00435919	1.08988
1399430447892467530	-0.0357286	-0.000371788	1.09241
1399430447996062524	-0.0388097	-0.0033053	1.09576
1399430448067021918	-0.0423539	-0.00449569	1.09935
1399430448083002757	-0.0455177	-0.00449087	1.1024
1399430448099983129	-0.0472625	-0.00421104	1.10517
1399430448174001826	-0.0441305	-0.00277532	1.10805
1399430448213957543	-0.0356378	-0.000459362	1.11113
1399430448284909408	-0.0266042	0.00129052	1.11436
1399430448301887161	-0.0205922	0.00315038	1.11733
1399430448317833874	-0.0203469	0.00600135	1.12011
1399430448359891802	-0.0256819	0.00813824	1.12256
1399430448376788114	-0.031185	0.00848292	1.12485
1399430448418824746	-0.0343326	0.00714013	1.12676
1399430448494768095	-0.034702	0.00646961	1.128
1399430448511764120	-0.0312867	0.00876311	1.12864
1399430448527800440	-0.0253653	0.0133984	1.12872
1399430448602687815	-0.0192431	0.0169119	1.12869
1399430448643685013	-0.0147724	0.0160815	1.12885
1399430448714679292	-0.0127445	0.0107647	1.12903
1399430448730682008	-0.0124895	0.00501047	1.12917
1399430448747637667	-0.0133657	0.00292714	1.12969
1399430448820459686	-0.0148651	0.00611303	1.13082
1399430448838510278	-0.0150585	0.0105849	1.13262
1399430448932443928	-0.0135133	0.0118686	1.13462
1399430448948394628	-0.0140006	0.00777485	1.13654
1399430448965381098	-0.018289	0.00228559	1.13862
1399430449039389727	-0.024968	0.000546316	1.14081
1399430449056401951	-0.0285405	0.00303362	1.14329
1399430449157479925	-0.0272291	0.00687528	1.146
1399430449173411243	-0.0250252	0.00902094	1.14889
1399430449242417277	-0.0275117	0.00740374	1.15155
1399430449259471913	-0.0350597	0.00236975	1.15381
1399430449275380660	-0.0440865	-0.00289336	1.15608
1399430449350425457	-0.049931	-0.00558123	1.15821
1399430449390250710	-0.0515256	-0.00528992	1.16008
1399430449460328189	-0.0484767	-0.00260698	1.1615
1399430449483391832	-0.0420743	0.00246283	1.16309
1399430449502186044	-0.0350154	0.00873169	1.16518
1399430449573182832	-0.0283284	0.0146964	1.16717
1399430449670271899	-0.0214569	0.019284	1.16844
1399430449686282582	-0.0157874	0.0214916	1.1683
1399430449703134984	-0.0122721	0.0216378	1.16655
1399430449744092071	-0.0108319	0.020216	1.16363
1399430449761095782	-0.00950988	0.0171766	1.16023
1399430449819073142	-0.00836627	0.00918872	1.15215
1399430449890030117	-0.0128677	0.00592679	1.14789
1399430449906991199	-0.0169696	0.00293102	1.14379
1399430449923706345	-0.0184792	-0.00150209	1.14077
1399430449997938660	-0.0166919	-0.00733339	1.13858
1399430450037904605	-0.00986487	-0.00950216	1.13671
1399430450107875372	-0.00737093	-0.00740996	1.13617
1399430450124891969	-0.00642664	-0.00220292	1.13531
1399430450140941611	-0.0148755	-0.000747575	1.13491
1399430450216061804	-0.0284229	-0.00238877	1.13535
1399430450231886065	-0.0382153	-0.00322298	1.13715
1399430450332890072	-0.0412954	-0.0020342	1.14057
1399430450349831759	-0.039974	0.000134455	1.14442
1399430450417808018	-0.0376856	0.00248009	1.14864
1399430450434757290	-0.0347834	0.00417487	1.15258
1399430450451784776	-0.0310085	0.00393937	1.15565
1399430450548753290	-0.0289296	0.00156882	1.15763
1399430450564671051	-0.0319938	-0.00170569	1.15887
1399430450641649858	-0.038998	-0.0037453	1.15976
1399430450657663382	-0.0472807	-0.0025133	1.16093
1399430450674650090	-0.0538177	0.000839438	1.16229
1399430450748703805	-0.0569078	0.00496512	1.1639
1399430450844945340	-0.0567394	0.00732057	1.16595
1399430450860595925	-0.0515815	0.00712988	1.16859
1399430450877596564	-0.0417369	0.00608986	1.1719
1399430450950661382	-0.0342562	0.00527915	1.1756
1399430450968510323	-0.0335695	0.00628739	1.17983
1399430451062515347	-0.0352912	0.00920193	1.18438
1399430451078489042	-0.035696	0.0127456	1.18871
1399430451095482476	-0.0328882	0.0177651	1.19247
1399430451169644877	-0.0295259	0.02406	1.19527
1399430451186471373	-0.0292628	0.0285624	1.1977
1399430451203341726	-0.0324701	0.0291796	1.19962
1399430451300349450	-0.0359222	0.0272395	1.20065
1399430451317362467	-0.0375266	0.0270651	1.20034
1399430451388374639	-0.0372073	0.0302242	1.19916
1399430451404340670	-0.036835	0.0333698	1.19812
1399430451420313936	-0.0373113	0.0331953	1.19656
1399430451522215602	-0.0379749	0.0291458	1.19412
1399430451592248472	-0.0370842	0.0227635	1.19083
1399430451608194995	-0.0363928	0.0167203	1.18724
1399430451625260481	-0.0356081	0.0120652	1.18377
1399430451701250195	-0.0326147	0.00961367	1.18075
1399430451721235394	-0.0268252	0.0109786	1.17779
1399430451815138026	-0.0190167	0.0158194	1.17411
1399430451831135408	-0.0130256	0.0196263	1.16963
1399430451848100925	-0.0110716	0.0209024	1.16457
1399430451921642074	-0.0121995	0.0217637	1.15832
1399430451937113964	-0.0133383	0.022926	1.1515
1399430452006137900	-0.0135518	0.0224586	1.14463
1399430452025047702	-0.0141583	0.018821	1.13823
1399430452040991266	-0.0149549	0.0128873	1.13222
1399430452057053320	-0.0163449	0.00686762	1.12733
1399430452132034463	-0.0191876	-0.00179919	1.12243
1399430452172992506	-0.0238328	-0.00597647	1.11956
1399430452242971113	-0.0321301	-0.00214242	1.11843
1399430452258986556	-0.0371966	0.00372034	1.11803
1399430452276104378	-0.0333526	0.00855914	1.11817
1399430452375885806	-0.0251653	0.00896946	1.11922
1399430452445937145	-0.0214365	0.00320464	1.12015
1399430452462971408	-0.0244483	-0.000587316	1.12131
1399430452480014459	-0.0294518	0.00397288	1.12384
1399430452578008708	-0.0344915	0.00989065	1.12778
1399430452596910010	-0.0333944	0.00891043	1.13273
1399430452669788855	-0.0285234	0.00313218	1.13954
1399430452685885099	-0.0251913	-0.00116883	1.14793
1399430452787915628	-0.0236363	-0.00111145	1.15773
1399430452804843324	-0.0256125	0.000502076	1.16838
1399430452877781125	-0.0289361	-0.0039615	1.17979
1399430452894776503	-0.025641	-0.0112681	1.19083
1399430452989722948	-0.0206277	-0.0124788	1.204
1399430453005752134	-0.0228091	-0.0099224	1.21322
1399430453022816483	-0.025937	-0.00648671	1.22241
1399430453095747517	-0.028658	-0.00707183	1.23089
1399430453191665194	-0.0320652	-0.013259	1.23769
1399430453207825460	-0.0381801	-0.0197678	1.24294
1399430453224677391	-0.0459832	-0.0251655	1.24823
1399430453278713481	-0.0501654	-0.0276722	1.25189
1399430453421404318	-0.0420674	-0.0110429	1.25368
1399430453485437310	-0.0325433	-0.0021362	1.25178
1399430453502405555	-0.0270672	0.000595251	1.24987
1399430453636812142	-0.0219791	0.00153979	1.24724
1399430453653544855	-0.0181315	0.00127234	1.24392
1399430453722529974	-0.0173089	0.000328733	1.24004
1399430453738580197	-0.0186556	-0.000775257	1.23633
1399430453754397199	-0.0210474	-0.00152512	1.23283
1399430453829467889	-0.0229719	-0.00201102	1.22941
1399430453869311856	-0.0226549	-0.0016189	1.22561
1399430453940562185	-0.020425	0.00023865	1.22135
1399430453956346505	-0.0178223	0.00301771	1.2166
1399430453973484501	-0.0181512	0.00398288	1.21185
1399430454048322937	-0.0207556	0.00204599	1.20763
1399430454088356397	-0.0234066	-0.0022468	1.20398
1399430454157359173	-0.0261623	-0.00584879	1.20169
1399430454174348251	-0.0280809	-0.00325622	1.20033
1399430454190202106	-0.0283888	0.00525838	1.19905
1399430454265342608	-0.0269431	0.0136415	1.19801
1399430454281338469	-0.0247731	0.0167707	1.19747
1399430454349287606	-0.0218385	0.0133947	1.19724
1399430454368268967	-0.0173992	0.0072872	1.19719
1399430454385253348	-0.0136056	0.00576139	1.19692
1399430454401245447	-0.0138247	0.0117206	1.1969
1399430454480159672	-0.0151368	0.020199	1.19723
1399430454582117825	-0.0156826	0.028823	1.19927
1399430454598143437	-0.0172518	0.0262185	1.20082
1399430454615145842	-0.0213646	0.0188113	1.20296
1399430454657083517	-0.0286524	0.00990434	1.20558
1399430454673100283	-0.0361803	0.0031691	1.20835
1399430454713017542	-0.0393696	-0.000991251	1.21071
1399430454729965708	-0.0413991	-0.0015142	1.21254
1399430454804121400	-0.0438397	0.000619587	1.21369
1399430454820826522	-0.0465909	0.0034384	1.21449
1399430454837049798	-0.0499183	0.00541859	1.21545
1399430454938109120	-0.0545321	0.00463569	1.21625
1399430455008944675	-0.0580377	6.7953e-05	1.21631
1399430455024936727	-0.059989	-0.00604015	1.21592
1399430455040903983	-0.0593748	-0.010338	1.21559
1399430455113948287	-0.0547585	-0.012686	1.21462
1399430455130966646	-0.0474286	-0.014562	1.21332
1399430455225846216	-0.03971	-0.0157163	1.2117
1399430455242773180	-0.0333827	-0.0141911	1.21033
1399430455258815399	-0.0286662	-0.0100247	1.20945
1399430455299753976	-0.0251108	-0.00371631	1.20949
1399430455317775879	-0.022299	0.00276671	1.21032
1399430455357122574	-0.0210781	0.00740272	1.21168
1399430455373607173	-0.0198239	0.00900737	1.21329
1399430455454711888	-0.0174122	0.00657725	1.21438
1399430455471688603	-0.0158792	0.00234052	1.21484
1399430455543552117	-0.0155096	-0.00070893	1.21481
1399430455560502800	-0.0152132	-0.00117526	1.21406
1399430455655443088	-0.0138252	0.00302315	1.21225
1399430455671461649	-0.013178	0.0100889	1.21018
1399430455688445766	-0.0161034	0.0136838	1.20889
1399430455761410370	-0.0209642	0.0111243	1.20757
1399430455778396976	-0.0252401	0.00490378	1.20583
1399430455836410429	-0.0254626	-0.000978999	1.20414
1399430455852487592	-0.0217981	-0.00284984	1.20269
1399430455872464574	-0.0165463	4.21107e-05	1.20106
1399430455889415540	-0.0124534	0.00597357	1.19899
1399430455971378695	-0.0143672	0.0128286	1.19661
1399430455988496554	-0.0221178	0.0172575	1.19394
1399430456082465128	-0.0301476	0.017953	1.19173
1399430456099507250	-0.036938	0.0138254	1.19032
1399430456115449977	-0.041073	0.00800144	1.1893
1399430456156620764	-0.0398325	0.00512069	1.18843
1399430456173390717	-0.0376719	0.00303973	1.18757
1399430456213385238	-0.0385236	-0.000807047	1.18697
1399430456230397983	-0.0411625	-0.00464645	1.18645
1399430456308439316	-0.0451725	-0.00619853	1.18581
1399430456324227339	-0.049665	-0.00545811	1.18552
1399430456359313571	-0.0529691	-0.00462437	1.18571
1399430456384570980	-0.0551936	-0.00604501	1.18665
1399430456438259636	-0.0562082	-0.0106403	1.1882
1399430456517248229	-0.0555258	-0.0153813	1.19019
1399430456534233392	-0.0539347	-0.0188345	1.19246
1399430456552299741	-0.0508649	-0.0200489	1.19509
1399430456623120861	-0.0459211	-0.0186762	1.19764
1399430456719176285	-0.0336282	-0.0131058	1.20142
1399430456736151839	-0.0293529	-0.0101424	1.20264
1399430456752095431	-0.0225507	-0.00363984	1.20509
1399430456790020419	-0.0184559	0.000500863	1.20769
1399430456806975727	-0.0169939	0.00286714	1.20993
1399430456824944384	-0.0162154	0.00476593	1.21133
1399430456934909243	-0.0158365	0.00607861	1.21195
1399430456950856611	-0.0149796	0.00800537	1.21171
1399430456967902909	-0.0150397	0.00974176	1.21082
1399430457046831437	-0.0162565	0.0100803	1.20971
1399430457063840758	-0.0180792	0.00801363	1.20882
1399430457158800393	-0.0161327	0.00498313	1.20811
1399430457174798402	-0.0106518	0.00541816	1.20705
1399430457191739927	-0.00593006	0.00918547	1.20578
1399430457265822737	-0.00389867	0.0138716	1.20449
1399430457281688071	-0.00435679	0.0161723	1.20288
1399430457298679938	-0.00706357	0.0172895	1.20008
1399430457398693417	-0.00742851	0.0173587	1.19912
1399430457473662308	-0.0078486	0.0167779	1.19763
1399430457492626341	-0.0102727	0.0162464	1.19703
1399430457509638869	-0.015145	0.0147397	1.19746
1399430457583609377	-0.0212874	0.0113668	1.19845
1399430457623638342	-0.0253062	0.00858815	1.1996
1399430457693679536	-0.0261503	0.00727115	1.20094
1399430457710665743	-0.0251925	0.00780108	1.20201
1399430457726741853	-0.025381	0.00885647	1.20287
1399430457800549809	-0.0261651	0.0104766	1.20354
1399430457816691851	-0.0267416	0.0129597	1.20393
1399430457917565975	-0.026831	0.0138679	1.20425
1399430457934585078	-0.0264978	0.0122557	1.20484
1399430458005622128	-0.0267054	0.00932826	1.20562
1399430458021554695	-0.0285224	0.00747246	1.20586
1399430458038460441	-0.0318942	0.00793666	1.20569
1399430458135504986	-0.0329695	0.00924041	1.20473
1399430458151429296	-0.0318435	0.00890381	1.2025
1399430458223464570	-0.0296272	0.00723249	1.19966
1399430458241193605	-0.0272352	0.00409172	1.19648
1399430458256521639	-0.0243689	0.000703311	1.19267
1399430458331409736	-0.0218653	-0.00198044	1.188
1399430458371212631	-0.0230382	-0.00466501	1.18285
1399430458447400340	-0.0278196	-0.0078525	1.17764
1399430458463363581	-0.0352617	-0.0120468	1.1728
1399430458539323650	-0.0435728	-0.0170033	1.1687
1399430458560334877	-0.0499723	-0.0217838	1.1651
1399430458623264853	-0.0527758	-0.025974	1.16161
1399430458640185110	-0.0507653	-0.0291477	1.15877
1399430458674234531	-0.04237	-0.0322791	1.15563
1399430458691268878	-0.0416347	-0.0308247	1.15502
1399430458765260410	-0.0430583	-0.0250533	1.15538
1399430458825199471	-0.0457829	-0.017789	1.15687
1399430458841166436	-0.0485854	-0.0129992	1.15886
1399430458861315673	-0.0513207	-0.0115749	1.16121
1399430458878109139	-0.0548173	-0.012526	1.16319
1399430458894058992	-0.0592322	-0.0111231	1.16448
1399430458993933292	-0.0635755	-0.00372747	1.16472
1399430459011072761	-0.066795	0.00677574	1.1648
1399430459082930248	-0.0677941	0.0138776	1.16511
1399430459098914545	-0.0663551	0.0134745	1.16578
1399430459115949336	-0.0622949	0.00614147	1.16652
1399430459188866801	-0.05823	-0.00344253	1.16712
1399430459228822109	-0.0551042	-0.00923448	1.16748
1399430459299809876	-0.052309	-0.00824831	1.16706
1399430459316801914	-0.0495019	-0.00131089	1.1662
1399430459332805130	-0.044877	0.00601744	1.16536
1399430459406739746	-0.0374443	0.00853161	1.16495
1399430459501870629	-0.0291125	0.0070835	1.16458
1399430459518861337	-0.0240527	0.00310411	1.16398
1399430459537841461	-0.0229486	0.00134482	1.16322
1399430459609776352	-0.0229063	0.00372159	1.16231
1399430459625753744	-0.0237424	0.00850916	1.1621
1399430459642815935	-0.0259124	0.0127464	1.16279
1399430459738692900	-0.0281428	0.0148433	1.16472
1399430459754766966	-0.0297705	0.014363	1.16777
1399430459827256088	-0.0313937	0.0115899	1.17235
1399430459842548857	-0.0307634	0.00776771	1.17744
1399430459859568129	-0.0296005	0.00643724	1.18257
1399430459956539750	-0.0285747	0.00866428	1.18754
1399430459972504999	-0.0274472	0.0120526	1.19227
1399430460043640526	-0.0276755	0.0151582	1.19687
1399430460060650201	-0.0267596	0.0180771	1.20112
1399430460077775358	-0.0222374	0.0198671	1.20467
1399430460151535284	-0.0163564	0.0190925	1.20752
1399430460247578483	-0.012894	0.0177726	1.20946
1399430460264762750	-0.0126075	0.0158669	1.21094
1399430460280456390	-0.0126368	0.0133786	1.21209
1399430460321372532	-0.0133189	0.0102415	1.21237
1399430460338473735	-0.0153172	0.00731089	1.21173
1399430460379354455	-0.0186447	0.00420832	1.2109
1399430460395369362	-0.0219223	9.72599e-05	1.21043
1399430460467288853	-0.0254314	-0.00423261	1.21042
1399430460484415696	-0.0272034	-0.00897442	1.21059
1399430460501298951	-0.026932	-0.0128405	1.21145
1399430460575430433	-0.0259994	-0.0128815	1.21325
1399430460642241389	-0.0260378	-0.00843304	1.2159
1399430460659438328	-0.026099	-0.00129627	1.21913
1399430460693387299	-0.020441	0.0055394	1.22717
1399430460710378432	-0.0175262	0.00542106	1.23212
1399430460807347779	-0.0118058	0.00337095	1.23681
1399430460823243192	-0.00718711	0.000945853	1.24067
1399430460895319848	-0.00762004	-0.00116966	1.24374
1399430460911327940	-0.0073013	-0.00368879	1.24657
1399430460928224442	-0.00358793	-0.00557126	1.24949
1399430460966252754	0.00207729	-0.00555738	1.25255
1399430461022143936	0.00943058	-8.77529e-05	1.25812
1399430461038197052	0.00904448	0.00314053	1.26069
1399430461113150677	0.00515423	0.00338021	1.26232
1399430461128985602	-0.00144966	0.00199685	1.26287
1399430461318095801	-0.0158437	0.00925563	1.26635
1399430461334992209	-0.0186912	0.00846	1.26756
1399430461429989683	-0.0260898	0.00619707	1.26905
1399430461446991115	-0.0355735	0.00439663	1.2709
1399430461462963005	-0.0432703	0.00266037	1.27264
1399430461508926678	-0.0478674	0.00269432	1.2739
1399430461524980279	-0.0505204	0.00718606	1.27457
1399430461569879136	-0.0526334	0.0147116	1.27512
1399430461641923394	-0.0544997	0.0200916	1.27579
1399430461658894411	-0.0577802	0.0191741	1.27689
1399430461674848627	-0.062402	0.0139496	1.27829
1399430461747902627	-0.0654805	0.00896354	1.28008
1399430461765830096	-0.0638749	0.00728118	1.28169
1399430461859842386	-0.0578136	0.00852497	1.28282
1399430461876826740	-0.0503144	0.0100639	1.28346
1399430461892798801	-0.0433899	0.0101494	1.28347
1399430461966764484	-0.038557	0.00944212	1.28282
1399430461983728482	-0.0363769	0.00853431	1.28199
1399430462079685890	-0.0363729	0.00670771	1.28124
1399430462095522557	-0.0365654	0.00476857	1.2808
1399430462112643848	-0.0351765	0.00258286	1.28055
1399430462185553065	-0.0320868	0.000904521	1.28028
1399430462202541029	-0.0274317	0.00134992	1.27997
1399430462218589820	-0.0233017	0.00242201	1.27983
1399430462300661927	-0.0193759	0.00448194	1.28032
1399430462316698831	-0.0181576	0.00538109	1.28035
1399430462391558466	-0.016694	0.00600087	1.28005
1399430462408533179	-0.0163477	0.00675746	1.27932
1399430462541502864	-0.0233622	-0.00142795	1.27456
1399430462614730911	-0.0280958	-0.00811855	1.27237
1399430462630635398	-0.031846	-0.0151458	1.26954
1399430462647623011	-0.0326335	-0.021003	1.26623
1399430462747327908	-0.0301083	-0.0245675	1.26314
1399430462817282088	-0.0262608	-0.0237107	1.26002
1399430462833387098	-0.023884	-0.0177876	1.25667
1399430462850255182	-0.0242797	-0.010865	1.25346
1399430462892368008	-0.0283443	-0.0068673	1.25043
1399430462936365699	-0.0351401	-0.00663292	1.24728
1399430462953332502	-0.0439443	-0.00853422	1.24421
1399430462969208846	-0.0522654	-0.0111184	1.2418
1399430463043260930	-0.0571529	-0.0137255	1.24002
1399430463059297591	-0.0584279	-0.0166782	1.23842
1399430463076268037	-0.057788	-0.0203181	1.23704
1399430463157268182	-0.0609852	-0.0242516	1.23595
1399430463173239050	-0.065628	-0.0257268	1.23596
1399430463247202545	-0.0691142	-0.0250622	1.23597
1399430463265061586	-0.067705	-0.0202888	1.23563
1399430463392107270	-0.0412406	-0.0143535	1.23419
1399430463469115484	-0.0321341	-0.018273	1.23345
1399430463488023922	-0.0229926	-0.022619	1.23267
1399430463504991422	-0.0163547	-0.0254539	1.23193
1399430463585029726	-0.0082457	-0.029476	1.23174
1399430463601869726	-0.00329585	-0.0279706	1.23204
1399430463677051088	0.00389314	-0.0218575	1.2324
1399430463693984911	0.0114494	-0.0132525	1.23258
1399430463787828960	0.0163086	-0.00595415	1.23263
1399430463804999914	0.0161512	-0.00115016	1.23228
1399430463820916485	0.0118839	0.0011961	1.23135
1399430463895796664	0.00310343	0.00305457	1.23041
1399430463912802956	-0.00907131	0.00643734	1.22944
1399430463928703857	-0.0190443	0.0123452	1.22838
1399430464025848540	-0.0248802	0.0196493	1.22729
1399430464042771333	-0.027864	0.0244382	1.22578
1399430464114768539	-0.0311877	0.0245415	1.22464
1399430464130632005	-0.0357935	0.0200881	1.22363
1399430464147951770	-0.0412586	0.0143771	1.22301
1399430464246717153	-0.0510408	0.0141423	1.22221
1399430464317520435	-0.0532469	0.0168217	1.22215
1399430464333746042	-0.0542394	0.0236511	1.2226
1399430464350528674	-0.0524056	0.0290104	1.22448
1399430464388672110	-0.0507823	0.0315471	1.22753
1399430464405588398	-0.0497064	0.031449	1.23138
1399430464448668080	-0.0478108	0.0306376	1.23605
1399430464468647876	-0.0452056	0.0321815	1.24104
1399430464542620716	-0.0438597	0.0352594	1.24566
1399430464558719015	-0.0447345	0.0353211	1.25046
1399430464575642047	-0.045775	0.0306033	1.25527
1399430464674351966	-0.0438838	0.0254549	1.25928
1399430464744570036	-0.0409884	0.0231085	1.26245
1399430464761511818	-0.0389	0.0231544	1.26459
1399430464777432131	-0.0362026	0.0242703	1.26569
1399430464850635934	-0.0330667	0.0234937	1.26603
1399430464867468310	-0.0295434	0.0197197	1.2656
1399430464962409613	-0.0256269	0.0141827	1.26469
1399430464979413505	-0.0226043	0.00823928	1.26314
1399430464995352711	-0.0218317	0.00416038	1.26157
1399430465064349241	-0.0219069	0.00164511	1.26049
1399430465082313671	-0.0209156	0.00113343	1.26026
1399430465141300882	-0.0179273	0.00223571	1.26079
1399430465157416140	-0.0156253	0.00218745	1.26217
1399430465177233822	-0.0172186	9.95658e-05	1.26464
1399430465194286925	-0.022461	-0.0024663	1.26823
1399430465210263433	-0.0252349	-0.00484991	1.2726
1399430465284342922	-0.0212974	-0.00497306	1.27724
1399430465324443692	-0.013584	-0.00228094	1.28151
1399430465358172597	-0.0060779	0.00207071	1.28575
1399430465375236458	-0.00136519	0.0082736	1.29021
1399430465398192700	0.00167699	0.0151307	1.2949
1399430465417119921	0.00383426	0.0202445	1.2996
1399430465515062997	0.00344155	0.0211451	1.30406
1399430465531034145	0.000824822	0.0180013	1.30847
1399430465604012851	-0.00438443	0.012131	1.3127
1399430465619984839	-0.0104698	0.00696494	1.31729
1399430465636993709	-0.0139364	0.00464875	1.32201
1399430465712929338	-0.0140086	0.00294259	1.32611
1399430465752909871	-0.0124325	0.00160751	1.32951
1399430465822883908	-0.0116307	0.000354024	1.33218
1399430465838850679	-0.012803	-0.00038356	1.33433
1399430465855088031	-0.0145403	-0.00126987	1.33633
1399430465929873279	-0.0157495	-0.0042037	1.33817
1399430466026087019	-0.0164003	-0.00843593	1.33946
1399430466041908809	-0.0181198	-0.0124223	1.34024
1399430466058849280	-0.0215634	-0.0157366	1.33974
1399430466131774727	-0.0247704	-0.0189767	1.3377
1399430466148856924	-0.0289888	-0.0219718	1.33447
1399430466166067816	-0.0363057	-0.0236945	1.33034
1399430466261854151	-0.0455171	-0.0254651	1.3259
1399430466278874540	-0.0539714	-0.0293543	1.32157
1399430466349803594	-0.0613158	-0.0343067	1.31724
1399430466366734674	-0.0678389	-0.0366102	1.3127
1399430466383692822	-0.0719702	-0.0359563	1.30817
1399430466480581969	-0.0730789	-0.0342902	1.30355
1399430466496576173	-0.0711651	-0.0314198	1.29893
1399430466573547301	-0.0668723	-0.0253499	1.29442
1399430466590533309	-0.0612451	-0.0167638	1.28982
1399430466663499027	-0.0542835	-0.0070379	1.28541
1399430466680585297	-0.0480281	0.00153857	1.28154
1399430466775559762	-0.0438128	0.00671056	1.27857
1399430466792463453	-0.0400594	0.00868781	1.27629
1399430466808549959	-0.0358596	0.00963394	1.2742
1399430466849494257	-0.0296735	0.0104445	1.27245
1399430466866493339	-0.0222024	0.0103113	1.27125
1399430466906403714	-0.0164201	0.00787846	1.27056
1399430466922544590	-0.012619	0.00486458	1.26997
1399430466996582314	-0.0113513	0.00198631	1.26995
1399430467012416584	-0.0114201	0.000231747	1.27076
1399430467029359625	-0.0107209	-0.00078466	1.27194
1399430467102374452	-0.00729725	-0.00109656	1.27311
1399430467198322790	-0.00185035	-0.00159681	1.27417
1399430467215265354	0.00323299	-0.00100466	1.27556
1399430467231437547	0.0078415	0.000819543	1.27782
1399430467272424976	0.0123311	0.00285349	1.28034
1399430467289454543	0.0166551	0.00393867	1.28273
1399430467329231575	0.0194874	0.00434045	1.28427
1399430467346424405	0.0205511	0.0043419	1.28453
1399430467414392369	0.0206402	0.00498534	1.28414
1399430467431335954	0.0199487	0.0059225	1.28309
1399430467447266760	0.0163845	0.00746752	1.28159
1399430467527384394	0.00942203	0.0114983	1.27988
1399430467566190784	0.000748608	0.0151902	1.27774
1399430467636256792	-0.00654462	0.0155627	1.27504
1399430467653214593	-0.0115224	0.011496	1.27254
1399430467669271215	-0.0184562	0.00436003	1.27028
1399430467743119868	-0.027164	-0.00326138	1.26778
1399430467839134787	-0.0362082	-0.00880667	1.26502
1399430467855123134	-0.0449507	-0.0142735	1.26243
1399430467871973451	-0.053405	-0.0211832	1.26066
1399430467945016185	-0.0616559	-0.0281259	1.26031
1399430467961019072	-0.0697294	-0.0327396	1.26103
1399430467977976694	-0.0775489	-0.0336493	1.26228
1399430468074021036	-0.08304	-0.0319687	1.26399
1399430468090974037	-0.0859526	-0.0298946	1.26643
1399430468161876811	-0.0844584	-0.0283448	1.26955
1399430468178923060	-0.0771907	-0.0282016	1.27326
1399430468195916993	-0.0671272	-0.0285665	1.27707
1399430468291810576	-0.0587522	-0.0270763	1.28127
1399430468308726173	-0.0541808	-0.0216241	1.28578
1399430468380901482	-0.0520668	-0.013783	1.2907
1399430468396842569	-0.0500028	-0.00709536	1.29596
1399430468412785038	-0.0458278	-0.00468995	1.30142
1399430468486806127	-0.0377633	-0.00589327	1.30652
1399430468582668324	-0.0278013	-0.0074029	1.31069
1399430468602833699	-0.0193802	-0.00683544	1.31412
1399430468621741586	-0.0157867	-0.00509896	1.31653
1399430468693776337	-0.0158372	-0.00335793	1.3179
1399430468711793110	-0.0158908	-0.00108669	1.3183
1399430468768712104	-0.0137895	0.00179148	1.31805
1399430468785565198	-0.0103889	0.00330212	1.31745
1399430468805698588	-0.00679523	0.00359784	1.3169
1399430468821747243	-0.00327716	0.00407483	1.31648
1399430468838652830	-0.00182412	0.00582418	1.31644
1399430468914696517	-0.00434903	0.00846842	1.31656
1399430469010524261	-0.0094918	0.00965772	1.31663
1399430469026577228	-0.0159302	0.00822316	1.31626
1399430469043458472	-0.0227383	0.00487734	1.31555
1399430469116699699	-0.0275438	0.000409395	1.31481
1399430469133619715	-0.0287533	-0.0029149	1.31379
1399430469234546297	-0.0286484	-0.00437771	1.3098
1399430469251489296	-0.0298534	-0.00405505	1.30701
1399430469267353074	-0.032595	-0.00216928	1.30399
1399430469341380801	-0.0359183	-0.000218203	1.30084
1399430469357345023	-0.0390336	0.000127204	1.29804
1399430469448468188	-0.0405415	-0.000839185	1.29514
1399430469464359138	-0.039866	-0.00219858	1.29191
1399430469481323066	-0.0390341	-0.00382208	1.28894
1399430469518388329	-0.0394909	-0.00544524	1.28604
1399430469535306016	-0.0390774	-0.00728889	1.28339
1399430469582270884	-0.0377438	-0.00950265	1.28103
1399430469656268930	-0.0373429	-0.0116028	1.27899
1399430469673236119	-0.0379135	-0.0124219	1.27758
1399430469689392808	-0.0410452	-0.0117158	1.27734
1399430469763150305	-0.0431851	-0.0105737	1.2777
1399430469780241215	-0.044007	-0.00857362	1.27848
1399430469874077692	-0.0429066	-0.00619482	1.2794
1399430469890060302	-0.0404792	-0.00498712	1.28029
1399430469907046951	-0.0395955	-0.00479759	1.28148
1399430469981137172	-0.0404813	-0.00549974	1.28293
1399430469997218446	-0.0427417	-0.00671364	1.28469
1399430470098116706	-0.0456551	-0.00732899	1.28655
1399430470114071461	-0.0445834	-0.00739255	1.28819
1399430470182037266	-0.0389264	-0.00842006	1.28938
1399430470199092364	-0.0321328	-0.0113655	1.29022
1399430470215014175	-0.0262369	-0.0169722	1.29106
1399430470291506240	-0.0232536	-0.022465	1.29221
1399430470331049636	-0.0226398	-0.0246086	1.29363
1399430470402958191	-0.0207992	-0.0229573	1.29496
1399430470418890196	-0.014912	-0.018209	1.29641
1399430470435907161	-0.00650125	-0.0128462	1.29818
1399430470511043176	0.000336564	-0.00858065	1.30023
1399430470550864967	0.00374977	-0.00592876	1.30216
1399430470621841338	0.00425366	-0.00495727	1.30341
1399430470640857517	0.00334616	-0.00609089	1.30416
1399430470733805904	0.0117811	-0.00841505	1.30588
1399430470750782076	0.0168886	-0.00429085	1.30657
1399430470851632513	0.0158598	0.00239842	1.30703
1399430470868797228	0.00894688	0.0104783	1.30727
1399430470939507189	0.00106491	0.0180045	1.30684
1399430470956552574	-0.00213309	0.0233018	1.30619
1399430470972558033	0.000963614	0.0256174	1.30517
1399430471071538075	0.00778746	0.0262867	1.30362
1399430471142426000	0.012712	0.0286117	1.30195
1399430471158502081	0.0135981	0.0337725	1.30065
1399430471175445674	0.0106872	0.0391972	1.29957
1399430471249484897	0.00672226	0.0408785	1.29832
1399430471266489372	0.00250132	0.0393691	1.29711
1399430471360451509	-0.00222798	0.0372279	1.2964
1399430471383377866	-0.0064838	0.0366925	1.29598
1399430471399335263	-0.010318	0.0365289	1.29573
1399430471474333515	-0.0159747	0.032951	1.29516
1399430471491308808	-0.0236882	0.0248643	1.29444
1399430471593446351	-0.0322726	0.0161211	1.29442
1399430471609373075	-0.0383423	0.0109578	1.29509
1399430471677409559	-0.0403991	0.0102087	1.29604
1399430471694341105	-0.042027	0.0127872	1.29795
1399430471711270725	-0.0452471	0.0162304	1.30035
1399430471784395435	-0.0484366	0.0186528	1.30321
1399430471830207183	-0.0521458	0.0178709	1.3063
1399430471867350570	-0.0572912	0.0139664	1.30929
1399430471884372205	-0.0620338	0.00828263	1.31211
1399430471919162532	-0.0613346	0.00543641	1.31553
1399430472021249389	-0.0585194	0.0127927	1.31567
1399430472037220965	-0.0573013	0.020628	1.31501
1399430472105278007	-0.0589246	0.0250034	1.3136
1399430472122351076	-0.0612724	0.0254034	1.31159
1399430472138182781	-0.0602628	0.0218114	1.30903
1399430472177106146	-0.0526821	0.0142152	1.30624
1399430472364036572	-0.0257387	-0.019802	1.30501
1399430472433885840	-0.00995605	-0.0199067	1.30751
1399430472451074280	0.00210213	-0.0161472	1.30996
1399430472466939715	-0.00227147	-0.0182679	1.3123
1399430472566780289	-0.0192676	-0.0253362	1.31374
1399430472641766904	-0.0338729	-0.0285501	1.31437
1399430472660677934	-0.041006	-0.0257308	1.31456
1399430472677861514	-0.0397386	-0.0213841	1.31462
1399430472773850113	-0.0366542	-0.0199581	1.31405
1399430472789805308	-0.0418459	-0.0174528	1.31301
1399430472860661522	-0.0489139	-0.0133527	1.31196
1399430472877645086	-0.0470973	-0.0134642	1.31033
1399430472978608835	-0.0390172	-0.0155124	1.30746
1399430472994571334	-0.0336583	-0.0103195	1.30345
1399430473065630924	-0.0338509	0.00119406	1.29928
1399430473082622957	-0.0333089	0.0052396	1.29523
1399430473177530981	-0.029011	0.00535942	1.29152
1399430473193550240	-0.0281982	0.0076733	1.28831
1399430473210483555	-0.0275301	0.00853039	1.28514
1399430473251502929	-0.0249492	0.00965575	1.28128
1399430473306509868	-0.0124304	0.0214507	1.27301
1399430473399495455	-0.000575721	0.0175275	1.2705
1399430473493368411	0.00583335	0.00774168	1.26785
1399430473534347842	0.00731706	0.0057109	1.26527
1399430473604354684	0.00459784	0.0101104	1.26376
1399430473620319270	-0.000240112	0.0158545	1.26209
1399430473637422879	-0.00291899	0.0170778	1.26057
1399430473679425483	-0.00366127	0.0116161	1.25927
1399430473729403859	-0.00302248	0.00318204	1.25837
1399430473746407380	-0.0025144	-0.00548574	1.25669
1399430473820349483	-0.00463298	-0.0113591	1.25531
1399430473837510534	-0.00830635	-0.0132112	1.25489
1399430473853479324	-0.00900366	-0.0127364	1.25486
1399430473932320391	-0.00795913	-0.0118114	1.25494
1399430474029151468	-0.00544572	-0.0119774	1.25528
1399430474045121014	-0.00233849	-0.0123952	1.25618
1399430474061126135	-0.00110352	-0.012498	1.25723
1399430474135245463	-0.00336711	-0.0121205	1.25826
1399430474153239907	-0.0087288	-0.0129302	1.25929
1399430474248560696	-0.0160308	-0.0152468	1.26033
1399430474265228711	-0.0229504	-0.0168309	1.26138
1399430474281167947	-0.0252398	-0.016049	1.26252
1399430474354101770	-0.0226947	-0.013098	1.26385
1399430474371102134	-0.0192719	-0.0104295	1.26555
1399430474388084099	-0.0192915	-0.00873807	1.26767
1399430474486001614	-0.0236373	-0.00879125	1.26993
1399430474528019177	-0.0311554	-0.0106739	1.27233
1399430474545039825	-0.0378493	-0.0117028	1.27496
1399430474581066569	-0.037945	-0.00622144	1.28012
1399430474675851205	-0.026382	0.0041386	1.28369
1399430474691792988	-0.0216648	0.00776894	1.28493
1399430474708952616	-0.0132114	0.0141726	1.28707
1399430474781912877	-0.00740448	0.017808	1.28894
1399430474814849627	-0.00718835	0.012009	1.29156
1399430474911868437	-0.00971286	0.00410959	1.29275
1399430474928810371	-0.0111091	-0.00459031	1.29359
1399430474999715746	-0.0100125	-0.0108953	1.29456
1399430475015812433	-0.00568251	-0.0129243	1.29466
1399430475032745828	0.00109498	-0.0111035	1.2945
1399430478054994641	0.00748845	-0.00760336	1.29334
1399430478055010014	0.0123033	-0.00459074	1.29144
1399430478055022819	0.0147787	-0.00262977	1.28976
1399430478055035285	-0.0220568	0.0137835	1.28883
1399430478055048114	-0.0250808	0.0144665	1.28512
1399430478055060933	-0.0332552	0.0206649	1.27944
1399430478055077292	-0.0307134	0.0218394	1.27356
1399430478055089924	0.00585743	0.0116987	1.25981
1399430478055102366	0.0354821	0.00477507	1.25236
1399430478055117567	0.0703842	-0.00278598	1.24417
1399430478055133638	0.111068	-0.00996991	1.23528
1399430478055146030	0.0749854	0.006226	1.23399
1399430478055158933	-0.028884	0.0171395	1.23004
1399430478055171357	-0.0398008	0.0142555	1.21698
1399430478055183590	-0.029279	0.0109256	1.21345
1399430478055196112	-0.0157031	0.010507	1.21085
1399430478055211878	-0.0232691	0.0125435	1.20579
1399430478055224817	-0.02114	0.0120368	1.20358
1399430478055237535	-0.0209613	0.0122592	1.20115
1399430478055249864	-0.021603	0.0123793	1.19865
1399430478055265270	-0.0209948	0.0123553	1.19648
1399430478055277446	-0.0207604	0.0123309	1.19367
1399430478055289776	-0.0208095	0.0122624	1.19129
1399430478055302160	-0.0205493	0.0122649	1.18902
1399430478055314515	-0.0204764	0.0122824	1.18659
1399430478055327083	-0.0206679	0.0121439	1.18427
1399430478055342977	-0.0207816	0.0121351	1.18184
1399430478055355476	-0.0207532	0.0123002	1.17943
1399430478055368122	-0.0207768	0.0121647	1.17692
1399430478055380417	-0.0208105	0.0122056	1.17489
1399430478055392624	-0.0208286	0.0122217	1.17216
1399430478055408175	-0.020889	0.012244	1.17012
1399430478055420752	-0.0209892	0.0122352	1.16742
1399430478055435191	-0.0209278	0.0123075	1.16523
1399430478055447438	-0.0210634	0.0122358	1.16283
1399430478055459989	-0.0210246	0.0123259	1.16055
1399430478055472356	-0.0211932	0.0122132	1.1582
1399430478055487965	-0.0211847	0.0122763	1.15577
1399430478055500167	-0.0212878	0.0122426	1.15362
1399430478055512363	-0.0212711	0.0122224	1.15107
1399430478055524386	-0.0213691	0.0123157	1.14915
1399430478055536644	-0.0214077	0.0121903	1.14648
1399430478055552123	-0.0214901	0.0123518	1.14439
1399430478055564285	-0.0215326	0.0122925	1.14204
1399430478055576658	-0.0216012	0.0121999	1.13963
1399430478055589041	-0.0216808	0.0122958	1.13764
1399430478055601328	-0.0216844	0.0122787	1.13513
1399430478055613453	-0.0217573	0.0122224	1.13293
1399430478055636776	-0.0218325	0.012236	1.13067
1399430478055657535	-0.0218472	0.0122463	1.12838
1399430478055670589	-0.0219494	0.0122516	1.12637
1399430478055683269	-0.0220033	0.0122501	1.12389
1399430478055695466	-0.0220411	0.0121816	1.12171
1399430478055711345	-0.0223478	0.012387	1.10967
1399430478055723654	-0.0228845	0.0127424	1.08949
1399430478055735998	-0.0233397	0.0129927	1.07167
1399430478055748439	-0.0238831	0.0132833	1.05141
1399430478055760767	-0.0243508	0.0134886	1.03352
