#Time	 SERVO_1	 SERVO_2	 SERVO_3	 SERVO_4
1399430406406523443	1175	1175	1175	1175
1399430406438455744	1175	1175	1175	1175
1399430406512441278	1175	1175	1175	1175
1399430406528352305	1175	1175	1175	1175
1399430406574385296	1175	1175	1175	1175
1399430406590422881	1175	1175	1175	1175
1399430406615382132	1175	1175	1175	1175
1399430406666325751	1175	1175	1175	1175
1399430406729428133	1175	1175	1175	1175
1399430406783407762	1175	1175	1175	1175
1399430406803252454	1175	1175	1175	1175
1399430406820308118	1175	1175	1175	1175
1399430406885362195	1175	1175	1175	1175
1399430406903202538	1175	1175	1175	1175
1399430406979178654	1175	1175	1175	1175
1399430407066120705	1175	1175	1175	1175
1399430407082142257	1175	1175	1175	1175
1399430407106191618	1175	1175	1175	1175
1399430407123178097	1175	1175	1175	1175
1399430407150075073	1175	1175	1175	1175
1399430407217998252	1175	1175	1175	1175
1399430407245087723	1175	1175	1175	1175
1399430407270085964	1175	1175	1175	1175
1399430407297106958	1175	1175	1175	1175
1399430407338037857	1175	1175	1175	1175
1399430407419955946	1175	1175	1175	1175
1399430407465918787	1175	1175	1175	1175
1399430407481932314	1175	1175	1175	1175
1399430407498896881	1175	1175	1175	1175
1399430407558960589	1175	1175	1175	1175
1399430407577891162	1175	1175	1175	1175
1399430407689830828	1175	1175	1175	1175
1399430407706831332	1175	1175	1175	1175
1399430407722830800	1175	1175	1175	1175
1399430407743850977	1175	1175	1175	1175
1399430407819796140	1175	1175	1175	1175
1399430407881764925	1175	1175	1175	1175
1399430407922739302	1175	1175	1175	1175
1399430407951695694	1175	1175	1175	1175
1399430407967667561	1175	1175	1175	1175
1399430407977657066	1175	1175	1175	1175
1399430408029696346	1175	1175	1175	1175
1399430408116647584	1175	1175	1175	1175
1399430408133595880	1175	1175	1175	1175
1399430408151573535	1175	1175	1175	1175
1399430408184709402	1175	1175	1175	1175
1399430408248817087	1175	1175	1175	1175
1399430408266614212	1175	1175	1175	1175
1399430408319640791	1175	1175	1175	1175
1399430408347524844	1175	1175	1175	1175
1399430408415431444	1175	1175	1175	1175
1399430408432454441	1175	1175	1175	1175
1399430408508487356	1175	1175	1175	1175
1399430408550434566	1175	1175	1175	1175
1399430408567394414	1175	1175	1175	1175
1399430408585387785	1175	1175	1175	1175
1399430408616414557	1175	1175	1175	1175
1399430408657374782	1175	1175	1175	1175
1399430408718329757	1175	1175	1175	1175
1399430408758330593	1175	1175	1175	1175
1399430408780325573	1175	1175	1175	1175
1399430408872279239	1175	1175	1175	1175
1399430408934202076	1175	1175	1175	1175
1399430408950242457	1175	1175	1175	1175
1399430409045223631	1175	1175	1175	1175
1399430409061102318	1175	1175	1175	1175
1399430409078162809	1175	1175	1175	1175
1399430409094165071	1175	1175	1175	1175
1399430409111139194	1175	1175	1175	1175
1399430409134097359	1175	1175	1175	1175
1399430409233031928	1175	1175	1175	1175
1399430409255013707	1175	1175	1175	1175
1399430409294040183	1175	1175	1175	1175
1399430409336006816	1175	1175	1175	1175
1399430409439241999	1175	1175	1175	1175
1399430409459006177	1175	1175	1175	1175
1399430409475858903	1175	1175	1175	1175
1399430409506102743	1175	1175	1175	1175
1399430409559111746	1175	1175	1175	1175
1399430409577954081	1175	1175	1175	1175
1399430409645934628	1175	1175	1175	1175
1399430409678868214	1175	1175	1175	1175
1399430409712895012	1175	1175	1175	1175
1399430409774820945	1175	1175	1175	1175
1399430409791793821	1175	1175	1175	1175
1399430409899736200	1175	1175	1175	1175
1399430409915703837	1175	1175	1175	1175
1399430409932692860	1175	1175	1175	1175
1399430409949704914	1175	1175	1175	1175
1399430409973853221	1175	1175	1175	1175
1399430410049661586	1175	1175	1175	1175
1399430410096625397	1175	1175	1175	1175
1399430410133633983	1175	1175	1175	1175
1399430410175595597	1175	1175	1175	1175
1399430410236623598	1175	1175	1175	1175
1399430410323546333	1175	1175	1175	1175
1399430410339508411	1175	1175	1175	1175
1399430410363560362	1175	1175	1175	1175
1399430410421509578	1175	1175	1175	1175
1399430410438490661	1175	1175	1175	1175
1399430410503528962	1175	1175	1175	1175
1399430410545466918	1175	1175	1175	1175
1399430410562440303	1175	1175	1175	1175
1399430410584422811	1175	1175	1175	1175
1399430410629475310	1175	1175	1175	1175
1399430410659424531	1175	1175	1175	1175
1399430410736380631	1175	1175	1175	1175
1399430410763507571	1175	1175	1175	1175
1399430410826386969	1175	1175	1175	1175
1399430410842287392	1175	1175	1175	1175
1399430410868491028	1175	1175	1175	1175
1399430410930304260	1175	1175	1175	1175
1399430410971294913	1175	1175	1175	1175
1399430411000380848	1175	1175	1175	1175
1399430411017186887	1175	1175	1175	1175
1399430411086182612	1175	1175	1175	1175
1399430411104173487	1175	1175	1175	1175
1399430411216143850	1175	1175	1175	1175
1399430411232133116	1175	1175	1175	1175
1399430411250128443	1175	1175	1175	1175
1399430411267134801	1175	1175	1175	1175
1399430411318077651	1175	1175	1175	1175
1399430411359109736	1175	1175	1175	1175
1399430411412074929	1175	1175	1175	1175
1399430411428945775	1175	1175	1175	1175
1399430411500057662	1175	1175	1175	1175
1399430411524009195	1175	1175	1175	1175
1399430411545018820	1175	1175	1175	1175
1399430411639988712	1175	1175	1175	1175
1399430411666919064	1175	1175	1175	1175
1399430411706245590	1175	1175	1175	1175
1399430411767933260	1175	1175	1175	1175
1399430411785949057	1175	1175	1175	1175
1399430411895921708	1175	1175	1175	1175
1399430411912777833	1175	1175	1175	1175
1399430411935827503	1175	1175	1175	1175
1399430411952797880	1175	1175	1175	1175
1399430412076723860	1175	1175	1175	1175
1399430412118724067	1175	1175	1175	1175
1399430412189804390	1436	1436	1452	1437
1399430412205720291	1442	1442	1452	1427
1399430412222790251	1442	1440	1455	1426
1399430412296779177	1440	1437	1454	1431
1399430412312730944	1444	1444	1447	1428
1399430412412832323	1441	1441	1450	1431
1399430412429573161	1445	1441	1447	1430
1399430412474677802	1443	1443	1448	1429
1399430412493585265	1445	1441	1451	1426
1399430412512534428	1449	1441	1441	1432
1399430412552486747	1445	1441	1447	1430
1399430412623542766	1445	1445	1450	1423
1399430412640505715	1442	1446	1448	1427
1399430412656453861	1449	1443	1449	1422
1399430412730436197	1496	1489	1494	1474
1399430412746443739	1496	1494	1497	1471
1399430412843348827	1497	1492	1494	1474
1399430412860357271	1503	1486	1486	1482
1399430412931281414	1495	1495	1489	1479
1399430412947223727	1491	1496	1483	1487
1399430412964296065	1484	1495	1484	1495
1399430413063275421	1484	1499	1480	1495
1399430413079255922	1494	1485	1482	1497
1399430413150222827	1476	1499	1484	1499
1399430413167269219	1471	1499	1479	1508
1399430413183149190	1464	1502	1477	1510
1399430413221157058	1484	1484	1482	1503
1399430413278147950	1469	1497	1484	1499
1399430413295107916	1481	1483	1491	1494
1399430413373182822	1487	1474	1481	1494
1399430413390296056	1473	1490	1482	1490
1399430413490147687	1449	1515	1485	1487
1399430413509130073	1452	1509	1483	1483
1399430413581126723	1474	1485	1480	1488
1399430413597114255	1485	1470	1476	1497
1399430413614114546	1472	1487	1462	1506
1399430413687109064	1471	1486	1487	1483
1399430413782034556	1467	1488	1486	1486
1399430413797816758	1465	1495	1462	1510
1399430413813958070	1483	1472	1490	1486
1399430413889010025	1474	1477	1489	1491
1399430413906026715	1476	1476	1492	1488
1399430413972952036	1480	1471	1489	1491
1399430413989820858	1473	1482	1495	1486
1399430414019735285	1472	1483	1502	1483
1399430414036865741	1478	1478	1485	1500
1399430414110872771	1482	1471	1481	1506
1399430414150791619	1480	1480	1483	1510
1399430414224859967	1467	1482	1507	1497
1399430414241758287	1477	1474	1534	1480
1399430414257743948	1477	1477	1514	1499
1399430414350815285	1483	1483	1504	1504
1399430414367666986	1476	1492	1492	1509
1399430414438768758	1474	1494	1485	1517
1399430414455665186	1481	1489	1515	1485
1399430414500700527	1485	1485	1502	1498
1399430414516667742	1486	1486	1488	1509
1399430414561532334	1500	1472	1501	1501
1399430414578140281	1476	1495	1494	1510
1399430414648497571	1463	1507	1482	1522
1399430414664517905	1467	1507	1480	1520
1399430414681501850	1472	1500	1497	1505
1399430414779540340	1491	1481	1496	1506
1399430414795605083	1504	1470	1490	1509
1399430414866616577	1499	1473	1497	1505
1399430414883509903	1489	1487	1502	1500
1399430414899564513	1477	1500	1505	1497
1399430414999410104	1478	1511	1486	1503
1399430415070385607	1476	1509	1490	1503
1399430415087362715	1495	1490	1494	1500
1399430415103388403	1503	1473	1498	1504
1399430415176252552	1489	1481	1502	1506
1399430415219354116	1473	1497	1492	1524
1399430415289117029	1467	1503	1506	1510
1399430415306168953	1471	1497	1515	1504
1399430415322307031	1471	1501	1510	1508
1399430415396279045	1486	1488	1509	1507
1399430415413253016	1492	1488	1498	1517
1399430415510147614	1499	1488	1496	1513
1399430415531162466	1490	1499	1503	1503
1399430415602160326	1478	1507	1505	1501
1399430415619106778	1476	1505	1505	1505
1399430415635170285	1460	1517	1504	1510
1399430415736073589	1474	1498	1499	1524
1399430415753049715	1485	1483	1504	1523
1399430415822035595	1484	1480	1514	1518
1399430415838032415	1484	1480	1518	1509
1399430415855065519	1487	1479	1518	1511
1399430415895963028	1476	1492	1511	1516
1399430415952935271	1473	1499	1516	1507
1399430415968958254	1480	1492	1509	1514
1399430416042025544	1480	1492	1502	1521
1399430416057973256	1486	1482	1516	1511
1399430416153926048	1485	1481	1524	1505
1399430416170792896	1479	1487	1523	1506
1399430416242961901	1483	1485	1524	1507
1399430416259845902	1477	1494	1517	1513
1399430416275893980	1485	1485	1517	1513
1399430416316887879	1490	1484	1508	1517
1399430416362838435	1487	1489	1496	1527
1399430416378742615	1485	1494	1507	1518
1399430416395804511	1480	1499	1509	1516
1399430416464776935	1482	1497	1511	1514
1399430416486719643	1495	1488	1510	1515
1399430416583626311	1496	1487	1508	1517
1399430416599569683	1486	1497	1510	1510
1399430416670721911	1485	1494	1504	1517
1399430416687689170	1490	1490	1501	1518
1399430416703642915	1495	1490	1501	1514
1399430416744733176	1489	1496	1505	1505
1399430416790642022	1491	1491	1505	1507
1399430416806485596	1490	1495	1480	1531
1399430416822518242	1485	1500	1479	1531
1399430416891471662	1488	1492	1495	1520
1399430416908551150	1503	1482	1505	1505
1399430417005503940	1510	1477	1503	1505
1399430417021443197	1501	1492	1471	1534
1399430417038443406	1485	1519	1478	1526
1399430417109492104	1484	1520	1485	1519
1399430417126548050	1487	1517	1495	1518
1399430417142445901	1489	1513	1513	1502
1399430417240446471	1492	1501	1508	1515
1399430417311357923	1496	1500	1510	1523
1399430417327211049	1500	1491	1515	1523
1399430417344320114	1497	1492	1520	1520
1399430417417312243	1506	1487	1524	1516
1399430417460274995	1505	1490	1523	1515
1399430417530158654	1495	1507	1513	1519
1399430417553279862	1486	1518	1499	1531
1399430417569195698	1492	1514	1506	1521
1399430417641108407	1502	1506	1509	1516
1399430417658071111	1503	1503	1511	1516
1399430417749072059	1495	1509	1514	1516
1399430417765011128	1488	1514	1509	1518
1399430417782055936	1482	1518	1501	1528
1399430417854207715	1471	1522	1504	1519
1399430417870072924	1505	1490	1492	1528
1399430417968066690	1528	1473	1502	1521
1399430417985040070	1528	1476	1498	1523
1399430418055005830	1497	1503	1500	1525
1399430418071955165	1466	1525	1505	1528
1399430418088008789	1472	1515	1515	1523
1399430418128997512	1503	1484	1516	1522
1399430418174960576	1518	1473	1505	1528
1399430418190974762	1518	1478	1489	1538
1399430418207957881	1509	1484	1490	1532
1399430418277861624	1495	1501	1503	1518
1399430418294864964	1489	1508	1500	1519
1399430418391913473	1501	1497	1491	1527
1399430418407844670	1507	1492	1491	1525
1399430418424811415	1506	1491	1491	1527
1399430418496665323	1506	1491	1489	1529
1399430418513694588	1499	1503	1504	1510
1399430418592667279	1500	1504	1502	1510
1399430418634631630	1503	1505	1489	1527
1399430418704609572	1494	1519	1494	1519
1399430418721606630	1502	1510	1491	1525
1399430418737578483	1498	1506	1495	1518
1399430418810748384	1499	1503	1505	1509
1399430418851728642	1499	1503	1505	1509
1399430418922440553	1490	1516	1505	1505
1399430418939734969	1496	1510	1503	1503
1399430418955571595	1499	1511	1500	1506
1399430419029624522	1502	1510	1489	1515
1399430419045734034	1495	1514	1495	1514
1399430419142535358	1514	1495	1495	1514
1399430419159458300	1525	1481	1501	1509
1399430419231341695	1511	1497	1511	1497
1399430419247416613	1506	1502	1504	1504
1399430419264365304	1508	1504	1502	1510
1399430419364340538	1505	1505	1495	1520
1399430419380387023	1504	1506	1492	1522
1399430419450403763	1504	1504	1505	1511
1399430419466289481	1501	1501	1507	1507
1399430419483279167	1497	1505	1519	1496
1399430419524281072	1507	1497	1527	1494
1399430419581242916	1519	1487	1502	1525
1399430419658276211	1517	1481	1511	1524
1399430419675215820	1497	1497	1520	1520
1399430419691180511	1486	1505	1527	1515
1399430419791329499	1490	1495	1516	1532
1399430419807632518	1498	1481	1502	1548
1399430419878110648	1497	1480	1503	1549
1399430419895117860	1491	1483	1508	1546
1399430419911315856	1484	1488	1516	1542
1399430419987568811	1502	1472	1504	1553
1399430420028042146	1499	1473	1509	1550
1399430420099029799	1488	1480	1515	1549
1399430420115086304	1483	1483	1516	1550
1399430420132004365	1483	1483	1514	1552
1399430420207031182	1490	1471	1516	1553
1399430420276263414	1484	1476	1514	1557
1399430420312901232	1482	1473	1510	1562
1399430420328893061	1483	1474	1495	1576
1399430420345851579	1477	1479	1527	1553
1399430420414963382	1467	1484	1534	1547
1399430420431179429	1476	1476	1540	1540
1399430420527744063	1490	1465	1539	1539
1399430420543773197	1496	1460	1516	1558
1399430420560718749	1487	1472	1524	1549
1399430420632684439	1482	1482	1522	1547
1399430420649694833	1483	1487	1516	1547
1399430420719759475	1498	1477	1509	1549
1399430420751802659	1501	1490	1506	1548
1399430420767750839	1506	1491	1503	1545
1399430420841481675	1504	1500	1509	1539
1399430420858697442	1511	1497	1505	1539
1399430420955712968	1514	1501	1499	1539
1399430420971615109	1504	1519	1505	1537
1399430420988609276	1508	1517	1499	1540
1399430421059480468	1511	1509	1498	1541
1399430421076418345	1510	1508	1500	1541
1399430421173469479	1511	1505	1514	1532
1399430421190476439	1505	1509	1528	1524
1399430421260448188	1505	1505	1513	1541
1399430421276400403	1509	1501	1507	1545
1399430421293388758	1517	1491	1515	1541
1399430421334535848	1516	1492	1513	1543
1399430421380488793	1516	1497	1520	1537
1399430421396340475	1517	1498	1514	1540
1399430421413830674	1521	1494	1510	1543
1399430421481447150	1527	1494	1507	1540
1399430421498353459	1535	1491	1501	1540
1399430421595381948	1508	1527	1508	1527
1399430421611958951	1511	1526	1509	1524
1399430421689543731	1519	1521	1507	1524
1399430421707049347	1523	1515	1503	1531
1399430421722393654	1531	1507	1502	1531
1399430421789783708	1534	1484	1511	1503
1399430421820481960	1491	1533	1487	1521
1399430421837116251	1496	1535	1477	1517
1399430421912161358	1513	1525	1479	1508
1399430421952273271	1517	1517	1488	1495
1399430422023143245	1527	1513	1485	1491
1399430422039032378	1527	1517	1466	1506
1399430422056108544	1519	1527	1458	1513
1399430422130115835	1511	1532	1464	1508
1399430422146930900	1515	1527	1472	1502
1399430422244923846	1522	1526	1482	1495
1399430422260908571	1537	1516	1489	1481
1399430422332239249	1541	1519	1485	1481
1399430422348464380	1544	1522	1489	1474
1399430422363897114	1540	1526	1483	1481
1399430422431900068	1544	1526	1469	1490
1399430422462908357	1554	1513	1458	1502
1399430422478969506	1557	1509	1471	1492
1399430422553953256	1558	1503	1481	1487
1399430422569907442	1560	1499	1487	1487
1399430422672698968	1543	1515	1490	1495
1399430422688789971	1526	1526	1484	1509
1399430422759841626	1531	1517	1479	1523
1399430422775784558	1529	1513	1485	1523
1399430422792743230	1526	1507	1497	1520
1399430422907687388	1504	1523	1510	1529
1399430422981654601	1502	1519	1510	1535
1399430422998623660	1516	1503	1514	1534
1399430423096668621	1522	1497	1521	1527
1399430423112580977	1526	1488	1520	1528
1399430423128615814	1529	1485	1518	1531
1399430423199593642	1515	1496	1517	1535
1399430423216622440	1498	1508	1513	1541
1399430423313591766	1477	1525	1504	1544
1399430423330525489	1499	1503	1507	1542
1399430423400537584	1498	1506	1524	1534
1399430423417432016	1506	1494	1522	1539
1399430423433502148	1506	1494	1515	1544
1399430423474459198	1498	1500	1513	1541
1399430423520337895	1503	1499	1509	1540
1399430423537326670	1489	1513	1502	1543
1399430423553408096	1513	1496	1508	1536
1399430423628389547	1522	1486	1510	1535
1399430423645392778	1511	1495	1503	1535
1399430423708429095	1507	1499	1505	1534
1399430423740402124	1506	1502	1503	1537
1399430423757333602	1502	1500	1509	1537
1399430423831389904	1498	1502	1511	1537
1399430423847314784	1505	1497	1504	1544
1399430423912331703	1508	1489	1503	1549
1399430423928234012	1510	1481	1516	1544
1399430423959245138	1496	1477	1537	1540
1399430423976265705	1499	1476	1538	1538
1399430424073230646	1501	1473	1529	1546
1399430424090192550	1502	1472	1522	1552
1399430424160241869	1498	1479	1501	1567
1399430424177059488	1494	1485	1498	1567
1399430424193100477	1510	1464	1504	1562
1399430424267048820	1511	1461	1503	1565
1399430424362122813	1501	1473	1516	1553
1399430424379045925	1499	1473	1524	1545
1399430424395101167	1478	1499	1517	1548
1399430424468067235	1489	1489	1514	1545
1399430424485085917	1483	1504	1510	1541
1399430424585996303	1491	1502	1504	1541
1399430424606321622	1505	1492	1506	1533
1399430424621827382	1510	1496	1525	1510
1399430424658955284	1501	1511	1531	1498
1399430424675767180	1491	1535	1524	1490
1399430424799935615	1540	1521	1467	1511
1399430424815925945	1548	1515	1465	1509
1399430424832913360	1541	1525	1474	1498
1399430424906259628	1542	1531	1469	1497
1399430424946808405	1540	1534	1470	1494
1399430425016678371	1536	1543	1487	1483
1399430425033643350	1544	1535	1481	1489
1399430425050646670	1554	1523	1478	1492
1399430425123653773	1555	1520	1486	1486
1399430425140651544	1562	1514	1481	1489
1399430425237978943	1556	1529	1478	1492
1399430425253706626	1553	1534	1480	1492
1399430425325575043	1553	1532	1485	1489
1399430425341608518	1552	1528	1491	1494
1399430425358657832	1550	1524	1498	1494
1399430425424645742	1550	1520	1504	1496
1399430425456536746	1549	1509	1494	1519
1399430425472639920	1546	1506	1497	1522
1399430425553549196	1536	1513	1496	1529
1399430425569579234	1532	1507	1501	1534
1399430425666509690	1531	1506	1511	1534
1399430425682477732	1525	1508	1510	1538
1399430425754459244	1523	1504	1506	1546
1399430425770523253	1531	1500	1511	1545
1399430425787418682	1524	1505	1525	1536
1399430425886452630	1527	1502	1529	1540
1399430425903343803	1516	1511	1529	1541
1399430425973332155	1501	1522	1525	1548
1399430425990332583	1504	1513	1535	1551
1399430426006301035	1510	1500	1540	1551
1399430426080406220	1517	1487	1538	1551
1399430426120210564	1515	1491	1549	1538
1399430426192249567	1501	1509	1557	1526
1399430426208236985	1495	1520	1553	1527
1399430426224147539	1501	1516	1540	1539
1399430426299224126	1519	1498	1535	1544
1399430426393099768	1514	1503	1521	1549
1399430426409077701	1525	1496	1521	1546
1399430426426237148	1529	1494	1535	1532
1399430426500061931	1511	1509	1546	1521
1399430426517048979	1520	1497	1542	1531
1399430426533052186	1524	1490	1531	1543
1399430426633083177	1516	1492	1531	1545
1399430426652947627	1510	1496	1537	1540
1399430426691887192	1506	1494	1557	1524
1399430426707976247	1503	1495	1562	1519
1399430426847886836	1502	1508	1535	1540
1399430426863914034	1492	1522	1527	1543
1399430426904922500	1497	1520	1524	1544
1399430426921883184	1504	1510	1528	1539
1399430426963761292	1510	1506	1532	1534
1399430426979734436	1518	1509	1528	1532
1399430427051752115	1519	1519	1522	1528
1399430427067707726	1525	1521	1503	1537
1399430427084613848	1531	1524	1489	1538
1399430427181645462	1531	1532	1485	1535
1399430427252067458	1529	1533	1495	1526
1399430427268607924	1537	1526	1489	1525
1399430427284604527	1539	1526	1494	1519
1399430427358558149	1543	1521	1496	1513
1399430427375583374	1555	1507	1499	1507
1399430427475694939	1558	1504	1520	1486
1399430427492563769	1556	1510	1518	1488
1399430427508616705	1543	1531	1502	1500
1399430427577540004	1540	1539	1488	1507
1399430427600443207	1544	1529	1478	1511
1399430427662442160	1545	1526	1496	1496
1399430427695383957	1562	1491	1496	1496
1399430427711486937	1534	1520	1498	1502
1399430427761401827	1522	1528	1485	1519
1399430427798372130	1521	1521	1484	1528
1399430427893261700	1507	1526	1503	1518
1399430427909397648	1496	1531	1523	1504
1399430427925395972	1480	1540	1525	1506
1399430427999436577	1481	1535	1521	1517
1399430428016185084	1499	1511	1526	1518
1399430428117183087	1509	1492	1526	1526
1399430428133153967	1501	1492	1527	1529
1399430428150126033	1498	1491	1531	1531
1399430428220127429	1495	1495	1524	1535
1399430428236223757	1469	1520	1532	1528
1399430428253184566	1473	1518	1522	1535
1399430428352123177	1492	1497	1528	1524
1399430428368210433	1510	1474	1535	1521
1399430428439164390	1508	1477	1535	1521
1399430428456096815	1478	1507	1531	1529
1399430428472058982	1472	1515	1534	1528
1399430428569918814	1482	1501	1529	1536
1399430428642965792	1486	1497	1531	1538
1399430428663034951	1494	1485	1536	1536
1399430428679069576	1501	1476	1535	1539
1399430428752887586	1500	1474	1539	1537
1399430428769841370	1503	1469	1533	1544
1399430428866795527	1491	1487	1519	1558
1399430428882830472	1476	1501	1514	1557
1399430428899748201	1476	1505	1522	1547
1399430428976033000	1490	1499	1521	1541
1399430428992855571	1501	1492	1529	1531
1399430429093796081	1515	1487	1526	1526
1399430429109694768	1513	1494	1519	1529
1399430429179660394	1497	1511	1514	1532
1399430429196647875	1489	1521	1504	1535
1399430429212648834	1487	1529	1527	1506
1399430429312604355	1504	1521	1519	1502
1399430429329561188	1517	1517	1499	1514
1399430429400548763	1517	1527	1489	1513
1399430429416540097	1521	1529	1484	1507
1399430429433516878	1526	1534	1490	1490
1399430429530555524	1528	1539	1486	1486
1399430429602642759	1522	1552	1479	1479
1399430429619591877	1528	1555	1473	1473
1399430429635562186	1540	1554	1460	1474
1399430429712443056	1556	1544	1448	1478
1399430429732418412	1562	1544	1446	1471
1399430429827362270	1561	1546	1448	1473
1399430429843335822	1556	1549	1454	1469
1399430429860344501	1542	1558	1465	1465
1399430429929347595	1518	1575	1489	1451
1399430429945331181	1521	1566	1492	1457
1399430430041315817	1541	1544	1491	1466
1399430430058253637	1546	1531	1474	1494
1399430430074248652	1537	1534	1469	1507
1399430430146231052	1536	1535	1480	1509
1399430430163264598	1519	1541	1494	1506
1399430430260172825	1532	1532	1502	1504
1399430430277127790	1538	1525	1504	1502
1399430430348092513	1540	1523	1514	1492
1399430430364101612	1520	1547	1508	1491
1399430430465063297	1509	1563	1497	1492
1399430430482061965	1526	1553	1489	1496
1399430430498032056	1542	1542	1471	1509
1399430430567058898	1544	1541	1485	1489
1399430430608053355	1544	1544	1485	1487
1399430430684910531	1541	1548	1471	1499
1399430430700865018	1531	1553	1466	1506
1399430430773929699	1520	1555	1469	1503
1399430430816009171	1529	1544	1470	1506
1399430430885846561	1535	1527	1481	1510
1399430430902868753	1525	1529	1484	1524
1399430430918815287	1511	1535	1500	1515
1399430430988933750	1524	1522	1497	1528
1399430431004822337	1531	1510	1508	1521
1399430431021855653	1535	1506	1516	1518
1399430431094915860	1535	1507	1520	1511
1399430431136737172	1532	1511	1518	1514
1399430431207755415	1540	1502	1520	1511
1399430431223741851	1532	1516	1518	1518
1399430431272884698	1533	1515	1524	1516
1399430431323725447	1525	1521	1507	1531
1399430431421777336	1534	1507	1501	1539
1399430431438738601	1545	1490	1521	1531
1399430431475668314	1533	1500	1527	1531
1399430431617719389	1517	1517	1529	1536
1399430431649705127	1521	1508	1528	1550
1399430431666640134	1522	1499	1529	1549
1399430431741592873	1521	1500	1532	1547
1399430431757603824	1511	1511	1534	1544
1399430431855618882	1501	1520	1535	1544
1399430431871561603	1509	1509	1535	1545
1399430431888553521	1520	1503	1527	1546
1399430431959559906	1525	1496	1520	1547
1399430431976635241	1527	1498	1524	1540
1399430432073485594	1518	1509	1534	1531
1399430432090447671	1513	1515	1538	1525
1399430432161603385	1519	1513	1532	1528
1399430432178562776	1521	1510	1523	1533
1399430432194520651	1526	1507	1517	1536
1399430432232413065	1523	1515	1513	1536
1399430432278405954	1485	1549	1521	1527
1399430432295369133	1504	1535	1524	1524
1399430432311178854	1524	1518	1521	1521
1399430432380291584	1540	1499	1518	1524
1399430432403340971	1542	1497	1515	1527
1399430432466329766	1517	1525	1509	1528
1399430432498264074	1535	1507	1521	1519
1399430432588346078	1535	1507	1526	1509
1399430432605286951	1540	1498	1531	1509
1399430432621284462	1536	1504	1522	1520
1399430432722169811	1528	1509	1521	1525
1399430432738243185	1520	1516	1522	1526
1399430432809975993	1517	1517	1525	1525
1399430432826140683	1516	1520	1528	1520
1399430432842077774	1525	1513	1532	1514
1399430432941944400	1526	1516	1528	1514
1399430432958923688	1528	1514	1528	1514
1399430433029951330	1527	1517	1527	1513
1399430433046919501	1529	1519	1519	1517
1399430433062914530	1531	1524	1505	1524
1399430433136870713	1537	1522	1509	1518
1399430433231803185	1537	1528	1508	1517
1399430433247842141	1537	1531	1509	1514
1399430433264865652	1539	1526	1510	1515
1399430433337787107	1524	1539	1509	1518
1399430433354781860	1523	1540	1513	1515
1399430433456777522	1526	1542	1506	1515
1399430433472776478	1535	1535	1509	1509
1399430433492724935	1546	1525	1513	1513
1399430433564740468	1554	1517	1515	1508
1399430433581649140	1552	1526	1515	1510
1399430433598628839	1549	1529	1515	1510
1399430433696607836	1545	1534	1511	1514
1399430433767634636	1537	1540	1502	1525
1399430433784533611	1533	1543	1502	1527
1399430433800539972	1532	1540	1511	1522
1399430433874625102	1531	1538	1519	1515
1399430433916682360	1529	1538	1525	1510
1399430433987657390	1529	1538	1519	1517
1399430434003562044	1526	1539	1490	1540
1399430434019565448	1533	1533	1499	1534
1399430434093623387	1536	1527	1509	1526
1399430434110564710	1529	1525	1515	1523
1399430434206548602	1531	1518	1525	1519
1399430434223497182	1525	1521	1525	1521
1399430434242398454	1521	1527	1526	1518
1399430434310489925	1525	1523	1533	1510
1399430434327413533	1532	1514	1532	1514
1399430434424327035	1534	1507	1529	1521
1399430434440292303	1531	1513	1535	1521
1399430434511390708	1520	1518	1526	1528
1399430434528299155	1523	1515	1527	1527
1399430434544425337	1532	1509	1539	1509
1399430434625215385	1531	1508	1536	1515
1399430434665320027	1535	1502	1538	1515
1399430434738253617	1524	1511	1536	1519
1399430434754283768	1515	1519	1518	1539
1399430434770267609	1514	1520	1520	1537
1399430434844141757	1504	1527	1519	1540
1399430434902033695	1500	1529	1527	1535
1399430434919067299	1505	1524	1540	1521
1399430434939163682	1507	1524	1538	1521
1399430434955069486	1522	1516	1535	1518
1399430434972020168	1544	1502	1540	1513
1399430435048010356	1548	1500	1536	1515
1399430435090022886	1548	1508	1531	1517
1399430435161043645	1544	1514	1525	1519
1399430435177016241	1540	1523	1517	1523
1399430435194000448	1540	1526	1517	1519
1399430435266954671	1535	1531	1519	1519
1399430435308014243	1532	1532	1520	1520
1399430435378823378	1527	1538	1522	1516
1399430435395977340	1526	1539	1535	1502
1399430435411913269	1528	1535	1533	1506
1399430435484791160	1529	1536	1520	1518
1399430435501760287	1527	1541	1516	1518
1399430435598719031	1525	1543	1508	1521
1399430435615678466	1524	1540	1508	1517
1399430435692689841	1531	1537	1509	1514
1399430435709678002	1523	1546	1496	1523
1399430435725690886	1526	1544	1497	1522
1399430435929760037	1537	1526	1517	1510
1399430435945708234	1539	1518	1518	1516
1399430435987787961	1526	1531	1516	1520
1399430436027195602	1506	1546	1516	1520
1399430436043729420	1509	1542	1523	1515
1399430436115733930	1523	1531	1531	1502
1399430436132702520	1535	1527	1529	1500
1399430436149724940	1535	1532	1514	1509
1399430436248612916	1532	1537	1504	1517
1399430436264585825	1528	1542	1502	1517
1399430436335520408	1528	1545	1505	1509
1399430436352464546	1535	1541	1504	1508
1399430436368487064	1540	1536	1514	1499
1399430436442491133	1545	1534	1511	1497
1399430436482440044	1551	1531	1507	1505
1399430436553375707	1548	1529	1504	1515
1399430436570249280	1550	1520	1503	1522
1399430436586234340	1537	1534	1501	1526
1399430436661234152	1528	1535	1518	1518
1399430436765354811	1536	1525	1526	1520
1399430436781233132	1533	1525	1525	1525
1399430436798135825	1538	1510	1531	1527
1399430436869281188	1522	1511	1532	1540
1399430436886239741	1522	1499	1531	1549
1399430436982239660	1506	1506	1540	1546
1399430436999240395	1498	1506	1540	1555
1399430437015101543	1494	1506	1549	1549
1399430437089206069	1499	1486	1550	1560
1399430437184103313	1487	1496	1550	1558
1399430437200116563	1486	1505	1544	1558
1399430437217067874	1496	1504	1538	1558
1399430437290143759	1498	1513	1540	1547
1399430437332024058	1529	1500	1539	1534
1399430437402959011	1531	1513	1521	1538
1399430437419032486	1505	1545	1505	1545
1399430437436077220	1523	1531	1529	1521
1399430437532852548	1529	1529	1541	1502
1399430437608801411	1540	1519	1534	1509
1399430437625844348	1544	1522	1528	1507
1399430437641729256	1552	1524	1515	1508
1399430437741819282	1551	1533	1519	1496
1399430437757812715	1567	1524	1500	1504
1399430437828892388	1555	1539	1491	1510
1399430437844864243	1558	1538	1502	1502
1399430437941777213	1548	1546	1498	1508
1399430437958813025	1544	1549	1498	1513
1399430437974787387	1544	1544	1482	1534
1399430438046818423	1539	1544	1498	1519
1399430438142763075	1540	1536	1516	1505
1399430438158710564	1540	1533	1523	1502
1399430438175754439	1543	1523	1502	1521
1399430438254778552	1535	1534	1495	1526
1399430438302664517	1532	1537	1514	1507
1399430438348594360	1534	1534	1515	1508
1399430438475634885	1539	1532	1495	1524
1399430438492481443	1537	1531	1489	1529
1399430438588501333	1534	1534	1511	1511
1399430438604461853	1540	1527	1508	1515
1399430438676479498	1536	1535	1494	1525
1399430438693470379	1543	1536	1499	1509
1399430438709446070	1540	1542	1504	1500
1399430438810469786	1539	1545	1503	1499
1399430438827415652	1540	1546	1504	1496
1399430438897343709	1527	1554	1504	1500
1399430438913357447	1517	1562	1509	1495
1399430438930354283	1522	1558	1502	1502
1399430439003272887	1531	1555	1487	1513
1399430439044304607	1543	1543	1489	1510
1399430439115124110	1540	1544	1504	1498
1399430439131208953	1535	1549	1515	1487
1399430439148159602	1529	1553	1507	1497
1399430439221228421	1521	1559	1509	1495
1399430439316136461	1533	1549	1495	1509
1399430439332080823	1533	1548	1490	1516
1399430439349138840	1529	1549	1498	1510
1399430439422939112	1535	1543	1498	1513
1399430439443038037	1539	1540	1505	1503
1399430439463121117	1550	1531	1499	1507
1399430439560948598	1556	1527	1487	1515
1399430439576993267	1543	1540	1496	1504
1399430439648998649	1526	1550	1503	1503
1399430439664863357	1519	1554	1501	1507
1399430439681966397	1534	1540	1505	1505
1399430439882911261	1535	1538	1492	1520
1399430439955835413	1535	1539	1497	1518
1399430439972762387	1526	1547	1505	1509
1399430440040782756	1529	1544	1500	1515
1399430440056789515	1535	1542	1494	1517
1399430440086770219	1553	1525	1484	1524
1399430440103847037	1544	1535	1489	1519
1399430440204769209	1539	1542	1497	1509
1399430440220740320	1536	1541	1500	1506
1399430440290694679	1527	1546	1510	1500
1399430440307681609	1524	1545	1510	1504
1399430440323576385	1537	1531	1498	1517
1399430440398729809	1538	1525	1500	1519
1399430440492657447	1535	1524	1505	1518
1399430440512617202	1532	1522	1510	1519
1399430440531652945	1532	1518	1526	1507
1399430440604621799	1528	1516	1531	1509
1399430440621483582	1533	1510	1533	1510
1399430440718514569	1541	1500	1524	1520
1399430440734496610	1541	1502	1520	1526
1399430440751438956	1535	1503	1514	1537
1399430440822393050	1524	1514	1518	1535
1399430440838447236	1513	1525	1529	1525
1399430440855385139	1508	1531	1526	1526
1399430440953400414	1517	1525	1532	1518
1399430441027326539	1528	1511	1504	1544
1399430441043207526	1519	1519	1507	1544
1399430441060128271	1520	1514	1520	1537
1399430441159354662	1527	1504	1525	1535
1399430441176194708	1522	1505	1529	1527
1399430441246166941	1513	1513	1529	1529
1399430441263244232	1508	1517	1526	1532
1399430441279194998	1505	1524	1518	1535
1399430441353209197	1511	1520	1525	1527
1399430441394199993	1509	1524	1532	1518
1399430441464094796	1519	1513	1523	1529
1399430441481095367	1521	1510	1518	1534
1399430441497063836	1524	1511	1521	1527
1399430441570996351	1524	1520	1513	1527
1399430441679083933	1525	1525	1515	1519
1399430441695104553	1533	1521	1517	1513
1399430441711931704	1535	1522	1513	1513
1399430441779954510	1535	1525	1505	1514
1399430441796281400	1541	1519	1509	1507
1399430441812923836	1535	1532	1503	1507
1399430441910925212	1528	1542	1501	1505
1399430441926906782	1526	1550	1500	1498
1399430441997830807	1537	1545	1497	1495
1399430442014824249	1545	1540	1484	1499
1399430442032492286	1544	1544	1480	1501
1399430442128815985	1548	1546	1472	1504
1399430442199707966	1550	1545	1484	1490
1399430442215756389	1554	1544	1495	1476
1399430442232814604	1554	1548	1490	1476
1399430442273816191	1548	1551	1487	1483
1399430442290761927	1540	1555	1483	1487
1399430442334819278	1535	1558	1480	1495
1399430442350790038	1533	1558	1483	1494
1399430442420750888	1535	1553	1488	1497
1399430442437746157	1542	1542	1494	1496
1399430442453717054	1541	1540	1501	1497
1399430442552700654	1540	1540	1501	1501
1399430442568640200	1540	1540	1502	1502
1399430442639640052	1523	1556	1506	1500
1399430442662650417	1529	1549	1511	1497
1399430442734512115	1542	1537	1519	1489
1399430442751584019	1547	1532	1525	1483
1399430442852423145	1545	1534	1509	1499
1399430442869401267	1540	1539	1502	1506
1399430442886547730	1531	1548	1501	1507
1399430442953336738	1524	1553	1504	1504
1399430442969345698	1526	1550	1515	1491
1399430443068365011	1529	1549	1518	1490
1399430443084429288	1539	1540	1514	1495
1399430443101408184	1539	1542	1511	1495
1399430443162505625	1531	1553	1494	1508
1399430443178398222	1535	1552	1500	1506
1399430443195321030	1545	1545	1499	1503
1399430443261344443	1550	1544	1497	1501
1399430443293303029	1560	1537	1496	1506
1399430443309330917	1562	1536	1495	1505
1399430443383301509	1562	1537	1496	1504
1399430443495267978	1557	1537	1497	1505
1399430443511199882	1553	1541	1501	1501
1399430443528149174	1551	1540	1500	1506
1399430443602123151	1548	1541	1495	1514
1399430443619193504	1548	1540	1492	1518
1399430443720083474	1541	1543	1498	1517
1399430443736993233	1540	1537	1477	1540
1399430443810077569	1517	1553	1498	1527
1399430443827094606	1507	1555	1514	1518
1399430443844053282	1529	1535	1518	1522
1399430443941112756	1534	1528	1531	1511
1399430443956933209	1529	1533	1532	1509
1399430444027947176	1529	1536	1521	1521
1399430444044932515	1534	1534	1514	1526
1399430444060837473	1525	1543	1506	1527
1399430444134926999	1521	1546	1506	1527
1399430444229900361	1529	1540	1510	1523
1399430444245879820	1535	1534	1510	1519
1399430444262716452	1547	1522	1507	1520
1399430444336871347	1535	1535	1510	1510
1399430444353697662	1532	1540	1507	1509
1399430444453786691	1538	1536	1506	1508
1399430444469705895	1537	1537	1507	1507
1399430444486767915	1545	1524	1508	1510
1399430444554809386	1546	1525	1508	1508
1399430444571739745	1536	1538	1507	1507
1399430444587700308	1528	1550	1504	1504
1399430444686639420	1519	1558	1516	1492
1399430444702582652	1531	1548	1507	1501
1399430444773652087	1542	1535	1501	1509
1399430444796503642	1552	1524	1497	1514
1399430444835538208	1558	1517	1499	1511
1399430444881537566	1547	1532	1518	1499
1399430444897541759	1549	1531	1515	1504
1399430444913515589	1547	1535	1502	1515
1399430444983409571	1552	1532	1514	1509
1399430444999484296	1550	1535	1501	1520
1399430445016487112	1547	1535	1502	1523
1399430445114889455	1545	1532	1518	1518
1399430445130498594	1538	1538	1532	1514
1399430445201365744	1526	1545	1534	1511
1399430445218356436	1524	1550	1529	1521
1399430445234264274	1522	1552	1511	1537
1399430445332274759	1524	1549	1510	1540
1399430445377271296	1525	1544	1527	1529
1399430445414239901	1526	1547	1534	1531
1399430445431125564	1536	1538	1527	1536
1399430445527229564	1541	1531	1531	1535
1399430445544187032	1538	1533	1519	1536
1399430445615210937	1536	1540	1508	1540
1399430445635180547	1525	1546	1517	1533
1399430445733143241	1535	1541	1523	1523
1399430445749117636	1531	1545	1506	1531
1399430445766060085	1539	1539	1514	1522
1399430445833978847	1540	1531	1525	1515
1399430445874884258	1545	1524	1523	1517
1399430445945970630	1542	1528	1510	1525
1399430445961853365	1542	1518	1521	1525
1399430445977863886	1535	1510	1534	1520
1399430446076910638	1531	1505	1538	1529
1399430446110890813	1518	1514	1535	1536
1399430446127872705	1518	1505	1536	1531
1399430446147871220	1518	1507	1539	1526
1399430446189846565	1513	1517	1544	1524
1399430446260846155	1505	1524	1533	1540
1399430446276667983	1505	1524	1538	1535
1399430446293794167	1511	1520	1547	1526
1399430446377790732	1508	1527	1544	1531
1399430446467719015	1509	1528	1533	1540
1399430446483775837	1507	1532	1538	1533
1399430446537833011	1501	1545	1548	1527
1399430446553769986	1522	1534	1537	1534
1399430446603713006	1539	1522	1519	1544
1399430446677773635	1540	1523	1513	1548
1399430446694609425	1535	1528	1528	1535
1399430446710618553	1527	1543	1545	1524
1399430446757727847	1511	1555	1545	1524
1399430446867426043	1503	1562	1539	1532
1399430446883400061	1517	1554	1528	1542
1399430446917454681	1531	1542	1527	1544
1399430446997430057	1536	1535	1535	1539
1399430447013498970	1536	1531	1536	1541
1399430447082331705	1528	1535	1536	1541
1399430447098481981	1522	1540	1539	1539
1399430447117359776	1526	1539	1535	1541
1399430447134463164	1526	1539	1531	1544
1399430447222530669	1531	1534	1531	1546
1399430447317301236	1531	1526	1535	1542
1399430447333351116	1525	1523	1539	1539
1399430447349375871	1519	1525	1542	1539
1399430447394315849	1510	1525	1545	1542
1399430447414315147	1515	1519	1548	1541
1399430447430334557	1518	1509	1544	1549
1399430447542222259	1518	1505	1542	1552
1399430447558290076	1514	1511	1544	1548
1399430447575260859	1517	1502	1540	1557
1399430447643133424	1516	1501	1542	1553
1399430447660191571	1511	1507	1544	1550
1399430447729133215	1511	1507	1545	1549
1399430447761181913	1490	1531	1559	1536
1399430447827192423	1494	1531	1547	1545
1399430447864078375	1504	1527	1536	1551
1399430447880109241	1506	1527	1538	1544
1399430447985118352	1506	1531	1540	1540
1399430448001097525	1509	1531	1542	1535
1399430448071966099	1507	1532	1542	1539
1399430448087894980	1517	1525	1537	1542
1399430448104835299	1532	1514	1528	1547
1399430448202886381	1535	1517	1520	1545
1399430448218917386	1536	1517	1520	1544
1399430448289956753	1531	1526	1528	1535
1399430448306983848	1523	1533	1541	1521
1399430448322878256	1516	1539	1542	1520
1399430448364836620	1517	1540	1532	1531
1399430448407910878	1521	1538	1532	1532
1399430448426877673	1529	1527	1532	1535
1399430448499799564	1539	1511	1532	1535
1399430448516830065	1543	1506	1531	1536
1399430448533623962	1537	1514	1524	1542
1399430448631718827	1525	1527	1521	1541
1399430448648707054	1520	1532	1518	1544
1399430448719732442	1524	1526	1520	1540
1399430448735625788	1525	1525	1529	1529
1399430448752730605	1535	1518	1535	1518
1399430448825478527	1540	1509	1521	1527
1399430448920444170	1531	1526	1510	1533
1399430448937438101	1520	1534	1502	1535
1399430448953409411	1516	1539	1518	1518
1399430449028426716	1526	1532	1526	1507
1399430449044406395	1540	1519	1514	1514
1399430449145415551	1547	1518	1506	1517
1399430449162458903	1536	1533	1508	1513
1399430449178465845	1522	1544	1507	1511
1399430449247400873	1507	1555	1511	1507
1399430449264357592	1515	1554	1513	1504
1399430449280395084	1528	1544	1508	1508
1399430449379207861	1535	1539	1509	1505
1399430449395345732	1544	1528	1508	1508
1399430449472324093	1552	1522	1503	1509
1399430449491289149	1554	1525	1510	1496
1399430449562348889	1558	1525	1503	1507
1399430449604191462	1557	1522	1505	1509
1399430449675170431	1544	1528	1506	1519
1399430449691100923	1533	1531	1519	1517
1399430449708263113	1531	1528	1519	1523
1399430449750117772	1531	1522	1515	1533
1399430449766202442	1525	1521	1514	1539
1399430449807051411	1515	1527	1527	1531
1399430449824043869	1516	1520	1532	1532
1399430449895025270	1511	1522	1526	1539
1399430449912029475	1513	1525	1514	1545
1399430449927990594	1521	1517	1509	1549
1399430450025905259	1534	1509	1515	1540
1399430450096956100	1549	1488	1517	1543
1399430450113977887	1524	1516	1531	1531
1399430450129914625	1497	1542	1540	1517
1399430450203824129	1510	1540	1533	1519
1399430450220882791	1529	1531	1522	1522
1399430450321895464	1543	1523	1508	1523
1399430450337776779	1548	1525	1506	1521
1399430450354815620	1549	1529	1504	1517
1399430450422855674	1551	1523	1491	1521
1399430450439772498	1545	1528	1486	1528
1399430450536738299	1536	1535	1497	1522
1399430450553730098	1525	1543	1506	1515
1399430450629696938	1526	1542	1516	1505
1399430450646663587	1531	1540	1519	1500
1399430450662652463	1539	1537	1518	1503
1399430450736643633	1543	1536	1513	1504
1399430450779595372	1546	1540	1502	1510
1399430450849572894	1559	1533	1482	1526
1399430450866592448	1563	1535	1474	1525
1399430450882536869	1555	1547	1490	1501
1399430450956617118	1557	1552	1496	1487
1399430450997458463	1558	1553	1491	1487
1399430451067465413	1569	1544	1488	1488
1399430451083520391	1578	1537	1486	1488
1399430451100441991	1574	1543	1499	1482
1399430451174539608	1562	1554	1498	1483
1399430451191485442	1556	1562	1494	1485
1399430451289475068	1558	1555	1495	1490
1399430451305349932	1567	1544	1503	1486
1399430451376435502	1570	1539	1511	1488
1399430451393332945	1564	1543	1511	1490
1399430451409316210	1553	1550	1503	1503
1399430451510300219	1549	1549	1502	1510
1399430451527250132	1548	1549	1506	1517
1399430451597231887	1544	1548	1511	1518
1399430451613212968	1544	1544	1517	1517
1399430451630224069	1554	1535	1510	1523
1399430451709387107	1567	1518	1516	1520
1399430451804314316	1566	1513	1525	1525
1399430451820087566	1553	1520	1527	1531
1399430451836141836	1543	1523	1535	1532
1399430451909177104	1540	1517	1545	1534
1399430451926085344	1538	1510	1546	1540
1399430451994068555	1532	1514	1541	1548
1399430452011115396	1522	1518	1540	1553
1399430452030031556	1519	1519	1542	1553
1399430452046086795	1515	1517	1542	1555
1399430452062024658	1513	1523	1543	1551
1399430452161024398	1519	1519	1551	1544
1399430452231991427	1524	1511	1558	1535
1399430452247985786	1529	1504	1553	1542
1399430452263931032	1538	1496	1544	1549
1399430452364919192	1528	1509	1537	1555
1399430452380882480	1511	1520	1540	1550
1399430452450926980	1521	1510	1555	1535
1399430452467931333	1527	1506	1554	1531
1399430452564937203	1526	1514	1548	1533
1399430452586293642	1531	1520	1527	1541
1399430452657772696	1531	1525	1519	1536
1399430452674823203	1538	1525	1523	1525
1399430452776844813	1545	1531	1521	1513
1399430452792838191	1542	1542	1516	1507
1399430452809855825	1543	1554	1496	1510
1399430452882823777	1557	1549	1481	1515
1399430452978780519	1557	1555	1492	1495
1399430452994794612	1561	1556	1489	1483
1399430453010852864	1564	1559	1485	1479
1399430453084618240	1558	1569	1470	1485
1399430453126781877	1553	1574	1468	1487
1399430453196898289	1549	1581	1473	1478
1399430453212635768	1551	1582	1476	1476
1399430453267704838	1560	1570	1471	1484
1399430453325532921	1568	1562	1485	1470
1399430453403584018	1574	1549	1483	1481
1399430453474862179	1563	1552	1485	1485
1399430453491406521	1562	1552	1482	1490
1399430453625471766	1557	1550	1483	1498
1399430453641537803	1553	1549	1490	1497
1399430453658491780	1549	1552	1498	1500
1399430453727544804	1548	1551	1500	1500
1399430453743461193	1544	1551	1504	1500
1399430453759317465	1544	1549	1504	1504
1399430453858309984	1549	1540	1506	1510
1399430453874512767	1553	1531	1508	1515
1399430453945425281	1544	1533	1509	1522
1399430453961359909	1536	1540	1517	1521
1399430453978405118	1531	1545	1513	1525
1399430454077188199	1528	1549	1509	1531
1399430454146243715	1537	1545	1516	1518
1399430454163321912	1551	1531	1527	1506
1399430454179312441	1558	1520	1531	1505
1399430454253177083	1555	1524	1518	1518
1399430454270148787	1547	1539	1505	1524
1399430454338318381	1544	1544	1491	1535
1399430454354217853	1550	1537	1488	1537
1399430454373214561	1556	1527	1514	1514
1399430454390235769	1561	1521	1528	1499
1399430454468306039	1567	1520	1523	1502
1399430454510150391	1564	1527	1511	1509
1399430454587233265	1548	1551	1499	1514
1399430454603949214	1544	1558	1490	1514
1399430454620142496	1540	1565	1499	1501
1399430454662003918	1552	1555	1491	1506
1399430454702055336	1557	1550	1491	1506
1399430454718067647	1558	1547	1501	1499
1399430454792949303	1558	1548	1505	1499
1399430454808995123	1558	1549	1506	1496
1399430454825996949	1554	1554	1507	1497
1399430454926099732	1548	1561	1504	1500
1399430454942890318	1542	1562	1496	1515
1399430455013889401	1540	1563	1500	1510
1399430455029932209	1551	1554	1497	1516
1399430455047007679	1557	1544	1490	1528
1399430455118836677	1552	1549	1492	1526
1399430455159874335	1555	1544	1496	1525
1399430455230713416	1554	1544	1508	1513
1399430455247739067	1560	1540	1509	1509
1399430455263679232	1568	1537	1509	1503
1399430455304718116	1563	1542	1508	1496
1399430455345908001	1562	1547	1503	1497
1399430455361787598	1560	1550	1492	1505
1399430455443700725	1553	1553	1484	1514
1399430455459787764	1552	1553	1491	1508
1399430455476681701	1553	1551	1499	1507
1399430455548552195	1558	1540	1503	1505
1399430455589559575	1564	1527	1517	1500
1399430455660445285	1558	1531	1518	1499
1399430455676471502	1544	1546	1513	1502
1399430455693461521	1535	1554	1504	1513
1399430455766434359	1535	1552	1499	1520
1399430455824428370	1547	1540	1495	1524
1399430455841457996	1560	1524	1498	1523
1399430455861453508	1567	1511	1504	1521
1399430455877423555	1559	1517	1519	1510
1399430455894437695	1545	1528	1535	1500
1399430455976365961	1536	1536	1534	1503
1399430456016463133	1535	1537	1524	1514
1399430456087417589	1531	1545	1510	1523
1399430456104407304	1539	1539	1509	1522
1399430456120412206	1549	1527	1506	1525
1399430456161317682	1540	1536	1508	1525
1399430456202352836	1534	1544	1511	1520
1399430456218329396	1533	1543	1517	1517
1399430456289404248	1535	1540	1522	1514
1399430456313409466	1534	1542	1525	1508
1399430456329344580	1532	1545	1522	1505
1399430456369246394	1529	1551	1508	1515
1399430456426190875	1528	1552	1502	1517
1399430456506323859	1533	1553	1499	1514
1399430456523215148	1538	1551	1496	1513
1399430456539308152	1541	1548	1496	1500
1399430456612268697	1551	1543	1494	1504
1399430456654136501	1560	1537	1487	1506
1399430456725132040	1560	1539	1502	1489
1399430456741286520	1559	1541	1499	1490
1399430456757109205	1553	1549	1498	1489
1399430456794975432	1553	1550	1498	1491
1399430456811962343	1552	1550	1500	1491
1399430456865943434	1551	1548	1500	1496
1399430456939882050	1550	1545	1509	1490
1399430456955856123	1547	1544	1510	1496
1399430456972896871	1542	1550	1511	1497
1399430457051831928	1543	1551	1502	1504
1399430457146812480	1553	1541	1496	1510
1399430457163794032	1562	1531	1506	1506
1399430457179773928	1558	1533	1515	1500
1399430457253839005	1558	1531	1511	1505
1399430457270692750	1547	1539	1518	1503
1399430457286726229	1548	1536	1519	1504
1399430457387707351	1550	1532	1511	1514
1399430457403616761	1548	1536	1514	1509
1399430457481597088	1548	1541	1513	1504
1399430457497632496	1542	1550	1511	1501
1399430457514624100	1544	1552	1509	1499
1399430457611675703	1549	1548	1504	1502
1399430457682835681	1561	1540	1497	1509
1399430457698636924	1560	1540	1504	1502
1399430457715780005	1559	1540	1502	1506
1399430457788787823	1561	1538	1508	1500
1399430457805658139	1562	1535	1506	1504
1399430457906606073	1558	1540	1501	1505
1399430457922590368	1556	1544	1494	1508
1399430457939606712	1558	1543	1491	1510
1399430458010615920	1554	1543	1505	1501
1399430458026602912	1558	1538	1506	1502
1399430458124429429	1558	1532	1502	1513
1399430458140425784	1553	1531	1501	1522
1399430458156523195	1553	1528	1499	1531
1399430458228425704	1552	1526	1499	1537
1399430458244534427	1552	1518	1502	1541
1399430458261508833	1542	1516	1511	1545
1399430458360405922	1531	1522	1520	1542
1399430458428455951	1519	1525	1527	1543
1399430458452375339	1513	1529	1531	1544
1399430458468334624	1510	1529	1531	1546
1399430458544322295	1510	1519	1525	1553
1399430458612295651	1514	1514	1518	1560
1399430458628238287	1524	1501	1514	1565
1399430458663202505	1519	1510	1520	1557
1399430458679271673	1529	1502	1531	1547
1399430458753192411	1533	1500	1537	1539
1399430458795145965	1533	1506	1534	1537
1399430458830077279	1529	1515	1531	1540
1399430458846118877	1522	1522	1522	1544
1399430458866073046	1521	1521	1528	1540
1399430458883164674	1531	1509	1542	1532
1399430458982991338	1531	1501	1550	1526
1399430458998940347	1537	1492	1551	1525
1399430459015951860	1525	1504	1538	1541
1399430459087932102	1517	1515	1519	1556
1399430459103878515	1511	1518	1509	1565
1399430459120887689	1497	1526	1526	1550
1399430459217852299	1511	1507	1535	1546
1399430459288777135	1523	1489	1543	1543
1399430459304833298	1518	1486	1550	1532
1399430459321753388	1523	1479	1535	1549
1399430459394951444	1516	1486	1526	1557
1399430459436910818	1509	1490	1524	1560
1399430459506832777	1498	1498	1535	1554
1399430459523830050	1496	1494	1545	1545
1399430459545752229	1504	1483	1549	1544
1399430459614857278	1508	1483	1556	1536
1399430459630773857	1503	1488	1549	1537
1399430459727752065	1503	1497	1542	1537
1399430459743782043	1502	1504	1537	1534
1399430459759685287	1506	1513	1527	1533
1399430459831663148	1513	1510	1523	1533
1399430459847567093	1520	1505	1532	1518
1399430459945528314	1526	1501	1534	1514
1399430459961515828	1524	1505	1535	1509
1399430460032741532	1523	1508	1533	1510
1399430460049657465	1532	1499	1529	1515
1399430460065672757	1532	1499	1516	1528
1399430460140675609	1526	1501	1521	1527
1399430460182556754	1518	1505	1531	1522
1399430460252544491	1511	1509	1528	1526
1399430460269531057	1511	1507	1528	1528
1399430460285438492	1505	1505	1532	1532
1399430460326318595	1496	1508	1538	1531
1399430460384349121	1489	1515	1538	1535
1399430460400342294	1489	1515	1536	1536
1399430460472355607	1491	1513	1533	1540
1399430460489408666	1502	1508	1533	1538
1399430460506434470	1508	1508	1539	1526
1399430460607264196	1521	1502	1546	1515
1399430460647387519	1524	1503	1544	1514
1399430460664449944	1528	1507	1526	1526
1399430460698433965	1533	1523	1520	1528
1399430460795724108	1539	1518	1508	1536
1399430460812287498	1533	1533	1525	1525
1399430460828263581	1528	1535	1528	1524
1399430460900301234	1536	1529	1514	1535
1399430460916195491	1544	1526	1511	1532
1399430460933267514	1552	1518	1514	1528
1399430461010990808	1554	1523	1521	1525
1399430461026980778	1546	1535	1525	1519
1399430461102178318	1544	1534	1518	1531
1399430461118133493	1536	1536	1527	1527
1399430461249091765	1554	1529	1517	1531
1399430461322985639	1543	1543	1523	1523
1399430461363985596	1540	1546	1524	1514
1399430461434920085	1542	1545	1524	1511
1399430461451984201	1547	1540	1517	1519
1399430461497015251	1552	1534	1519	1515
1399430461513905074	1561	1521	1532	1503
1399430461557941200	1563	1518	1529	1502
1399430461574905986	1553	1533	1520	1509
1399430461646961441	1541	1548	1513	1513
1399430461663886807	1540	1553	1513	1513
1399430461679857055	1550	1544	1511	1511
1399430461752877522	1565	1528	1506	1517
1399430461793760754	1565	1526	1504	1517
1399430461864816713	1565	1524	1502	1521
1399430461881822472	1554	1533	1507	1516
1399430461897753162	1553	1531	1508	1519
1399430461971707072	1549	1533	1513	1517
1399430462068681925	1544	1540	1516	1516
1399430462084698620	1546	1538	1511	1520
1399430462100664630	1548	1540	1510	1521
1399430462174709629	1556	1529	1509	1524
1399430462190617375	1558	1526	1508	1525
1399430462207584723	1558	1529	1509	1522
1399430462274622021	1556	1535	1514	1518
1399430462305705758	1560	1528	1513	1521
1399430462321659804	1559	1527	1514	1522
1399430462396553579	1552	1532	1519	1521
1399430462530531367	1535	1541	1514	1535
1399430462602649659	1529	1541	1516	1539
1399430462619486348	1526	1540	1514	1544
1399430462635482346	1534	1526	1506	1549
1399430462735304445	1540	1517	1509	1549
1399430462752304725	1545	1505	1522	1542
1399430462822298204	1546	1496	1533	1536
1399430462838216184	1534	1509	1536	1535
1399430462855304053	1522	1518	1537	1537
1399430462925480890	1511	1526	1538	1538
1399430462941363144	1507	1528	1540	1537
1399430462958381849	1510	1525	1539	1539
1399430463031381994	1519	1519	1532	1544
1399430463048289123	1517	1521	1527	1551
1399430463064168072	1515	1523	1529	1549
1399430463131170363	1516	1524	1535	1542
1399430463162191392	1504	1540	1543	1536
1399430463178111871	1521	1527	1544	1534
1399430463253181400	1533	1513	1543	1536
1399430463381110141	1525	1523	1522	1560
1399430463397322395	1526	1522	1519	1562
1399430463477025326	1522	1522	1529	1561
1399430463492939799	1521	1523	1532	1558
1399430463559578931	1521	1525	1529	1559
1399430463590004634	1535	1510	1526	1562
1399430463607015372	1545	1497	1532	1557
1399430463681984412	1546	1494	1534	1557
1399430463722999850	1535	1506	1538	1554
1399430463792946923	1521	1517	1544	1551
1399430463809991410	1515	1521	1542	1562
1399430463826290956	1504	1529	1557	1549
1399430463900724028	1514	1518	1552	1555
1399430463917798023	1517	1508	1558	1551
1399430464014838629	1521	1502	1555	1555
1399430464031712049	1518	1499	1544	1571
1399430464102874537	1500	1519	1547	1567
1399430464119799657	1492	1520	1540	1572
1399430464135717081	1487	1525	1550	1565
1399430464235676485	1500	1508	1562	1556
1399430464251636157	1518	1495	1563	1552
1399430464322649405	1528	1488	1556	1556
1399430464339685453	1522	1503	1551	1554
1399430464355738869	1520	1505	1548	1548
1399430464393603684	1520	1516	1542	1545
1399430464456656147	1538	1506	1549	1525
1399430464530703585	1535	1516	1545	1524
1399430464547544755	1525	1529	1538	1527
1399430464563671839	1527	1533	1527	1533
1399430464663522555	1535	1522	1524	1537
1399430464680507901	1533	1521	1537	1520
1399430464749480743	1534	1516	1539	1522
1399430464766434284	1534	1509	1538	1529
1399430464782435220	1521	1519	1535	1536
1399430464855473954	1519	1519	1533	1540
1399430464896352609	1514	1518	1533	1544
1399430464967436639	1509	1520	1535	1544
1399430464984296831	1510	1517	1540	1540
1399430465000413604	1515	1515	1540	1540
1399430465070339749	1522	1511	1539	1537
1399430465110365132	1524	1511	1537	1537
1399430465146284816	1518	1526	1534	1534
1399430465162268540	1511	1539	1536	1523
1399430465182285187	1513	1544	1535	1517
1399430465199268869	1531	1535	1520	1522
1399430465215284883	1544	1523	1511	1526
1399430465313290472	1553	1516	1511	1522
1399430465347118733	1553	1519	1517	1515
1399430465363217601	1554	1523	1524	1501
1399430465386204120	1563	1522	1522	1501
1399430465406210013	1558	1532	1514	1505
1399430465500063309	1548	1546	1508	1506
1399430465520036146	1543	1556	1505	1503
1399430465536072286	1538	1564	1508	1496
1399430465609020355	1559	1559	1502	1502
1399430465624996040	1563	1557	1501	1501
1399430465641969026	1566	1553	1486	1509
1399430465741096261	1570	1555	1497	1507
1399430465810911734	1565	1558	1500	1506
1399430465827876247	1573	1553	1505	1501
1399430465843851793	1570	1558	1500	1508
1399430465918852546	1566	1562	1494	1515
1399430465959893240	1572	1559	1495	1518
1399430466030927224	1564	1564	1504	1513
1399430466046909906	1562	1560	1507	1522
1399430466063909425	1564	1554	1508	1533
1399430466137145250	1554	1556	1525	1527
1399430466153883022	1544	1560	1535	1528
1399430466250844361	1544	1558	1535	1534
1399430466266812046	1533	1564	1535	1540
1399430466283743284	1529	1562	1536	1540
1399430466354730931	1534	1553	1543	1538
1399430466371792971	1537	1547	1542	1542
1399430466468596969	1534	1547	1542	1542
1399430466485528377	1541	1535	1543	1546
1399430466562538273	1535	1534	1550	1539
1399430466578554808	1546	1517	1552	1540
1399430466595526189	1552	1507	1553	1540
1399430466669638658	1538	1521	1553	1537
1399430466709518042	1534	1528	1549	1540
1399430466780608035	1529	1535	1552	1535
1399430466797434132	1535	1525	1547	1540
1399430466813559093	1540	1521	1541	1544
1399430466854455681	1536	1523	1537	1547
1399430466894410639	1531	1531	1540	1544
1399430466911401817	1528	1532	1540	1544
1399430466984519375	1531	1535	1538	1538
1399430467001451367	1532	1534	1539	1537
1399430467017423595	1535	1534	1535	1537
1399430467091355595	1540	1523	1525	1538
1399430467133333947	1540	1523	1523	1540
1399430467203283487	1544	1519	1524	1537
1399430467220393178	1549	1520	1524	1532
1399430467236406261	1552	1518	1517	1536
1399430467277351488	1554	1517	1516	1535
1399430467334414303	1547	1511	1524	1537
1399430467350355420	1549	1503	1519	1540
1399430467419359528	1540	1507	1527	1538
1399430467436233155	1543	1500	1536	1533
1399430467455319570	1537	1505	1548	1521
1399430467555375189	1533	1504	1547	1528
1399430467625214304	1540	1491	1528	1550
1399430467641129194	1525	1508	1531	1549
1399430467658256823	1519	1517	1536	1544
1399430467731386039	1516	1509	1538	1544
1399430467774242127	1513	1508	1543	1543
1399430467844191988	1513	1508	1538	1551
1399430467860939148	1505	1520	1537	1549
1399430467876987911	1511	1520	1539	1542
1399430467950011088	1509	1524	1538	1538
1399430467966016858	1519	1521	1542	1528
1399430468062902861	1525	1519	1539	1528
1399430468078941318	1526	1526	1532	1532
1399430468095847564	1539	1518	1518	1539
1399430468166950598	1534	1528	1504	1543
1399430468183927529	1545	1518	1500	1543
1399430468280737599	1549	1522	1507	1531
1399430468296806814	1548	1527	1524	1509
1399430468368914107	1555	1526	1519	1506
1399430468385831889	1548	1541	1513	1504
1399430468401823075	1557	1539	1488	1520
1399430468474994031	1562	1535	1478	1528
1399430468517685299	1564	1533	1483	1523
1399430468587792031	1562	1535	1495	1516
1399430468610737792	1553	1540	1505	1509
1399430468627156939	1551	1540	1509	1509
1399430468698770020	1555	1532	1509	1514
1399430468757750876	1558	1525	1506	1521
1399430468773693794	1557	1526	1503	1528
1399430468794608846	1556	1527	1501	1531
1399430468810689007	1563	1522	1502	1529
1399430468826517860	1561	1529	1516	1516
1399430468902606614	1553	1538	1520	1511
1399430468945651684	1551	1540	1515	1517
1399430469015666863	1544	1544	1518	1518
1399430469032516602	1541	1544	1513	1525
1399430469048601528	1544	1542	1506	1531
1399430469121567846	1551	1533	1508	1531
1399430469162556404	1553	1528	1513	1536
1399430469223345611	1546	1531	1519	1536
1399430469239567654	1544	1528	1529	1533
1399430469256505591	1542	1522	1532	1531
1399430469329506330	1537	1526	1532	1532
1399430469346551622	1533	1531	1531	1533
1399430469436424472	1535	1524	1528	1539
1399430469453385640	1536	1519	1525	1544
1399430469469429540	1528	1526	1532	1540
1399430469507395978	1529	1523	1534	1540
1399430469524349716	1531	1520	1525	1549
1399430469571358465	1524	1524	1529	1544
1399430469587360218	1526	1522	1531	1543
1399430469661217277	1524	1524	1535	1535
1399430469678262327	1522	1531	1535	1528
1399430469694216817	1528	1526	1531	1531
1399430469768161154	1532	1524	1533	1527
1399430469862132009	1534	1524	1528	1531
1399430469879095937	1533	1525	1525	1533
1399430469895083136	1528	1532	1529	1527
1399430469969184882	1524	1537	1528	1522
1399430469986159782	1520	1542	1533	1515
1399430470086105014	1524	1540	1529	1517
1399430470103081231	1537	1528	1518	1528
1399430470119067236	1534	1532	1514	1532
1399430470187026076	1529	1538	1507	1539
1399430470203954819	1523	1544	1503	1540
1399430470219988696	1513	1553	1519	1519
1399430470318973788	1527	1541	1520	1518
1399430470335961957	1537	1532	1519	1519
1399430470407951971	1550	1522	1515	1521
1399430470423913060	1551	1525	1508	1523
1399430470441080343	1539	1539	1509	1518
1399430470539824469	1538	1540	1510	1513
1399430470609890077	1533	1543	1513	1513
1399430470628747686	1526	1547	1503	1524
1399430470648823016	1539	1539	1491	1531
1399430470714836540	1553	1521	1494	1531
1399430470738756703	1543	1527	1505	1514
1399430470840726420	1535	1535	1525	1496
1399430470856569633	1535	1531	1524	1501
1399430470928614210	1534	1534	1525	1506
1399430470944521362	1541	1525	1509	1522
1399430470961566402	1546	1515	1500	1535
1399430471060511162	1545	1514	1501	1535
1399430471077510118	1547	1507	1513	1529
1399430471147501485	1545	1505	1525	1513
1399430471164478318	1540	1513	1523	1515
1399430471180457311	1545	1509	1519	1523
1399430471254482371	1540	1519	1521	1523
1399430471295460561	1540	1518	1523	1521
1399430471372347706	1557	1501	1519	1525
1399430471388343449	1545	1516	1524	1520
1399430471463353116	1535	1528	1517	1531
1399430471480294173	1523	1538	1511	1534
1399430471581403388	1529	1536	1517	1525
1399430471598350321	1549	1520	1510	1529
1399430471614336734	1555	1516	1513	1523
1399430471682396866	1554	1521	1516	1511
1399430471699342917	1555	1528	1519	1504
1399430471716211325	1557	1531	1509	1509
1399430471819283452	1545	1542	1501	1509
1399430471855400555	1541	1551	1506	1506
1399430471872368709	1543	1549	1498	1515
1399430471907362826	1565	1522	1516	1501
1399430472009230217	1565	1518	1523	1498
1399430472026100547	1554	1527	1531	1494
1399430472042798784	1545	1532	1528	1503
1399430472110157784	1542	1532	1521	1515
1399430472127170374	1538	1535	1514	1532
1399430472143139130	1542	1526	1492	1552
1399430472352013218	1556	1541	1496	1538
1399430472422971000	1571	1527	1491	1540
1399430472439966724	1562	1541	1503	1532
1399430472455943060	1535	1569	1516	1520
1399430472555754958	1533	1571	1516	1520
1399430472571803808	1540	1558	1521	1521
1399430472649766441	1552	1550	1522	1524
1399430472665721083	1558	1546	1507	1535
1399430472761801982	1547	1553	1518	1526
1399430472778818879	1538	1558	1536	1508
1399430472849732706	1544	1552	1525	1521
1399430472865643752	1542	1549	1511	1535
1399430472966592403	1544	1540	1521	1535
1399430472983577683	1544	1534	1539	1520
1399430472999582364	1532	1539	1546	1515
1399430473070544985	1535	1535	1533	1533
1399430473110528558	1532	1535	1539	1528
1399430473182485700	1531	1535	1542	1526
1399430473198473765	1531	1534	1541	1529
1399430473215466273	1534	1522	1547	1531
1399430473295416220	1539	1511	1540	1541
1399430473388621302	1527	1527	1529	1549
1399430473414592402	1525	1525	1535	1547
1399430473522441442	1527	1519	1550	1535
1399430473539372239	1531	1507	1562	1521
1399430473609312861	1526	1511	1558	1534
1399430473625333883	1518	1522	1544	1547
1399430473642427359	1513	1521	1531	1558
1399430473717430093	1509	1528	1527	1558
1399430473734394258	1506	1529	1535	1553
1399430473751406322	1504	1531	1547	1547
1399430473825328674	1515	1523	1549	1543
1399430473842486243	1518	1514	1544	1547
1399430473921234324	1521	1517	1540	1553
1399430473963303537	1521	1517	1536	1556
1399430474034138945	1531	1515	1535	1558
1399430474050148463	1526	1520	1541	1551
1399430474066088755	1516	1531	1546	1546
1399430474140248920	1511	1532	1544	1547
1399430474181184615	1504	1538	1545	1545
1399430474253276671	1516	1532	1544	1546
1399430474270120673	1533	1515	1538	1549
1399430474286140172	1537	1514	1535	1549
1399430474359151871	1536	1517	1533	1549
1399430474376119815	1524	1534	1539	1540
1399430474475074306	1518	1540	1539	1539
1399430474493967637	1374	1437	1432	1392
1399430474532937705	1390	1426	1425	1395
1399430474549997191	1398	1413	1416	1395
1399430474608813509	1429	1387	1408	1399
1399430474680854825	1424	1379	1397	1393
1399430474696760697	1420	1384	1399	1391
1399430474713742397	1409	1394	1397	1393
1399430474786892439	1391	1402	1390	1386
1399430474900781276	1378	1418	1379	1392
1399430474916804994	1376	1406	1369	1388
1399430474987833555	1388	1396	1368	1387
1399430475004844415	1394	1379	1366	1383
1399430475020792960	1396	1371	1366	1385
1399430478054985105	1392	1371	1370	1385
1399430478055003305	1381	1367	1367	1381
1399430478055016602	1379	1369	1369	1379
1399430478055029381	1320	1432	1469	1270
1399430478055041820	1342	1368	1450	1315
1399430478055054804	1349	1357	1408	1361
1399430478055071111	1175	1175	1175	1175
1399430478055083761	1175	1175	1175	1175
1399430478055096448	1175	1175	1175	1175
1399430478055111326	1175	1175	1175	1175
1399430478055127713	1175	1175	1175	1175
1399430478055140096	1175	1175	1175	1175
1399430478055152621	1175	1175	1175	1175
1399430478055165411	1175	1175	1175	1175
1399430478055177584	1175	1175	1175	1175
1399430478055189974	1175	1175	1175	1175
1399430478055205759	1175	1175	1175	1175
1399430478055218286	1175	1175	1175	1175
1399430478055231164	1175	1175	1175	1175
1399430478055243954	1175	1175	1175	1175
1399430478055259253	1175	1175	1175	1175
1399430478055271596	1175	1175	1175	1175
1399430478055283775	1175	1175	1175	1175
1399430478055296091	1175	1175	1175	1175
1399430478055308600	1175	1175	1175	1175
1399430478055321207	1175	1175	1175	1175
1399430478055337008	1175	1175	1175	1175
1399430478055349430	1175	1175	1175	1175
1399430478055361978	1175	1175	1175	1175
1399430478055374399	1175	1175	1175	1175
1399430478055386740	1175	1175	1175	1175
1399430478055402267	1175	1175	1175	1175
1399430478055414634	1175	1175	1175	1175
1399430478055429076	1175	1175	1175	1175
1399430478055441502	1175	1175	1175	1175
1399430478055453995	1175	1175	1175	1175
1399430478055466382	1175	1175	1175	1175
1399430478055482031	1175	1175	1175	1175
1399430478055494259	1175	1175	1175	1175
1399430478055506506	1175	1175	1175	1175
1399430478055518592	1175	1175	1175	1175
1399430478055530621	1175	1175	1175	1175
1399430478055546068	1175	1175	1175	1175
1399430478055558432	1175	1175	1175	1175
1399430478055570519	1175	1175	1175	1175
1399430478055583064	1175	1175	1175	1175
1399430478055595534	1175	1175	1175	1175
1399430478055607563	1175	1175	1175	1175
1399430478055626365	1175	1175	1175	1175
1399430478055650610	1175	1175	1175	1175
1399430478055664557	1175	1175	1175	1175
1399430478055677087	1175	1175	1175	1175
1399430478055689649	1175	1175	1175	1175
1399430478055704998	1105	1105	1105	1105
1399430478055717683	1105	1105	1105	1105
1399430478055729909	1105	1105	1105	1105
1399430478055742398	1105	1105	1105	1105
1399430478055754824	1105	1105	1105	1105
