#Time	 Roll 	 Pitch 	 Yaw
1399575959057892161	-0.0617356	-0.0117225	0.431387
1399575959075033207	-0.0617285	-0.0117424	0.431388
1399575959092005382	-0.0617357	-0.0117238	0.4314
1399575959214991496	-0.0617282	-0.0117309	0.431409
1399575959231893136	-0.0617362	-0.011753	0.4314
1399575959274762193	-0.0617054	-0.0117622	0.431361
1399575959296756927	-0.0616993	-0.0117721	0.431344
1399575959313709284	-0.0616915	-0.0117751	0.431326
1399575959370759304	-0.0616929	-0.0117871	0.431369
1399575959388690809	-0.0616998	-0.0117739	0.431383
1399575959404686695	-0.0617022	-0.0117628	0.431421
1399575959455703224	-0.0616785	-0.0117607	0.431463
1399575959534679631	-0.0616764	-0.0117422	0.431497
1399575959551616437	-0.0616711	-0.0117375	0.431536
1399575959574687078	-0.0616679	-0.0117373	0.431555
1399575959644749024	-0.0616668	-0.0117485	0.431575
1399575959691678216	-0.0616821	-0.011765	0.431574
1399575959714672881	-0.0616999	-0.0117681	0.43161
1399575959730694507	-0.0617127	-0.0117682	0.431649
1399575959845642074	-0.0617146	-0.0117809	0.431691
1399575959862541222	-0.0617011	-0.0117851	0.43173
1399575959878624261	-0.0617102	-0.011811	0.431758
1399575959972538646	-0.0617255	-0.0118123	0.431766
1399575959988532418	-0.0617393	-0.0118223	0.431798
1399575960005420128	-0.0617483	-0.0118071	0.431793
1399575960022474234	-0.0617489	-0.011827	0.431834
1399575960056481948	-0.0617462	-0.0118537	0.431842
1399575960132540960	-0.0617455	-0.0118478	0.431815
1399575960148510997	-0.0617492	-0.0118209	0.431787
1399575960211553528	-0.0617616	-0.0118292	0.431771
1399575960229586215	-0.0617533	-0.0118202	0.431746
1399575960245587541	-0.0617378	-0.0118225	0.431722
1399575960371448652	-0.061756	-0.0118343	0.431725
1399575960411446972	-0.0617596	-0.0118203	0.431725
1399575960481456382	-0.0617515	-0.0118204	0.43168
1399575960498448207	-0.0617393	-0.011808	0.431631
1399575960514402898	-0.0617352	-0.0118108	0.43161
1399575960564374066	-0.0617268	-0.0118164	0.431586
1399575960592253731	-0.0617382	-0.0118178	0.431576
1399575960624299373	-0.0617279	-0.0118335	0.431608
1399575960699177679	-0.0617169	-0.0118478	0.43161
1399575960716190074	-0.0617035	-0.0118485	0.431623
1399575960767148671	-0.0617268	-0.0118526	0.431639
1399575960814172798	-0.0617202	-0.0118793	0.431658
1399575960830094097	-0.0617411	-0.0118853	0.431692
1399575960871230942	-0.0617457	-0.0119098	0.431681
1399575960907260494	-0.0617511	-0.011899	0.431705
1399575960970281501	-0.061795	-0.0119033	0.431717
1399575961013337804	-0.0617923	-0.0119216	0.431743
1399575961030221704	-0.0617973	-0.0119475	0.431756
1399575961083186306	-0.0617808	-0.0119409	0.431781
1399575961100221777	-0.0617821	-0.011949	0.431821
1399575961125267530	-0.0617814	-0.0119613	0.431872
1399575961186166710	-0.061797	-0.0119907	0.431913
1399575961234171479	-0.0618105	-0.0120071	0.431944
1399575961276131562	-0.0618025	-0.0120087	0.431955
1399575961293108473	-0.0617933	-0.0120044	0.431989
1399575961398063181	-0.0617885	-0.0119896	0.431978
1399575961413974764	-0.0617747	-0.0119858	0.431957
1399575961460086723	-0.0617554	-0.011996	0.431931
1399575961495039742	-0.0617704	-0.0120008	0.431883
1399575961511004764	-0.061763	-0.0119865	0.431893
1399575961604908919	-0.0617741	-0.0119388	0.431917
1399575961624982221	-0.0617732	-0.0119064	0.431926
1399575961640905650	-0.0617855	-0.0119265	0.431948
1399575961681946930	-0.0617935	-0.0119321	0.431955
1399575961716951379	-0.0618173	-0.0119364	0.431965
1399575961733872187	-0.061825	-0.0119416	0.431969
1399575961845876140	-0.0618365	-0.0119288	0.431986
1399575961862827152	-0.0618175	-0.0119211	0.432005
1399575961922768058	-0.0618044	-0.011918	0.432008
1399575961939764851	-0.061834	-0.0119321	0.431978
1399575961969754589	-0.0618302	-0.0119431	0.432007
1399575962032661393	-0.061827	-0.0119371	0.431986
1399575962131682520	-0.0618248	-0.011948	0.432014
1399575962147607955	-0.0618187	-0.0119497	0.432021
1399575962255644976	-0.0618118	-0.0119446	0.432035
1399575962278594005	-0.0618521	-0.0119284	0.43202
1399575962346570422	-0.0618589	-0.0119483	0.432023
1399575962362599878	-0.0618665	-0.0119332	0.432054
1399575962382615282	-0.0618488	-0.0119277	0.432066
1399575962435579549	-0.0618442	-0.0119302	0.432065
1399575962453602297	-0.0618671	-0.0119484	0.432054
1399575962502557826	-0.0618446	-0.0119419	0.432074
1399575962695474076	-0.0618393	-0.0118998	0.432155
1399575962712321828	-0.0618482	-0.0119023	0.432205
1399575962807094460	-0.0618459	-0.0118978	0.432278
1399575962823200325	-0.0618391	-0.0119033	0.432283
1399575962906146987	-0.0618413	-0.0118944	0.432312
1399575962923157701	-0.0618271	-0.0118793	0.432335
1399575962979043184	-0.061817	-0.0118776	0.432382
1399575963026147286	-0.0618287	-0.0118595	0.432429
1399575963042062148	-0.0618474	-0.0118683	0.432478
1399575963081034312	-0.0618414	-0.0118884	0.43251
1399575963098026296	-0.0618479	-0.0118906	0.432529
1399575963124063635	-0.0618337	-0.0119036	0.432569
1399575963215995731	-0.0618359	-0.0119036	0.432641
1399575963325935977	-0.061835	-0.011902	0.432688
1399575963342874615	-0.0618299	-0.0119027	0.43273
1399575963378927973	-0.0617914	-0.0118925	0.432729
1399575963430788429	-0.0618021	-0.0119023	0.432754
1399575963462813042	-0.0618127	-0.0119069	0.43278
1399575963536735803	-0.0618159	-0.0118982	0.432782
1399575963553794100	-0.0618351	-0.0119118	0.432796
1399575963653736525	-0.0618367	-0.0118989	0.4328
1399575963669639912	-0.0618448	-0.0119045	0.432827
1399575963736718089	-0.0618664	-0.0119071	0.432835
1399575963753682975	-0.0618721	-0.0119179	0.43281
1399575963770675432	-0.0618787	-0.0119168	0.432814
1399575963802659074	-0.0618776	-0.0119135	0.432865
1399575963947617919	-0.0618791	-0.0119227	0.432867
1399575963964562019	-0.0618829	-0.0119112	0.432911
1399575963980498335	-0.0618874	-0.0119108	0.432913
1399575963997528342	-0.0618848	-0.0119081	0.43292
1399575964064477459	-0.0618813	-0.0119187	0.43292
1399575964106508618	-0.0618809	-0.011923	0.432909
1399575964129493137	-0.061886	-0.0119404	0.432912
1399575964146446098	-0.061896	-0.0119431	0.432899
1399575964266462682	-0.0618797	-0.0119345	0.432954
1399575964283452185	-0.0618881	-0.0119119	0.432989
1399575964325439811	-0.0618962	-0.0119301	0.433032
1399575964347397757	-0.061874	-0.0119322	0.433022
1399575964417355048	-0.06188	-0.0119396	0.433034
1399575964487379900	-0.0618807	-0.0119418	0.433074
1399575964571343833	-0.061895	-0.0119571	0.433158
1399575964603309232	-0.0618969	-0.011947	0.433133
1399575964641300040	-0.0619079	-0.011943	0.433138
1399575964803189689	-0.0619384	-0.0119332	0.433064
1399575964820206185	-0.061949	-0.0119402	0.433059
1399575964898185997	-0.0619569	-0.0119467	0.433059
1399575964914170268	-0.0619627	-0.011929	0.433076
1399575964973085594	-0.0619815	-0.0119175	0.433094
1399575964990124244	-0.0619693	-0.0119421	0.433097
1399575965055175172	-0.0619655	-0.0119371	0.433144
1399575965072091399	-0.0619425	-0.0119498	0.433166
1399575965089069826	-0.0619519	-0.0119613	0.433196
1399575965326038707	-0.0619833	-0.011954	0.433277
1399575965342944198	-0.0619863	-0.0119383	0.433275
1399575965420940152	-0.0620168	-0.0119689	0.433288
1399575965527958419	-0.0620169	-0.0119768	0.433267
1399575965544873003	-0.0620234	-0.0119837	0.433259
1399575965560865827	-0.0620139	-0.0119703	0.433267
1399575965597797025	-0.0620296	-0.0119429	0.433257
1399575965782761491	-0.0620362	-0.0119286	0.43323
1399575965879708002	-0.0620315	-0.0119348	0.433231
1399575965937716787	-0.0620627	-0.0119511	0.433283
1399575966053645022	-0.0620633	-0.0119472	0.433262
1399575966070617939	-0.0620403	-0.0119643	0.43325
1399575966122625401	-0.0620516	-0.0119596	0.433281
1399575966139623909	-0.0620442	-0.011961	0.433247
1399575966156579803	-0.0620744	-0.0119628	0.433225
1399575966174558921	-0.0621035	-0.0119555	0.433228
1399575966266547009	-0.0620939	-0.0119358	0.433235
1399575966306510914	-0.0620929	-0.0119451	0.433246
1399575966324530641	-0.0620668	-0.0119469	0.433291
1399575966346443046	-0.0620524	-0.0119734	0.4333
1399575966397466421	-0.0620807	-0.011983	0.43332
1399575966415473981	-0.062083	-0.0119973	0.433315
1399575966486418493	-0.0620828	-0.0119984	0.433318
1399575966528446305	-0.0621016	-0.0119955	0.433333
1399575966546380149	-0.0620804	-0.0119913	0.43338
1399575966581346412	-0.0620527	-0.0119969	0.433394
1399575966611420233	-0.0620643	-0.0120201	0.433373
1399575966692314287	-0.0620544	-0.0120054	0.433379
1399575966732313690	-0.0620435	-0.0119973	0.433351
1399575966748243616	-0.0620569	-0.0120093	0.433318
1399575966770269330	-0.0620814	-0.0120025	0.433293
1399575966898285558	-0.0621116	-0.0119874	0.433318
1399575966914260460	-0.0620964	-0.0119813	0.433317
1399575966931250834	-0.0621073	-0.011993	0.433314
1399575966979287393	-0.0620913	-0.0119958	0.433301
1399575966996156504	-0.0621033	-0.0119789	0.433291
1399575967056133942	-0.0621162	-0.0119609	0.433297
1399575967073191941	-0.0621131	-0.0119654	0.433305
1399575967090131755	-0.0621279	-0.011962	0.433334
1399575967217150260	-0.0621142	-0.011957	0.433348
1399575967233050235	-0.062127	-0.0119423	0.433376
1399575967250084010	-0.0621349	-0.0119494	0.433396
1399575967326086239	-0.0621438	-0.0119434	0.433417
1399575967343050344	-0.0621397	-0.0119297	0.433436
1399575967421975196	-0.0621744	-0.0119631	0.433457
1399575967527991609	-0.0621569	-0.0119935	0.433438
1399575967544975218	-0.0621586	-0.0119951	0.433462
1399575967560963075	-0.0621728	-0.0119913	0.433455
1399575967622925816	-0.0621444	-0.0119906	0.433479
1399575967738892093	-0.0621495	-0.0119903	0.43349
1399575967755846229	-0.0621675	-0.0119837	0.433477
1399575967771926384	-0.0621646	-0.0119613	0.433482
1399575967830970671	-0.0621678	-0.01193	0.433484
1399575967892917791	-0.0621684	-0.0119266	0.433477
1399575967910915233	-0.0621498	-0.0119194	0.433479
1399575967929842321	-0.0621525	-0.0119202	0.433475
1399575968054997065	-0.0621152	-0.0119092	0.433498
1399575968094903249	-0.0621026	-0.0118981	0.433461
1399575968159898449	-0.0621213	-0.0118771	0.433458
1399575968176823679	-0.0621313	-0.0118851	0.433424
1399575968192796825	-0.0621336	-0.011878	0.433445
1399575968235906416	-0.062132	-0.0118678	0.433505
1399575968325827857	-0.0621547	-0.0118064	0.43366
1399575968479534798	-0.0621528	-0.011781	0.433742
1399575968519508525	-0.0621486	-0.0117731	0.433735
1399575968595469480	-0.0621484	-0.011772	0.433738
1399575968615506012	-0.0621498	-0.0117622	0.433749
1399575968692464677	-0.0621467	-0.0117558	0.43381
1399575968708452698	-0.0621557	-0.0117525	0.433417
1399575968725581986	-0.0622486	-0.0117101	0.434152
1399575968822531041	-0.0622328	-0.0117253	0.433794
1399575968839497882	-0.0622157	-0.0117658	0.434042
1399575968910376806	-0.062369	-0.0116588	0.433972
1399575968933287221	-0.0622305	-0.0115284	0.434317
1399575968949279255	-0.0615739	-0.0113966	0.434448
1399575969051270102	-0.0605773	-0.0111503	0.434718
1399575969121339681	-0.059442	-0.0107711	0.4358
1399575969138322104	-0.0579694	-0.010188	0.436253
1399575969154303780	-0.0540451	-0.00947431	0.43694
1399575969230411427	-0.0486274	-0.00924374	0.437206
1399575969248271168	-0.0372451	-0.00740174	0.437458
1399575969346309192	-0.0218977	-0.00288965	0.438291
1399575969363433914	-0.00397503	0.00033324	0.438748
1399575969380336763	0.009491	-0.00193501	0.437828
1399575969453420184	0.0135402	-0.00814461	0.435416
1399575969470209587	0.00801416	-0.0105891	0.43175
1399575969570105118	-0.0008716	-0.00899607	0.427809
1399575969587105131	-0.00865015	-0.00636678	0.423172
1399575969663468687	-0.0126995	-0.00670898	0.418591
1399575969679196740	-0.0196625	-0.0120279	0.41349
1399575969696135455	-0.0317902	-0.013277	0.408489
1399575969767165978	-0.043274	-0.00703226	0.403776
1399575969909898946	-0.0519256	0.000489831	0.399559
1399575969986878967	-0.0646355	0.00263624	0.396823
1399575970003870675	-0.0787832	-8.64901e-05	0.394779
1399575970019804257	-0.090629	-0.00336067	0.393951
1399575970093799805	-0.0962984	-0.000934525	0.393738
1399575970133758285	-0.0935036	0.0078177	0.393985
1399575970205700581	-0.0809018	0.0162687	0.394204
1399575970221796545	-0.0679277	0.017902	0.394407
1399575970238680670	-0.0614658	0.0130543	0.394729
1399575970313732643	-0.0607701	0.00602135	0.395172
1399575970330731225	-0.0604064	0.00212024	0.395673
1399575970430627136	-0.0567648	0.00255723	0.396526
1399575970446697898	-0.0511008	0.0047522	0.397381
1399575970523593497	-0.0501164	0.00525182	0.39853
1399575970539488804	-0.0566908	0.00180034	0.400063
1399575970556601976	-0.0649364	-0.00429085	0.401796
1399575970652559948	-0.0723578	-0.00756673	0.404278
1399575970669560759	-0.0782787	-0.00565907	0.406667
1399575970741516995	-0.0828096	-0.001723	0.409298
1399575970758494532	-0.0876655	0.000650128	0.411923
1399575970774502776	-0.0948693	0.000697903	0.414434
1399575970850517815	-0.104979	-0.00127744	0.417269
1399575970951347804	-0.120443	-0.00395716	0.420135
1399575970968370465	-0.135855	-0.00621411	0.422835
1399575970984401314	-0.145314	-0.00610041	0.425221
1399575971063350380	-0.148542	-0.00368443	0.4271
1399575971080432741	-0.147096	-0.000155549	0.429109
1399575971180412358	-0.141083	0.00377951	0.430569
1399575971196331801	-0.135011	0.00612851	0.431876
1399575971273329217	-0.128733	0.00765161	0.433325
1399575971289259424	-0.121381	0.0102295	0.434724
1399575971306272752	-0.11342	0.0131375	0.436539
1399575971378389397	-0.104723	0.0130842	0.438392
1399575971484245784	-0.0977525	0.0117511	0.440267
1399575971501309593	-0.0904941	0.0119145	0.441498
1399575971517172988	-0.0758236	0.0133453	0.442302
1399575971590126638	-0.0413262	0.0156661	0.44392
1399575971608041081	-0.0315259	0.0159889	0.44439
1399575971703028728	-0.0159294	0.011781	0.445069
1399575971719020711	-0.0113056	0.00468957	0.444941
1399575971736069058	-0.0033962	0.00221317	0.445014
1399575971807016718	0.00414176	0.00246818	0.443761
1399575971948895052	0.000865491	-0.00383862	0.442712
1399575972017914720	-0.00484357	-0.0142071	0.44339
1399575972041886419	-0.00830327	-0.0220498	0.445292
1399575972057939826	-0.0253501	-0.0266693	0.447072
1399575972165841685	-0.0568573	-0.029469	0.448807
1399575972234847943	-0.0846524	-0.0276173	0.45033
1399575972251791872	-0.0986357	-0.0233578	0.451732
1399575972268715858	-0.107386	-0.0211445	0.452491
1399575972368662095	-0.117484	-0.0226261	0.453364
1399575972385714330	-0.126886	-0.0225406	0.45452
1399575972461620201	-0.131222	-0.0131591	0.455263
1399575972478605194	-0.132281	-0.00218777	0.456121
1399575972578557520	-0.129932	0.00388337	0.457683
1399575972594594678	-0.116103	0.014057	0.459817
1399575972671570594	-0.0724029	0.0375857	0.461869
1399575972772757095	-0.0373209	0.0452037	0.463806
1399575972788628684	-0.00693166	0.0385842	0.464855
1399575972805625693	0.0404164	0.0360296	0.467148
1399575972877620223	0.0739344	0.0358336	0.469967
1399575972987618164	0.0997115	0.0307682	0.475241
1399575973004482656	0.125823	0.0220769	0.482036
1399575973020541451	0.131884	0.00445594	0.488507
1399575973118503091	0.114667	-0.0141294	0.495832
1399575973134458727	0.0842194	-0.0319601	0.50327
1399575973204522099	0.0371237	-0.0410095	0.511126
1399575973310502542	-0.0110572	-0.0468418	0.518809
1399575973327372689	-0.0700807	-0.0558658	0.524145
1399575973344403378	-0.128042	-0.0591942	0.528721
1399575973445277172	-0.178515	-0.052546	0.531082
1399575973462249905	-0.231688	-0.0432481	0.529817
1399575973533383363	-0.272557	-0.0196242	0.525296
1399575973636254737	-0.261601	-0.00298936	0.522096
1399575973676319508	-0.223791	0.010152	0.520679
1399575973747110921	-0.210766	0.0260656	0.518221
1399575973845047950	-0.205439	0.0388632	0.516282
1399575973886026240	-0.186625	0.0457295	0.51402
1399575973962214264	-0.140735	0.0473026	0.510704
1399575973979093457	-0.100309	0.0445736	0.507073
1399575974074051410	-0.0881078	0.0412004	0.503231
1399575974173002150	-0.0979198	0.0430113	0.498944
1399575974189036141	-0.0883605	0.0477511	0.495588
1399575974205938025	-0.0631502	0.045115	0.492298
1399575974283901927	-0.0530199	0.0302815	0.487225
1399575974400964577	-0.0641011	0.0191829	0.482673
1399575974417947605	-0.0814961	0.0181853	0.480994
1399575974491928936	-0.0953124	0.019933	0.482042
1399575974508990424	-0.097497	0.0226054	0.483994
1399575974628788165	-0.0713395	0.0267653	0.48746
1399575974704747399	-0.0404206	0.0292791	0.491863
1399575974721724968	-0.0282199	0.0259293	0.497555
1399575974738770197	-0.0280422	0.0246165	0.501566
1399575974817719374	-0.0323652	0.0271942	0.505881
1399575974913743339	-0.03832	0.0311013	0.509481
1399575974930746414	-0.0324755	0.0337575	0.512635
1399575974947708865	-0.00722648	0.0334526	0.515364
1399575975023567921	0.0220007	0.0277698	0.516738
1399575975039604260	0.0408576	0.0172854	0.517513
1399575975056484387	0.0465147	0.00786806	0.516942
1399575975157500773	0.0471146	0.00499082	0.515924
1399575975174514752	0.0509508	0.00625764	0.515682
1399575975245402185	0.0603778	0.00527258	0.516517
1399575975262220285	0.0752349	0.000787707	0.518002
1399575975278484376	0.088674	-0.00335406	0.518843
1399575975381543310	0.102852	-0.00562233	0.519658
1399575975455833293	0.119291	-0.00539315	0.521474
1399575975472445537	0.133152	-0.00369309	0.523836
1399575975489438646	0.141028	-0.00339294	0.526598
1399575975562566459	0.14192	-0.00737556	0.529072
1399575975579521600	0.138195	-0.0144293	0.531105
1399575975675278570	0.131893	-0.0204162	0.5337
1399575975691397809	0.124875	-0.0221622	0.537406
1399575975707421416	0.120143	-0.0200153	0.542318
1399575975788360512	0.120244	-0.0175381	0.548493
1399575975805476764	0.122019	-0.0180496	0.555434
1399575975902384467	0.125265	-0.0231137	0.561625
1399575975918539750	0.131829	-0.0325461	0.567501
1399575975989339019	0.137235	-0.0415695	0.573339
1399575976005335666	0.134097	-0.0478843	0.580159
1399575976022091702	0.121463	-0.0491555	0.587978
1399575976099209131	0.106757	-0.0469893	0.595149
1399575976139260321	0.0970984	-0.0428985	0.602424
1399575976210197476	0.0957268	-0.0378882	0.608423
1399575976230489207	0.0976875	-0.0342725	0.613376
1399575976243109314	0.0970124	-0.0318994	0.617226
1399575976319058380	0.0917788	-0.0311418	0.619832
1399575976418084881	0.0848628	-0.0328132	0.621374
1399575976435225483	0.0785907	-0.0349872	0.621585
1399575976451062965	0.0683743	-0.0357097	0.620911
1399575976524091072	0.0462549	-0.0338671	0.61946
1399575976540997814	0.018085	-0.0310402	0.61695
1399575976557983796	-0.0130026	-0.0297297	0.614358
1399575976654939678	-0.043023	-0.0305788	0.611395
1399575976671854535	-0.0633249	-0.0338952	0.610348
1399575976743758433	-0.0399305	-0.0185807	0.644857
1399575976759844107	0.0447449	-0.0118787	0.641107
1399575976776683762	0.126105	-0.051784	0.619419
1399575976837689534	0.155172	-0.167132	0.594393
1399575976870692276	-0.111365	-0.343443	0.698583
1399575976886714699	-0.258211	-0.269016	0.766141
1399575976959695714	-0.234294	-0.245317	0.753292
1399575976976658223	-0.314038	-0.257788	0.783869
1399575977077659168	-0.394787	-0.260884	0.799594
1399575977093714825	-0.397921	-0.221738	0.789196
1399575977163754376	-0.347327	-0.196222	0.786893
1399575977179704534	-0.29621	-0.215292	0.797446
1399575977196682628	-0.258769	-0.254893	0.818289
1399575977294646975	-0.22979	-0.274273	0.849177
1399575977311660308	-0.201143	-0.254549	0.887372
1399575977384485943	-0.17837	-0.22546	0.933374
1399575977400444497	-0.162629	-0.222476	0.984718
1399575977417474844	-0.145225	-0.241079	1.03003
1399575977492363653	-0.126735	-0.254808	1.04162
1399575977532435941	-0.101336	-0.25425	1.01446
1399575977603309787	-0.0671698	-0.267574	0.973932
1399575977620439263	-0.041027	-0.307469	0.923016
1399575977637410830	-0.0133696	-0.360755	0.867997
1399575977711535373	0.0278245	-0.410868	0.81878
1399575977808260509	0.0489876	-0.451736	0.785606
1399575977825247787	0.032486	-0.469432	0.772875
1399575977841271786	-0.00116711	-0.467286	0.766517
1399575977917211560	0.00565771	-0.470452	0.765402
1399575977937189500	0.0421215	-0.512499	0.758763
1399575977953223956	0.102504	-0.584713	0.74468
1399575978051196437	0.175729	-0.663628	0.752246
1399575978067168893	0.230556	-0.747947	0.800113
1399575978138197333	0.2779	-0.784185	0.90283
1399575978154259205	0.389878	-0.811066	0.966967
1399575978170258981	0.483572	-0.888608	1.03089
1399575978251092628	0.66325	-1.01683	1.24047
1399575978268165348	0.729435	-1.04129	1.43661
1399575978342163790	0.728702	-1.0253	1.71738
1399575978359092051	0.479177	-1.03826	2.27874
1399575978424092959	0.0481562	-1.01716	2.83108
