#Time	 SERVO_1	 SERVO_2	 SERVO_3	 SERVO_4
1399575959063027351	1105	1105	1105	1105
1399575959079989547	1105	1105	1105	1105
1399575959158063305	1105	1105	1105	1105
1399575959219975872	1105	1105	1105	1105
1399575959260791536	1105	1105	1105	1105
1399575959285790865	1105	1105	1105	1105
1399575959301742039	1105	1105	1105	1105
1399575959375700456	1105	1105	1105	1105
1399575959393712264	1105	1105	1105	1105
1399575959443747518	1105	1105	1105	1105
1399575959469703745	1105	1105	1105	1105
1399575959539685072	1105	1105	1105	1105
1399575959559597934	1105	1105	1105	1105
1399575959633841214	1105	1105	1105	1105
1399575959673745241	1105	1105	1105	1105
1399575959702667936	1105	1105	1105	1105
1399575959719737558	1105	1105	1105	1105
1399575959788639070	1105	1105	1105	1105
1399575959850549820	1105	1105	1105	1105
1399575959867559031	1105	1105	1105	1105
1399575959960590970	1105	1105	1105	1105
1399575959977561122	1105	1105	1105	1105
1399575959993441943	1105	1105	1105	1105
1399575960010657857	1105	1105	1105	1105
1399575960031548016	1105	1105	1105	1105
1399575960117469979	1105	1105	1105	1105
1399575960137503570	1105	1105	1105	1105
1399575960154507606	1105	1105	1105	1105
1399575960216558247	1105	1105	1105	1105
1399575960234568505	1105	1105	1105	1105
1399575960313578537	1105	1105	1105	1105
1399575960399481012	1105	1105	1105	1105
1399575960416458570	1105	1105	1105	1105
1399575960486450334	1105	1105	1105	1105
1399575960503408178	1105	1105	1105	1105
1399575960553391554	1105	1105	1105	1105
1399575960580269594	1105	1105	1105	1105
1399575960612350948	1105	1105	1105	1105
1399575960688366265	1105	1105	1105	1105
1399575960704174009	1105	1105	1105	1105
1399575960721113302	1105	1105	1105	1105
1399575960802095109	1105	1105	1105	1105
1399575960819129690	1105	1105	1105	1105
1399575960860290803	1105	1105	1105	1105
1399575960896289588	1105	1105	1105	1105
1399575960921268354	1105	1105	1105	1105
1399575961002254790	1105	1105	1105	1105
1399575961018392492	1105	1105	1105	1105
1399575961072217174	1105	1105	1105	1105
1399575961088288716	1105	1105	1105	1105
1399575961109209011	1105	1105	1105	1105
1399575961175192397	1105	1105	1105	1105
1399575961223059355	1105	1105	1105	1105
1399575961239124630	1105	1105	1105	1105
1399575961281104668	1105	1105	1105	1105
1399575961386097387	1105	1105	1105	1105
1399575961403059307	1105	1105	1105	1105
1399575961449060688	1105	1105	1105	1105
1399575961465039386	1105	1105	1105	1105
1399575961500044063	1105	1105	1105	1105
1399575961520946921	1105	1105	1105	1105
1399575961612972659	1105	1105	1105	1105
1399575961629980170	1105	1105	1105	1105
1399575961669942345	1105	1105	1105	1105
1399575961705946002	1105	1105	1105	1105
1399575961721859793	1105	1105	1105	1105
1399575961788872766	1105	1105	1105	1105
1399575961850845700	1105	1105	1105	1105
1399575961891808723	1105	1105	1105	1105
1399575961927765377	1105	1105	1105	1105
1399575961944765648	1105	1105	1105	1105
1399575961957762369	1105	1105	1105	1105
1399575962021631195	1105	1105	1105	1105
1399575962092645506	1105	1105	1105	1105
1399575962136660071	1105	1105	1105	1105
1399575962243486284	1175	1175	1175	1175
1399575962260641673	1175	1175	1175	1175
1399575962334594660	1175	1175	1175	1175
1399575962351612260	1175	1175	1175	1175
1399575962371588391	1175	1175	1175	1175
1399575962440547651	1175	1175	1175	1175
1399575962491555469	1175	1175	1175	1175
1399575962684421478	1175	1175	1175	1175
1399575962700426954	1175	1175	1175	1175
1399575962780126706	1175	1175	1175	1175
1399575962812116616	1175	1175	1175	1175
1399575962895167843	1175	1175	1175	1175
1399575962912182889	1175	1175	1175	1175
1399575962928068013	1175	1175	1175	1175
1399575963014095664	1175	1175	1175	1175
1399575963031104616	1175	1175	1175	1175
1399575963070037495	1175	1175	1175	1175
1399575963086021885	1175	1175	1175	1175
1399575963107982426	1175	1175	1175	1175
1399575963199913898	1175	1175	1175	1175
1399575963228980580	1175	1175	1175	1175
1399575963314934810	1175	1175	1175	1175
1399575963330908710	1175	1175	1175	1175
1399575963364903491	1175	1175	1175	1175
1399575963419894463	1175	1175	1175	1175
1399575963451833452	1175	1175	1175	1175
1399575963525838470	1175	1175	1175	1175
1399575963541751970	1175	1175	1175	1175
1399575963578767383	1175	1175	1175	1175
1399575963641778492	1175	1175	1175	1175
1399575963658712606	1175	1175	1175	1175
1399575963679710559	1175	1175	1175	1175
1399575963741636789	1175	1175	1175	1175
1399575963758645508	1175	1175	1175	1175
1399575963785704370	1175	1175	1175	1175
1399575963890642134	1175	1175	1175	1175
1399575963952543647	1175	1175	1175	1175
1399575963969532681	1175	1175	1175	1175
1399575963985555088	1175	1175	1175	1175
1399575964052483459	1175	1175	1175	1175
1399575964094484703	1175	1175	1175	1175
1399575964111519136	1175	1175	1175	1175
1399575964134447177	1175	1175	1175	1175
1399575964208447760	1175	1175	1175	1175
1399575964271399723	1175	1175	1175	1175
1399575964311382619	1175	1175	1175	1175
1399575964336402842	1175	1175	1175	1175
1399575964476387849	1175	1175	1175	1175
1399575964518339687	1175	1175	1175	1175
1399575964587306508	1175	1175	1175	1175
1399575964624307343	1175	1175	1175	1175
1399575964679339775	1175	1175	1175	1175
1399575964792267534	1175	1175	1175	1175
1399575964809227047	1175	1175	1175	1175
1399575964840234913	1175	1175	1175	1175
1399575964903162968	1175	1175	1175	1175
1399575964958125413	1175	1175	1175	1175
1399575964978142175	1175	1175	1175	1175
1399575964995134764	1175	1175	1175	1175
1399575965060091640	1175	1175	1175	1175
1399575965077063743	1175	1175	1175	1175
1399575965154094687	1175	1175	1175	1175
1399575965315040576	1175	1175	1175	1175
1399575965331010792	1175	1175	1175	1175
1399575965470945108	1175	1175	1175	1175
1399575965532913844	1175	1175	1175	1175
1399575965549851852	1175	1175	1175	1175
1399575965577845890	1175	1175	1175	1175
1399575965626879787	1175	1175	1175	1175
1399575965680860642	1175	1175	1175	1175
1399575965868688910	1175	1175	1175	1175
1399575965884693091	1175	1175	1175	1175
1399575965996638854	1175	1175	1175	1175
1399575966058634032	1175	1175	1175	1175
1399575966099627091	1175	1175	1175	1175
1399575966127591227	1175	1175	1175	1175
1399575966144631469	1175	1175	1175	1175
1399575966161517184	1175	1175	1175	1175
1399575966208596467	1175	1175	1175	1175
1399575966295519737	1175	1175	1175	1175
1399575966311506093	1175	1175	1175	1175
1399575966335484000	1175	1175	1175	1175
1399575966385511821	1175	1175	1175	1175
1399575966402477700	1175	1175	1175	1175
1399575966474444972	1175	1175	1175	1175
1399575966517468973	1175	1175	1175	1175
1399575966533413318	1175	1175	1175	1175
1399575966561357211	1175	1175	1175	1175
1399575966600418898	1175	1175	1175	1175
1399575966626390660	1175	1175	1175	1175
1399575966720313026	1175	1175	1175	1175
1399575966737277983	1175	1175	1175	1175
1399575966753269054	1175	1175	1175	1175
1399575966841328664	1175	1175	1175	1175
1399575966903246647	1175	1175	1175	1175
1399575966919259555	1175	1175	1175	1175
1399575966968137478	1175	1175	1175	1175
1399575966984236446	1175	1175	1175	1175
1399575967061144554	1175	1175	1175	1175
1399575967078183949	1175	1175	1175	1175
1399575967222111635	1175	1175	1175	1175
1399575967238048221	1175	1175	1175	1175
1399575967315094429	1175	1175	1175	1175
1399575967331057114	1175	1175	1175	1175
1399575967470968151	1175	1175	1175	1175
1399575967532913780	1175	1175	1175	1175
1399575967549918796	1175	1175	1175	1175
1399575967610949691	1175	1175	1175	1175
1399575967627961598	1175	1175	1175	1175
1399575967681908131	1175	1175	1175	1175
1399575967743878472	1175	1175	1175	1175
1399575967760828914	1175	1175	1175	1175
1399575967820059150	1175	1175	1175	1175
1399575967897949658	1175	1175	1175	1175
1399575967915885518	1175	1175	1175	1175
1399575968082880516	1175	1175	1175	1175
1399575968099898430	1175	1175	1175	1175
1399575968164896450	1175	1175	1175	1175
1399575968181881308	1175	1175	1175	1175
1399575968197873247	1175	1175	1175	1175
1399575968308790432	1175	1175	1175	1175
1399575968508558474	1175	1175	1175	1175
1399575968583424786	1175	1175	1175	1175
1399575968603400184	1442	1486	1466	1445
1399575968623484259	1450	1499	1477	1451
1399575968697473130	1452	1497	1478	1450
1399575968714435030	1448	1503	1473	1452
1399575968811421425	1452	1501	1476	1448
1399575968827488656	1454	1505	1486	1461
1399575968844494977	1468	1510	1483	1449
1399575968921389689	1457	1509	1480	1461
1399575968938313751	1474	1525	1484	1461
1399575969040339441	1470	1521	1489	1464
1399575969056254019	1477	1523	1482	1463
1399575969126341291	1482	1534	1490	1471
1399575969143311523	1492	1528	1479	1479
1399575969159301455	1508	1529	1489	1485
1399575969235245924	1534	1507	1471	1499
1399575969335300289	1542	1501	1468	1498
1399575969352307248	1544	1499	1454	1511
1399575969368351438	1516	1526	1455	1515
1399575969441309358	1504	1529	1479	1504
1399575969458307232	1500	1521	1505	1486
1399575969555306221	1497	1518	1506	1491
1399575969575236585	1526	1471	1479	1515
1399575969592167169	1497	1492	1452	1535
1399575969668138476	1479	1504	1481	1515
1399575969683993872	1486	1490	1508	1494
1399575969701110172	1504	1458	1501	1499
1399575969897882016	1474	1489	1509	1488
1399575969914961201	1457	1495	1490	1499
1399575969991863813	1454	1499	1489	1498
1399575970008869138	1467	1492	1487	1494
1399575970024858196	1466	1487	1508	1466
1399575970121834366	1502	1458	1488	1480
1399575970193745791	1499	1448	1458	1502
1399575970210724528	1474	1472	1467	1497
1399575970226826851	1455	1494	1479	1487
1399575970302687520	1435	1501	1480	1482
1399575970319696318	1465	1473	1484	1480
1399575970414660382	1500	1436	1468	1498
1399575970435675503	1502	1436	1481	1487
1399575970451653833	1468	1472	1488	1478
1399575970528597001	1464	1477	1463	1503
1399575970544588551	1459	1486	1470	1496
1399575970641577292	1471	1471	1483	1477
1399575970658509612	1480	1469	1484	1482
1399575970729565091	1486	1467	1479	1487
1399575970746490296	1477	1479	1480	1484
1399575970763471851	1496	1466	1460	1510
1399575970839484591	1471	1492	1481	1487
1399575970879586402	1458	1510	1492	1476
1399575970956397617	1468	1502	1489	1485
1399575970973436208	1487	1487	1487	1487
1399575971052348808	1480	1503	1499	1484
1399575971068341513	1496	1487	1487	1496
1399575971165314128	1485	1494	1491	1487
1399575971185244257	1480	1497	1486	1495
1399575971201327567	1488	1488	1481	1500
1399575971278294916	1497	1486	1501	1482
1399575971294281274	1499	1486	1488	1492
1399575971311225720	1495	1490	1474	1502
1399575971415228997	1485	1506	1498	1485
1399575971489184802	1484	1507	1510	1477
1399575971505232610	1509	1480	1472	1513
1399575971522126584	1539	1459	1481	1506
1399575971595113877	1516	1482	1485	1504
1399575971636137972	1491	1506	1506	1487
1399575971708161990	1497	1501	1498	1500
1399575971724049470	1526	1469	1483	1517
1399575971740990959	1497	1492	1500	1506
1399575971937985700	1491	1510	1496	1515
1399575971953939492	1489	1515	1495	1509
1399575972022960997	1522	1482	1471	1528
1399575972046888195	1503	1503	1499	1511
1399575972153847968	1488	1514	1516	1490
1399575972170793023	1505	1497	1498	1513
1399575972239834969	1513	1489	1495	1511
1399575972256776960	1490	1505	1495	1518
1399575972357740656	1489	1504	1495	1520
1399575972373765930	1495	1499	1507	1511
1399575972450680100	1498	1491	1507	1511
1399575972467617173	1495	1495	1503	1516
1399575972563616337	1457	1534	1527	1485
1399575972583558575	1531	1463	1496	1515
1399575972599587897	1529	1462	1495	1514
1399575972700478375	1473	1514	1500	1508
1399575972777614467	1491	1494	1484	1518
1399575972793592574	1501	1480	1479	1519
1399575972810644899	1487	1496	1503	1492
1399575972915621187	1495	1499	1491	1494
1399575972992544358	1497	1505	1474	1502
1399575973009582891	1492	1511	1481	1489
1399575973106493999	1535	1478	1429	1534
1399575973123520261	1502	1510	1473	1492
1399575973139431611	1496	1515	1495	1469
1399575973241453265	1497	1520	1474	1483
1399575973315353866	1497	1522	1473	1499
1399575973332510498	1510	1510	1461	1514
1399575973434251748	1508	1508	1480	1507
1399575973450219269	1489	1529	1522	1488
1399575973522294473	1480	1542	1542	1480
1399575973549265640	1514	1520	1479	1546
1399575973665293063	1535	1494	1490	1531
1399575973736125971	1529	1506	1505	1514
1399575973760096937	1495	1547	1546	1470
1399575973874155627	1540	1497	1480	1544
1399575973951060029	1562	1466	1471	1552
1399575973967158192	1532	1501	1474	1549
1399575974054054625	1471	1547	1552	1478
1399575974102106401	1495	1526	1538	1502
1399575974178041957	1557	1463	1500	1535
1399575974193912435	1527	1494	1481	1554
1399575974271933407	1504	1502	1485	1562
1399575974389996593	1499	1499	1496	1554
1399575974405979061	1511	1497	1514	1532
1399575974422971587	1451	1554	1550	1482
1399575974496952435	1523	1498	1496	1533
1399575974617856141	1548	1470	1470	1538
1399575974636823870	1534	1499	1482	1518
1399575974709773099	1518	1520	1476	1520
1399575974726900494	1525	1517	1490	1501
1399575974806714524	1510	1525	1515	1474
1399575974848747850	1485	1541	1538	1451
1399575974918771945	1537	1488	1476	1514
1399575974935677869	1552	1467	1454	1535
1399575974952637057	1531	1491	1453	1538
1399575975028461830	1503	1507	1457	1535
1399575975044468617	1483	1519	1499	1503
1399575975146670010	1502	1496	1503	1503
1399575975162532586	1485	1502	1509	1499
1399575975234538267	1501	1492	1472	1529
1399575975250439586	1488	1505	1494	1504
1399575975267559805	1481	1500	1488	1509
1399575975370448331	1499	1482	1479	1519
1399575975386448271	1508	1470	1488	1511
1399575975461465049	1520	1454	1494	1506
1399575975477491476	1490	1488	1499	1501
1399575975494454241	1480	1499	1486	1514
1399575975567543902	1478	1497	1488	1507
1399575975663430876	1477	1496	1501	1492
1399575975680461607	1482	1492	1514	1469
1399575975696333970	1497	1480	1503	1478
1399575975777384560	1498	1483	1488	1488
1399575975793366872	1479	1508	1502	1464
1399575975890368866	1486	1507	1472	1487
1399575975907276670	1514	1490	1450	1503
1399575975923394491	1509	1501	1448	1495
1399575975994352320	1490	1524	1481	1458
1399575976010331216	1474	1541	1479	1443
1399575976027230277	1492	1522	1480	1446
1399575976127100622	1528	1488	1469	1459
1399575976144132355	1523	1494	1450	1478
1399575976215177712	1517	1500	1457	1471
1399575976231154517	1523	1487	1459	1471
1399575976248425963	1503	1507	1472	1458
1399575976348243280	1500	1506	1469	1465
1399575976423021241	1527	1474	1429	1509
1399575976440040779	1490	1505	1478	1467
1399575976456085982	1511	1478	1480	1476
1399575976529040380	1486	1501	1487	1474
1399575976545982988	1460	1525	1509	1454
1399575976643977029	1466	1521	1486	1484
1399575976659910904	1502	1506	1430	1523
1399575976676879409	1712	1434	1211	1585
1399575976748840764	1722	1272	1211	1729
1399575976764727082	1449	1541	1211	1775
1399575976826769136	1379	1697	1211	1684
1399575976858695329	1535	1700	1581	1211
1399575976875674578	1704	1637	1265	1396
1399575976948654659	1477	1576	1325	1647
1399575976965639682	1305	1868	1470	1362
1399575977065730331	1531	1602	1521	1481
1399575977082652852	1631	1525	1378	1585
1399575977098768000	1581	1592	1213	1673
1399575977168525097	1522	1655	1211	1657
1399575977184661645	1540	1663	1211	1630
1399575977283591706	1657	1620	1211	1557
1399575977299667161	1731	1609	1211	1486
1399575977316656468	1661	1661	1211	1501
1399575977389497564	1639	1647	1211	1548
1399575977405454777	1616	1654	1211	1563
1399575977422433688	1608	1532	1311	1616
1399575977520390712	1292	1505	1375	1548
1399575977592402667	1211	1522	1359	1667
1399575977609435762	1211	1558	1421	1698
1399575977625417800	1211	1501	1378	1778
1399575977700337153	1211	1525	1365	1780
1399575977742325146	1211	1594	1421	1681
1399575977813203696	1211	1620	1492	1601
1399575977830218111	1219	1544	1436	1590
1399575977846264030	1258	1540	1238	1726
1399575977925150414	1251	1621	1211	1794
1399575977942172812	1360	1587	1211	1752
1399575978039193795	1491	1608	1211	1659
1399575978056177540	1557	1629	1211	1618
1399575978126278069	1703	1508	1211	1630
1399575978143190203	1622	1583	1211	1677
1399575978159171462	1676	1608	1211	1717
1399575978225120834	1694	1553	1211	1668
1399575978256057221	1529	1317	1211	1406
1399575978273070870	1452	1270	1211	1338
1399575978347113682	1827	1556	1211	1527
1399575978388114606	1476	1770	1211	1490
