#Time	 Roll 	 Pitch 	 Yaw
1399434191501097073	-0.0205675	0.00107381	0.449812
1399434191518031051	-0.020516	0.00114639	0.449836
1399434191561092945	-0.0204774	0.00125388	0.44987
1399434191577934192	-0.0204226	0.00136876	0.449863
1399434191708026964	-0.0203564	0.00149957	0.449862
1399434191725024742	-0.0203173	0.00159268	0.449905
1399434191741042723	-0.0202769	0.00171462	0.449952
1399434191834829473	-0.0202356	0.00181142	0.449999
1399434191851835323	-0.0202191	0.00190491	0.450042
1399434191868845185	-0.020184	0.00199797	0.450073
1399434191890762228	-0.0201324	0.00211071	0.450093
1399434191906841357	-0.0200786	0.00218146	0.450124
1399434191940747865	-0.0200523	0.00225475	0.450149
1399434192130919588	-0.0198995	0.00253441	0.450226
1399434192147837014	-0.019865	0.00266264	0.450271
1399434192163781666	-0.0198453	0.00278155	0.450318
1399434192220805437	-0.0198473	0.00289372	0.450325
1399434192236766273	-0.0198276	0.00298596	0.450333
1399434192253785047	-0.0197862	0.00309536	0.450336
1399434192339720386	-0.0197573	0.00317414	0.450336
1399434192355740869	-0.0197171	0.00327495	0.450374
1399434192389758078	-0.0196647	0.00334494	0.45041
1399434192436638638	-0.0196367	0.00344423	0.45042
1399434192448540442	-0.0195984	0.00353036	0.450476
1399434192547517089	-0.0195624	0.00363707	0.450525
1399434192564497011	-0.0195226	0.0037225	0.450571
1399434192580465803	-0.0195106	0.00382596	0.450608
1399434192654505557	-0.0194718	0.00392059	0.450634
1399434192670480133	-0.0194163	0.00402165	0.45067
1399434192700495481	-0.0193679	0.00410645	0.450696
1399434192768465179	-0.0193128	0.00419013	0.450741
1399434192784411006	-0.019286	0.00426601	0.450795
1399434192862400936	-0.0192572	0.00435613	0.450849
1399434192903384633	-0.0192119	0.00442299	0.450865
1399434192920335043	-0.019185	0.0045186	0.450879
1399434192937321915	-0.0191401	0.00458749	0.450882
1399434192973311068	-0.0191078	0.00466499	0.450941
1399434193073443428	-0.0190777	0.00475278	0.45099
1399434193113382808	-0.0190297	0.00484228	0.451016
1399434193131332911	-0.0189876	0.00491972	0.451025
1399434193153179710	-0.0189239	0.00498255	0.451051
1399434193204154448	-0.0188837	0.00505918	0.451068
1399434193226066484	-0.0188477	0.00515465	0.451105
1399434193294089985	-0.0188097	0.00522839	0.451134
1399434193337343132	-0.018774	0.0053026	0.451153
1399434193354061812	-0.0187484	0.00538363	0.451163
1399434193371112569	-0.0187277	0.00545378	0.451178
1399434193497006186	-0.018682	0.00553364	0.45122
1399434193516048661	-0.0186507	0.00561007	0.451256
1399434193598978961	-0.0185921	0.00570644	0.451308
1399434193615961816	-0.0185568	0.00579851	0.451354
1399434193631962938	-0.018519	0.00586132	0.45139
1399434193650987904	-0.0184784	0.00591349	0.451408
1399434193667990214	-0.0184623	0.00597719	0.451392
1399434193794864688	-0.0184545	0.00614139	0.451427
1399434193813834366	-0.018419	0.00628159	0.451465
1399434193913839126	-0.0183847	0.00635611	0.4515
1399434193930783444	-0.0183726	0.00642174	0.451529
1399434194018993172	-0.018338	0.00651528	0.451539
1399434194035908076	-0.0182975	0.00655357	0.451545
1399434194051921747	-0.018287	0.00663728	0.45156
1399434194068863437	-0.018262	0.00668731	0.451616
1399434194086836833	-0.0182146	0.00675525	0.451616
1399434194174940563	-0.0181862	0.0068346	0.451602
1399434194221777162	-0.0181823	0.00691659	0.451631
1399434194247750326	-0.0180924	0.00705916	0.451663
1399434194338741340	-0.018064	0.00714906	0.451675
1399434194354666102	-0.0180268	0.00721905	0.451706
1399434194459650676	-0.0180245	0.00728774	0.451695
1399434194476713965	-0.0180148	0.00735836	0.451706
1399434194495625956	-0.0179897	0.00741016	0.451704
1399434194516656231	-0.0179528	0.00748585	0.451693
1399434194553687211	-0.0179652	0.0075641	0.451668
1399434194585494666	-0.0179474	0.00761618	0.451666
1399434194701373583	-0.0178978	0.00775092	0.451695
1399434194718596947	-0.0178855	0.00784021	0.451705
1399434194734548527	-0.0178555	0.00793364	0.451736
1399434194825418602	-0.0178105	0.00799264	0.451796
1399434194864382424	-0.0177786	0.00806421	0.451827
1399434194881373275	-0.0177526	0.0081124	0.45189
1399434194897346638	-0.0177111	0.008185	0.451951
1399434194974481576	-0.0176722	0.00824326	0.451938
1399434194990215728	-0.0176539	0.00829599	0.451953
1399434195033498682	-0.0176376	0.00836705	0.451961
1399434195086376364	-0.0175823	0.00848627	0.451972
1399434195127239130	-0.017551	0.0085265	0.451997
1399434195224173367	-0.0175347	0.00854409	0.451998
1399434195242377403	-0.0175	0.00860619	0.452036
1399434195300134527	-0.0174568	0.00866292	0.452054
1399434195317080142	-0.0174263	0.00873607	0.452104
1399434195341094220	-0.0173921	0.00881972	0.452127
1399434195372124190	-0.0173416	0.00888847	0.452149
1399434195491108791	-0.0173226	0.00894581	0.452207
1399434195510007198	-0.0172871	0.00901482	0.452235
1399434195593029591	-0.0172472	0.00904804	0.452245
1399434195608913762	-0.0171732	0.00912103	0.452298
1399434195625903161	-0.0171228	0.00916057	0.452329
1399434195645044118	-0.0170825	0.00922132	0.452336
1399434195661952258	-0.017061	0.0092778	0.452369
1399434195777855602	-0.017036	0.00933787	0.45241
1399434195793892926	-0.0170208	0.00936426	0.452423
1399434195813865097	-0.0169896	0.00939193	0.45247
1399434195830835112	-0.0169626	0.00945348	0.452487
1399434195908838165	-0.016961	0.00952927	0.452512
1399434195925851165	-0.016958	0.00959033	0.452518
1399434195967780916	-0.0169331	0.0096478	0.452495
1399434195990780582	-0.0168996	0.00973121	0.452499
1399434196040774221	-0.0168763	0.00978511	0.452502
1399434196059710113	-0.0168544	0.00982207	0.452495
1399434196129698675	-0.0168471	0.00988756	0.45252
1399434196176667295	-0.0168419	0.00993621	0.452541
1399434196199681019	-0.0168022	0.0100133	0.452566
1399434196215682745	-0.0168007	0.0100512	0.452573
1399434196295677998	-0.0168019	0.0101221	0.452565
1399434196312691064	-0.0167734	0.0101762	0.452589
1399434196381674888	-0.0167504	0.0102424	0.452634
1399434196428554702	-0.0167518	0.0102872	0.452616
1399434196449570761	-0.0167217	0.010317	0.452626
1399434196468579474	-0.0167022	0.0103527	0.452637
1399434196541565915	-0.016671	0.0104056	0.452674
1399434196558564924	-0.0166451	0.0104671	0.452688
1399434196616558408	-0.0166236	0.0105156	0.452652
1399434196632551177	-0.0166075	0.0105628	0.452652
1399434196695521636	-0.016558	0.0106264	0.452653
1399434196713528891	-0.0165295	0.0106731	0.452672
1399434196729512557	-0.016507	0.010721	0.452715
1399434196820523799	-0.0164897	0.0107746	0.45277
1399434196870483150	-0.0164744	0.0108496	0.45282
1399434196909438879	-0.0164534	0.0109025	0.452861
1399434196937390845	-0.0164232	0.0109629	0.45289
1399434197014515934	-0.0164112	0.0110111	0.452926
1399434197068522868	-0.01635	0.0111168	0.452985
1399434197089791405	-0.0163354	0.0111533	0.453015
1399434197129425857	-0.0163009	0.0111578	0.453044
1399434197219432532	-0.0162864	0.0112006	0.453046
1399434197242489930	-0.0162609	0.0112596	0.453033
1399434197293406086	-0.016243	0.0113451	0.452989
1399434197335437373	-0.0162408	0.0114227	0.452983
1399434197388268934	-0.0162259	0.0114426	0.452956
1399434197426305326	-0.0162458	0.0115001	0.452916
1399434197519123584	-0.016246	0.0115292	0.452897
1399434197536152375	-0.016225	0.0115672	0.452884
1399434197553135700	-0.0162143	0.0116181	0.452921
1399434197569199875	-0.0162276	0.0116509	0.452943
1399434197693196428	-0.0162326	0.0116842	0.452943
1399434197710205334	-0.0162213	0.011732	0.452936
1399434197752233247	-0.0161972	0.0117483	0.452925
1399434197775251575	-0.0161925	0.0118108	0.452876
1399434197791224329	-0.0161909	0.0118675	0.452865
1399434197825079705	-0.0162031	0.0119132	0.452835
1399434197861955311	-0.0161643	0.0119405	0.452853
1399434198010968457	-0.0161609	0.0119905	0.452922
1399434198026891922	-0.0161369	0.0120152	0.452913
1399434198043886983	-0.0161274	0.012036	0.452889
1399434198062842051	-0.0161236	0.0120963	0.452893
1399434198079861472	-0.0161069	0.0120979	0.452901
1399434198096847051	-0.0160918	0.012156	0.452897
1399434198152843484	-0.0160694	0.0122037	0.452921
1399434198221861294	-0.0160314	0.0122585	0.452934
1399434198237784307	-0.0160044	0.0122822	0.452956
1399434198254839840	-0.0159647	0.0123631	0.452948
1399434198286842159	-0.0159255	0.0124036	0.452965
1399434198358690593	-0.0159056	0.0124432	0.452956
1399434198431723630	-0.0158829	0.0124617	0.452985
1399434198447726881	-0.0158669	0.0124862	0.453016
1399434198467647780	-0.0158582	0.0125083	0.453008
1399434198536741938	-0.0158341	0.0125069	0.453038
1399434198553714990	-0.0158198	0.0125446	0.453079
1399434198595671237	-0.0158209	0.012593	0.453103
1399434198612686962	-0.0158369	0.0126513	0.453164
1399434198692752575	-0.0158158	0.0127026	0.453187
1399434198710650617	-0.0158025	0.0127456	0.453244
1399434198742602591	-0.0157787	0.0127294	0.453298
1399434198838529239	-0.0157587	0.0127536	0.453297
1399434198856550514	-0.0157488	0.0127749	0.453297
1399434198873555662	-0.0157151	0.0128119	0.453311
1399434198909552544	-0.0156885	0.0128379	0.453315
1399434198937662452	-0.0156775	0.0128934	0.45331
1399434199011600092	-0.0156659	0.012907	0.453307
1399434199064617843	-0.0156305	0.0129854	0.45334
1399434199086583224	-0.0155991	0.0130272	0.453365
1399434199126538997	-0.015579	0.0130652	0.453398
1399434199215578485	-0.0155662	0.0131029	0.45338
1399434199261449306	-0.015557	0.0131321	0.453358
1399434199287408931	-0.0155533	0.0131966	0.453334
1399434199327287550	-0.0155315	0.0132039	0.45334
1399434199427276955	-0.0155334	0.0132544	0.453354
1399434199454247374	-0.0155218	0.0132772	0.45335
1399434199500220656	-0.0155032	0.0132834	0.453382
1399434199517213386	-0.015493	0.0133203	0.453411
1399434199583191473	-0.015508	0.0133474	0.453386
1399434199600114538	-0.0154858	0.0133992	0.453384
1399434199617025135	-0.0154747	0.0134074	0.453403
1399434199694086924	-0.015467	0.0134433	0.453386
1399434199710027088	-0.0154733	0.0134758	0.453397
1399434199744059878	-0.015476	0.0135033	0.453433
1399434199772056749	-0.0154655	0.0135393	0.453452
1399434199863002778	-0.0154578	0.0135639	0.453462
1399434199880111888	-0.015463	0.0135824	0.453482
1399434199914962326	-0.0154558	0.0136004	0.453485
1399434199941968305	-0.0154375	0.0135959	0.453478
1399434200011959352	-0.0154242	0.0136026	0.453491
1399434200028892650	-0.0154086	0.0136516	0.453468
1399434200107923253	-0.0154067	0.0136743	0.453465
1399434200147942158	-0.0153871	0.0136935	0.453465
1399434200165877133	-0.0153787	0.0137176	0.453465
1399434200187794673	-0.0153598	0.0137334	0.453461
1399434200262898818	-0.0153556	0.0137385	0.453457
1399434200280795270	-0.0153596	0.0137587	0.453474
1399434200296746265	-0.0153227	0.0137928	0.453499
1399434200353751510	-0.0152766	0.0138206	0.453494
1399434200432866616	-0.0152244	0.013837	0.45349
1399434200451704840	-0.0152447	0.0138449	0.453496
1399434200528750167	-0.0152323	0.0138725	0.453519
1399434200546909583	-0.0151922	0.0139001	0.453518
1399434200640661148	-0.0151633	0.0139275	0.453538
1399434200657632548	-0.0151739	0.013929	0.453363
1399434200673668420	-0.0151775	0.0139507	0.453745
1399434200747733726	-0.0151488	0.0139329	0.453628
1399434200764757576	-0.0151056	0.0139619	0.453918
1399434200781891817	-0.0150816	0.0139181	0.454088
1399434200878699459	-0.0149615	0.0138846	0.454226
1399434200894728198	-0.0146778	0.0134422	0.45443
1399434200965717456	-0.0142406	0.013472	0.455352
1399434200981642288	-0.0140955	0.01398	0.456207
1399434200998620118	-0.0139479	0.0142675	0.456881
1399434201079707132	-0.0122237	0.014348	0.459117
1399434201096651741	-0.00947297	0.0137243	0.460055
1399434201170575518	-0.00561332	0.0125686	0.461277
1399434201187660256	-0.00297327	0.0115661	0.462265
1399434201203629854	-0.00261737	0.0117981	0.463705
1399434201298571674	-0.00463688	0.0113364	0.466535
1399434201315498151	-0.00794444	0.0116705	0.471019
1399434201383530577	-0.0148442	0.0151298	0.476531
1399434201400413873	-0.0247186	0.019041	0.483288
1399434201417505243	-0.0324083	0.0197678	0.490445
1399434201515447656	-0.0334406	0.0155806	0.500529
1399434201534445433	-0.031837	0.0131084	0.503741
1399434201572457176	-0.0305023	0.00949215	0.510001
1399434201589329699	-0.02817	0.00646937	0.51605
1399434201620378331	-0.0315957	0.00653903	0.525778
1399434201723411335	-0.0356844	0.00643974	0.529545
1399434201740306670	-0.0373762	0.00573162	0.532554
1399434201809637169	-0.0355162	0.00507098	0.5351
1399434201826303005	-0.033022	0.00620497	0.537042
1399434201842233236	-0.0311028	0.00636155	0.538285
1399434201943189854	-0.0309431	0.00678623	0.538582
1399434201959437075	-0.0301078	0.00675599	0.537984
1399434202031229212	-0.0273147	0.0054335	0.537083
1399434202047211612	-0.0224885	0.00413786	0.53574
1399434202064184607	-0.0201096	0.00308313	0.534041
1399434202105416973	-0.0205519	0.0027444	0.532446
1399434202151141712	-0.0217873	0.00383392	0.530497
1399434202167160799	-0.0232507	0.00538477	0.528133
1399434202244164012	-0.0219069	0.00605119	0.525948
1399434202260548620	-0.0175932	0.00690012	0.523568
1399434202277024172	-0.0105637	0.00943543	0.521462
1399434202351006829	0.00124296	0.0151401	0.516382
1399434202373082158	-0.000133877	0.0147444	0.514288
1399434202466021032	-0.00502694	0.0123864	0.512603
1399434202484918051	-0.00952343	0.00935287	0.511293
1399434202559004744	-0.0120686	0.00722334	0.510757
1399434202598929802	-0.01325	0.00712973	0.510585
1399434202668922638	-0.0112515	0.00926531	0.510701
1399434202684884361	-0.00513568	0.0120651	0.510774
1399434202701895236	0.00119595	0.0148604	0.510901
1399434202743931276	0.00380497	0.016	0.511227
1399434202793793218	0.00237264	0.014043	0.511308
1399434202809823904	-0.00354863	0.00957467	0.511333
1399434202885751304	-0.0104595	0.0059699	0.511319
1399434202902726917	-0.0150154	0.00453584	0.511651
1399434202918762632	-0.0180569	0.00437879	0.511974
1399434202997770338	-0.0218429	0.00414329	0.512421
1399434203093787001	-0.0248711	0.00433258	0.513119
1399434203110590742	-0.0245947	0.00675318	0.513898
1399434203126623203	-0.0230084	0.00891678	0.514957
1399434203202628020	-0.0224398	0.010098	0.51589
1399434203219744794	-0.0235921	0.0106148	0.5163
1399434203313676930	-0.0267877	0.0115267	0.516655
1399434203330652099	-0.0277452	0.0113207	0.516824
1399434203346635165	-0.0287533	0.0101878	0.517333
1399434203387733040	-0.028742	0.00829265	0.518037
1399434203404613683	-0.0288821	0.00610191	0.518558
1399434203462424930	-0.0286489	0.00625187	0.519532
1399434203540490771	-0.0254832	0.0101219	0.520118
1399434203556514403	-0.0216007	0.0135089	0.521021
1399434203630403754	-0.0183512	0.015917	0.522227
1399434203648374879	-0.0159693	0.0181683	0.523731
1399434203742498213	-0.0144822	0.020917	0.525214
1399434203758460758	-0.0133094	0.0233321	0.526761
1399434203775407668	-0.0120525	0.0236997	0.528025
1399434203849386600	-0.0114267	0.023081	0.529059
1399434203866364814	-0.0106496	0.022745	0.530031
1399434203883373567	-0.00872057	0.0228593	0.530689
1399434203979291532	-0.0054388	0.0234225	0.531212
1399434204068279644	0.00105765	0.0234042	0.531947
1399434204084273770	0.00270331	0.0235951	0.532698
1399434204101275421	0.00218036	0.0239056	0.533716
1399434204196213395	0.000557382	0.0245832	0.534916
1399434204267234218	-0.000924821	0.025808	0.53596
1399434204283175882	-0.00271987	0.0274053	0.536965
1399434204300136181	-0.00517502	0.028283	0.538015
1399434204374194200	-0.00813072	0.0265661	0.53895
1399434204390526678	-0.0112741	0.0231281	0.539845
1399434204484978048	-0.0125642	0.0201301	0.540499
1399434204500985736	-0.0124956	0.0178124	0.541131
1399434204517945357	-0.0108352	0.0157831	0.542011
1399434204595024066	-0.010077	0.0143545	0.543053
1399434204799847980	-0.00928931	0.0108899	0.544459
1399434204815836375	-0.0116408	0.0138117	0.544021
1399434204832749803	-0.0124277	0.0190629	0.543925
1399434205016854536	-0.0111959	0.0236681	0.54807
1399434205032850554	-0.0118621	0.0159371	0.550845
1399434205049802792	-0.0130457	0.00466834	0.554104
1399434205124778904	-0.0149234	-0.00389526	0.557661
1399434205164811587	-0.0183985	-0.00741006	0.56181
1399434205234777872	-0.0225658	-0.00723543	0.566746
1399434205250827194	-0.0265523	-0.00661991	0.572384
1399434205267750871	-0.0294251	-0.00779747	0.578747
1399434205340631922	-0.0316248	-0.00933579	0.585428
1399434205357606715	-0.0338055	-0.00953216	0.591312
1399434205458568074	-0.0357578	-0.00770924	0.595666
1399434205475532239	-0.0365896	-0.000650715	0.598739
1399434205761570234	-0.0109299	0.0202242	0.599
1399434205777578874	-0.0153488	0.0160381	0.597369
1399434205794572543	-0.0192364	0.0167816	0.595553
1399434205867447169	-0.0204715	0.0210095	0.593792
1399434205964423233	-0.01926	0.0245648	0.591728
1399434205980418379	-0.0210474	0.0252931	0.589656
1399434205997453746	-0.0270438	0.022262	0.587581
1399434206070417859	-0.0354946	0.0165237	0.585559
1399434206088338054	-0.0430755	0.0112413	0.583073
1399434206182383502	-0.0475493	0.00751842	0.58002
1399434206199211981	-0.047472	0.00664625	0.576856
1399434206215267824	-0.0424675	0.00818429	0.573693
1399434206290264262	-0.0336055	0.0104594	0.570863
1399434206307142170	-0.0240689	0.0146623	0.569033
1399434206323215975	-0.0180316	0.0221536	0.567737
1399434206420487556	-0.0136813	0.0324161	0.567086
1399434206436098982	-0.00610218	0.0443781	0.566849
1399434206508131980	0.00331973	0.054986	0.566715
1399434206525198515	0.0092317	0.0617955	0.566953
1399434206728056879	-0.00318617	0.0414602	0.563372
1399434206744023668	-0.00995514	0.0271431	0.562349
1399434206931918291	-0.0188819	0.00414341	0.561663
1399434206948921000	-0.0158979	0.00572749	0.56248
1399434206964909617	-0.011216	0.00667676	0.564754
1399434207039907269	-0.00538981	0.00630131	0.568135
1399434207055754172	-0.000241696	0.00709892	0.572108
1399434207154686264	0.00337215	0.0104857	0.576204
1399434207170772481	0.00672805	0.0186933	0.580907
1399434207247828526	0.0101187	0.0277468	0.585962
1399434207264728236	0.0123288	0.0335371	0.591486
1399434207280627600	0.0106635	0.0366752	0.59707
1399434207354691521	0.00768605	0.0394002	0.602051
1399434207394647428	0.00320483	0.0366291	0.608573
1399434207465664411	-0.00472563	0.021749	0.613136
1399434207481710824	-0.0139821	0.00682843	0.613947
1399434207499030664	-0.01774	-0.00204443	0.612523
1399434207597636305	-0.0173534	-0.00662191	0.609535
1399434207668632749	-0.0214808	-0.0086507	0.605801
1399434207684533817	-0.0207412	-0.00585451	0.6027
1399434207701456002	-0.0136989	0.00194303	0.600226
1399434207802427802	-0.00744675	0.0101768	0.598106
1399434207818423714	-0.00571648	0.0224077	0.598099
1399434207894330931	-0.00601358	0.0365351	0.599098
1399434207910334280	-0.0146149	0.041586	0.60029
1399434208012440378	-0.0257424	0.0377688	0.601078
1399434208028364466	-0.0341154	0.0319862	0.601425
1399434208097443658	-0.0423778	0.0227462	0.600606
1399434208114296905	-0.0472378	0.0145528	0.599209
1399434208209290085	-0.0505115	0.00394955	0.598358
1399434208225239698	-0.054169	-0.0079547	0.599074
1399434208242253319	-0.0535927	-0.0128251	0.601426
1399434208354119235	-0.0263932	0.0142023	0.607907
1399434208427133685	-0.00925453	0.036991	0.611628
1399434208444148884	0.000961469	0.0501182	0.614514
1399434208460618906	-0.00193466	0.0489542	0.616062
1399434208560387011	-0.00977954	0.0442078	0.616983
1399434208634979951	-0.0173087	0.043083	0.61713
1399434208651892183	-0.0238931	0.0385952	0.616805
1399434208667921649	-0.0207118	0.0319955	0.616482
1399434208771110440	-0.00845165	0.0282278	0.615642
1399434208843035298	0.00358402	0.0323531	0.615678
1399434208859974984	0.00671103	0.0365813	0.616421
1399434208875950408	0.0077625	0.0366819	0.61743
1399434208973824255	0.00445316	0.0343219	0.617663
1399434208989975006	-0.00925946	0.0289895	0.6178
1399434209061944230	-0.0313159	0.0179793	0.619489
1399434209078810216	-0.0423335	0.00553769	0.622114
1399434209188808000	-0.00993059	-0.00217606	0.630601
1399434209246861798	0.00226048	-0.00227063	0.636551
1399434209386785804	-0.00393553	-0.000851667	0.644487
1399434209492813935	-0.0453481	-0.0041297	0.667113
1399434209512730709	-0.0616602	-0.00280146	0.679243
1399434209563641022	-0.0553155	-0.00087676	0.689383
1399434209611620993	-0.033774	0.00327368	0.700037
1399434209707504969	-0.0262187	0.00774594	0.703937
1399434209724691962	-0.0230958	0.0119212	0.707126
1399434209805666696	-0.0196655	0.0158549	0.709723
1399434209845640120	-0.0134427	0.0199372	0.712034
1399434209916435304	-0.0126072	0.0247019	0.712886
1399434209932425874	-0.0203705	0.0302778	0.712198
1399434209949383991	-0.0311655	0.0349674	0.71036
1399434210023370540	-0.0363791	0.0368909	0.707526
1399434210040354750	-0.0305045	0.035225	0.702338
1399434210137362591	-0.0269549	0.0348237	0.700112
1399434210153340461	-0.0201774	0.0359329	0.694878
1399434210169336527	-0.0145594	0.0379244	0.689347
1399434210244306991	-0.00827121	0.0369805	0.684004
1399434210260225659	-0.00101576	0.0330452	0.678929
1399434210328655986	0.0060805	0.0291469	0.673563
1399434210358408109	0.00235018	0.0259201	0.664549
1399434210375324107	-0.00597093	0.0260455	0.661185
1399434210451349986	-0.0150229	0.0273854	0.659271
1399434210471321037	-0.0226004	0.0290618	0.65812
1399434210534255419	-0.0276192	0.0299589	0.658078
1399434210551255141	-0.0301285	0.0290916	0.659075
1399434210585208158	-0.0229396	0.0176744	0.663412
1399434210676245605	-0.0136946	0.00979903	0.667163
1399434210772272619	-0.00568664	0.00457953	0.671522
1399434210789105490	-0.000329457	0.00226247	0.676314
1399434210805145395	0.00270542	0.0015239	0.681477
1399434210896138512	0.00112953	0.00237767	0.692604
1399434210976052034	-0.000383296	0.00938448	0.703969
1399434211104989394	0.00342315	0.00548422	0.718384
1399434211201057547	-0.00074577	0.00175672	0.719875
1399434211217980198	-0.00951108	0.000555165	0.720522
1399434211233966844	-0.0168032	0.00233378	0.720981
1399434211308502976	-0.0198711	0.0059314	0.720415
1399434211323927409	-0.019189	0.00843146	0.718869
1399434211340902261	-0.0167127	0.00948582	0.71674
1399434211437882064	-0.0143298	0.0108934	0.714416
1399434211453799918	-0.0111019	0.0155094	0.712684
1399434211528702738	-0.00642208	0.0242652	0.711146
1399434211547765008	-0.00191982	0.0342798	0.709946
1399434211563738408	0.000235196	0.0423506	0.708808
1399434211662764059	-0.00097185	0.0467682	0.707667
1399434211732786473	-0.00427722	0.0481888	0.706756
1399434211749717306	-0.00921746	0.0475709	0.705783
1399434211765733754	-0.0135011	0.0457657	0.705242
1399434211839767263	-0.0157511	0.0445095	0.704853
1399434211856743262	-0.0174142	0.043734	0.704916
1399434211951611946	-0.0172588	0.0414487	0.705796
1399434211967575493	-0.0129259	0.0371332	0.706164
1399434211984560837	-0.00328071	0.0341414	0.706028
1399434212058532881	0.0073862	0.0339465	0.705598
1399434212075440932	0.0127349	0.0325837	0.705059
1399434212186440547	0.00578305	0.0285449	0.705566
1399434212202417014	-0.00259308	0.0270056	0.705989
1399434212244462729	-0.00901415	0.0218501	0.706553
1399434212260610993	-0.0120581	0.015039	0.706505
1399434212374449960	-0.0159693	0.0109755	0.705293
1399434212391424562	-0.0178048	0.0117995	0.705485
1399434212407392446	-0.0174038	0.00980032	0.706528
1399434212481279278	-0.0135291	0.00498167	0.707733
1399434212498284451	-0.0065765	-0.00109977	0.709479
1399434212596181359	-0.000386121	-0.00584941	0.712005
1399434212615300654	0.0027482	-0.00793311	0.716035
1399434212632157043	0.00200365	-0.00815261	0.722248
1399434212704398266	-0.00336885	-0.0085924	0.730232
1399434212720299441	-0.0128618	-0.00669687	0.739523
1399434212737579864	-0.0236766	-0.00102394	0.749167
1399434212819158490	-0.0364665	0.00933614	0.769049
1399434212835133360	-0.0359889	0.0101272	0.778266
1399434212911089060	-0.0334311	0.00951094	0.786663
1399434213024022070	-0.02656	0.0108662	0.798755
1399434213039972699	-0.026929	0.0138897	0.802829
1399434213056847577	-0.0293633	0.0172794	0.805733
1399434213256933421	-0.0436822	0.0249968	0.805736
1399434213274279706	-0.0450223	0.0271867	0.803178
1399434213345390920	-0.0433617	0.0288496	0.800962
1399434213360812262	-0.0417156	0.029348	0.798854
1399434213376876969	-0.0386897	0.0305555	0.79748
1399434213459845074	-0.0261838	0.0385544	0.796606
1399434213475820114	-0.0201307	0.0448943	0.797767
1399434213552854064	-0.0176118	0.0520326	0.799314
1399434213571728006	-0.0177322	0.0575494	0.801283
1399434213651722873	-0.0166894	0.0588136	0.805987
1399434213699589257	-0.0201611	0.0557868	0.81383
1399434213774749778	-0.0178724	0.0514874	0.816402
1399434213870629477	-0.0131116	0.0459297	0.818372
1399434213887586446	-0.0085946	0.0405777	0.819448
1399434213903624867	-0.0070199	0.0356417	0.819393
1399434213978619882	-0.00847635	0.0319299	0.818716
1399434213994538234	-0.0109612	0.0293135	0.817365
1399434214011580923	-0.0141244	0.0245316	0.815367
1399434214109510453	-0.0159932	0.0170894	0.813638
1399434214125431644	-0.013091	0.00971215	0.81179
1399434214197545760	-0.00536202	0.0042056	0.810227
1399434214213503110	0.00513373	-0.000118	0.808609
1399434214230307807	0.0142464	-0.0039325	0.806536
1399434214327448026	0.0189232	-0.00898877	0.803872
1399434214343443282	0.0194155	-0.0136268	0.801114
1399434214415384925	0.0180892	-0.0133926	0.799358
1399434214431232648	0.0153949	-0.00965204	0.798781
1399434214448349010	0.00874252	-0.00685579	0.799057
1399434214489359207	-0.00190458	-0.00586405	0.800435
1399434214534563456	-0.0123342	-0.00468427	0.80237
1399434214553277202	-0.0173328	-0.00567202	0.804863
1399434214624649298	-0.0154901	-0.00802651	0.808058
1399434214641281098	-0.0094352	-0.00914268	0.811361
1399434214658167899	-0.00392826	-0.00804697	0.814702
1399434214754169270	0.00439143	-0.00454633	0.819345
1399434214771244259	0.00812559	-0.00361873	0.820729
1399434214842160141	0.0146462	-0.00265541	0.822962
1399434214858107418	0.0139262	-0.00165414	0.824368
1399434214875272450	0.00197347	0.00233172	0.8254
1399434214916063680	-0.0146162	0.00933674	0.825432
1399434214960952322	-0.0288621	0.0200301	0.824966
1399434214977067263	-0.0369554	0.0310341	0.82398
1399434215055287320	-0.0346062	0.041803	0.820071
1399434215073053460	-0.0297225	0.0422419	0.817319
1399434215166992133	-0.0241887	0.0411539	0.81446
1399434215182984355	-0.0163187	0.0385151	0.811388
1399434215199987967	-0.00680434	0.0331141	0.807994
1399434215272873348	-0.0011571	0.0244506	0.805152
1399434215289907064	-0.00116162	0.0140506	0.802694
1399434215305790961	-0.00581366	0.00793954	0.801411
1399434215405746380	-0.0110309	0.00966585	0.801433
1399434215475825584	-0.0136744	0.0180041	0.802193
1399434215492828612	-0.0149796	0.0300781	0.804233
1399434215509727169	-0.0154113	0.0407703	0.806311
1399434215590684350	-0.0138695	0.0461978	0.808422
1399434215630770041	-0.00709279	0.0443221	0.811232
1399434215701712345	-0.00318755	0.0377501	0.813689
1399434215717684442	-0.00122324	0.0251469	0.816805
1399434215734680182	-0.000374359	0.0120748	0.820226
1399434215776661813	0.000744744	0.00402939	0.824058
1399434215817722722	0.000321316	0.000773631	0.828156
1399434215833716639	-0.00307205	0.00493787	0.832955
1399434215906643410	-0.00921669	0.0199158	0.837783
1399434215923629451	-0.0151876	0.0416189	0.842942
1399434215939710064	-0.0192575	0.0627342	0.849232
1399434216013541516	-0.0233701	0.0795869	0.856348
1399434216053445866	-0.03067	0.0904869	0.863592
1399434216124631205	-0.0386018	0.0912996	0.87025
1399434216141610876	-0.0426839	0.0799743	0.876389
1399434216157545935	-0.0420086	0.063282	0.881657
1399434216230585669	-0.0359091	0.0450147	0.885763
1399434216274483273	-0.0255253	0.0316309	0.888864
1399434216342502346	-0.0141941	0.026922	0.891173
1399434216358413451	-0.00606774	0.0280466	0.89287
1399434216375472638	-0.00209389	0.0302369	0.894699
1399434216449292087	-0.00247881	0.0294792	0.896565
1399434216466340012	-0.0089099	0.0279672	0.898776
1399434216533322384	-0.0183412	0.030084	0.901616
1399434216565420715	-0.027477	0.0307385	0.90814
1399434216582459960	-0.0246678	0.0218135	0.911372
1399434216659262414	-0.0180882	0.00817001	0.914401
1399434216703350467	-0.00871099	-0.00588022	0.91689
1399434216771435730	0.000571317	-0.0180507	0.919093
1399434216787147052	0.0101412	-0.0285858	0.921723
1399434216804227718	0.0198824	-0.037545	0.92471
1399434216877094511	0.0273638	-0.0434769	0.928239
1399434216894178890	0.0296798	-0.0403109	0.932201
1399434216997127791	0.0252707	-0.0261214	0.936362
1399434217013172497	0.0147145	-0.00673614	0.940796
1399434217082078735	0.00337659	0.00748792	0.944778
1399434217099044109	-0.00639164	0.0129424	0.948045
1399434217115026083	-0.01366	0.0148737	0.950801
1399434217214957080	-0.0180069	0.0178845	0.952495
1399434217231991686	-0.0161258	0.0179794	0.953092
1399434217300009170	-0.00706589	0.0134366	0.952398
1399434217316051553	0.00454785	0.00646471	0.950582
1399434217333000967	0.0142754	0.000728471	0.948222
1399434217407899902	0.0207647	-0.00156128	0.945422
1399434217447806886	0.0234724	-0.00167951	0.942414
1399434217517925247	0.0204609	0.00213232	0.939075
1399434217534860076	0.0125058	0.00947129	0.935954
1399434217550846157	-0.00170492	0.0193299	0.933262
1399434217629941295	-0.0207658	0.0291324	0.930535
1399434217732868689	-0.0378736	0.0380733	0.928454
1399434217748805871	-0.0488709	0.0452844	0.926741
1399434217765881623	-0.0540028	0.0505971	0.925271
1399434217802892990	-0.0523213	0.0534686	0.923981
1399434217818927355	-0.0424591	0.0530092	0.922618
1399434217934892052	-0.012493	0.0465754	0.919944
1399434217950652389	0.0038909	0.0393411	0.918304
1399434217967838885	0.0164733	0.0324431	0.916383
1399434218040749239	0.0224094	0.0273091	0.914627
1399434218057652236	0.0215083	0.0242481	0.913349
1399434218159550003	0.0195001	0.021491	0.912163
1399434218175556021	0.0205325	0.0174602	0.910869
1399434218192521188	0.0246761	0.0113968	0.90946
1399434218230534976	0.0254804	0.00744517	0.908087
1399434218246674206	0.0155255	0.011019	0.907449
1399434218361532890	-0.0124874	0.0276263	0.908487
1399434218378494980	-0.012929	0.0322857	0.910228
1399434218394572433	-0.00296266	0.0328983	0.912422
1399434218468527615	0.0135936	0.0288428	0.915191
1399434218485496789	0.0268721	0.0246988	0.917785
1399434218588542754	0.029886	0.0224819	0.920193
1399434218604509218	0.0243715	0.0198827	0.922389
1399434218623392553	0.016756	0.0149225	0.92425
1399434218694416526	0.00740753	0.00683765	0.926309
1399434218711385854	-0.00265204	-0.000934394	0.928055
1399434218727273743	-0.0134156	-0.00422678	0.929645
1399434218827408785	-0.0268379	1.60746e-05	0.930636
1399434218897336874	-0.0417613	0.00964681	0.93091
1399434218929352861	-0.053021	0.0354522	0.929805
1399434219079132742	-0.0172865	0.0372712	0.924252
1399434219096143633	-0.00324751	0.0298793	0.921472
1399434219131160980	0.00790465	0.0137632	0.915311
1399434219147110066	0.00410013	0.00401801	0.912825
1399434219323043419	-0.0148151	-0.022924	0.90995
1399434219339018629	-0.0317171	-0.029077	0.909567
1399434219355448655	-0.0527651	-0.026779	0.910569
1399434219429019008	-0.0713187	-0.0183776	0.913194
1399434219473034929	-0.0827739	-0.00828771	0.917095
1399434219541950948	-0.0848339	-0.000436286	0.923388
1399434219557923416	-0.0786371	0.00775417	0.930915
1399434219574828171	-0.0598685	0.0202895	0.938635
1399434219646846836	-0.035331	0.0360382	0.946097
1399434219670826951	-0.0115281	0.0472724	0.952972
1399434219769716946	0.0112581	0.0481337	0.958844
1399434219786858180	0.0281941	0.0404209	0.963103
1399434219854783743	0.0328313	0.0254212	0.966254
1399434219871850367	0.0240279	0.00506929	0.969134
1399434219887749048	0.00838306	-0.0137999	0.97199
1399434219989635169	-0.0121623	-0.0237276	0.974727
1399434220005546642	-0.0314767	-0.0245352	0.977011
1399434220073750588	-0.0464655	-0.016906	0.978349
1399434220089697017	-0.0570237	-0.00534875	0.978753
1399434220106648252	-0.0616031	0.00527485	0.97826
1399434220181741661	-0.0540536	0.0178529	0.977021
1399434220221620524	-0.0374715	0.0312482	0.974883
1399434220292513770	-0.0146108	0.0435343	0.972646
1399434220309594463	0.00654277	0.053477	0.97074
1399434220325473607	0.0174164	0.0609406	0.968985
1399434220398493044	0.022885	0.060339	0.967194
1399434220494514156	0.0279153	0.0534557	0.965499
1399434220511524459	0.0303186	0.0430138	0.964048
1399434220601484059	0.00281839	-0.00294316	0.964735
1399434220618413469	-0.0177664	-0.0255322	0.967649
1399434220635452283	-0.0343253	-0.036102	0.971796
1399434220731392889	-0.04395	-0.033881	0.976722
1399434220748381167	-0.0489457	-0.0165439	0.981895
1399434220825425129	-0.049607	0.00932864	0.987271
1399434220842102903	-0.0460895	0.0341157	0.993606
1399434220858299684	-0.0365313	0.0560281	1.00088
1399434220938406718	-0.00411619	0.0903287	1.01609
1399434220955218001	0.0171104	0.0980381	1.02273
1399434221029240652	0.0361882	0.0967217	1.02842
1399434221045439125	0.051709	0.0857665	1.03278
1399434221062270924	0.0619864	0.0705861	1.03539
1399434221160251458	0.0641618	0.0508822	1.03654
1399434221177186879	0.0569103	0.0258345	1.03706
1399434221247128828	0.045238	0.00142263	1.03727
1399434221264175003	0.0152029	-0.0289657	1.03727
1399434221331140668	-0.0244055	-0.043463	1.03882
1399434221350085532	-0.0520228	-0.0423608	1.0406
1399434221366964874	-0.0591495	-0.0382507	1.04197
1399434221383098027	-0.0412706	-0.00348553	1.04152
1399434221483887043	-0.0119996	0.0571732	1.04191
1399434221500951130	0.0186389	0.096104	1.04451
1399434221569003101	0.0384691	0.096159	1.04483
1399434221587815179	0.0466397	0.0734267	1.04287
1399434221688814739	0.0509066	0.0449442	1.04097
1399434221704795926	0.0529278	0.0181519	1.03982
1399434221775848270	0.0234939	-0.0107209	1.0396
1399434221792957401	-0.0315542	-0.0306138	1.0414
1399434221894679024	-0.074549	-0.0406389	1.04461
1399434221910809351	-0.086168	-0.0263812	1.04658
1399434221927781397	-0.0584353	0.0147161	1.0491
1399434221998741035	-0.014102	0.0469801	1.05463
1399434222094690512	0.024811	0.0493011	1.05905
1399434222110726758	0.0308342	0.0315255	1.05965
1399434222127718823	0.00211495	0.0060133	1.05836
1399434222168687745	-0.0436079	-0.0149873	1.05732
1399434222218722885	-0.0743515	-0.0154189	1.05672
1399434222308625535	-0.065728	0.019589	1.05644
1399434222325654040	-0.0416748	0.0596887	1.05906
1399434222414689481	-0.0296659	0.0824161	1.06179
1399434222520774534	-0.0166528	0.0835409	1.06297
1399434222536395778	-0.00264485	0.0712783	1.06297
1399434222553389270	-0.00763864	0.0518911	1.06233
1399434222627345030	-0.023	0.0278354	1.06171
1399434222643340761	-0.0369632	0.0138728	1.06156
1399434222660289526	-0.0436467	0.0157139	1.0617
1399434222744297730	-0.0396624	0.0359187	1.06201
1399434222761281901	-0.028762	0.0386576	1.06239
1399434222849302936	-0.0157707	0.0345423	1.063
1399434222866260587	-0.00561567	0.0288372	1.06378
1399434222973194040	0.00139969	0.0262885	1.06449
1399434222989150034	0.00681544	0.0236086	1.0648
1399434223057189309	0.00783635	0.0169798	1.06494
1399434223073129280	0.00606109	0.00878239	1.06453
1399434223090115715	0.00654593	0.00176097	1.06379
1399434223132095208	0.011182	-0.00203576	1.06341
1399434223182033972	0.0189104	-0.001508	1.06329
1399434223198006126	0.0269988	0.00316039	1.0635
1399434223267079040	0.03197	0.0116394	1.0632
1399434223283024657	0.0349599	0.0200521	1.06222
1399434223300052938	0.0373072	0.0241241	1.06081
1399434223405131000	0.0375016	0.0247416	1.05909
1399434223421944341	0.0313408	0.0240159	1.05704
1399434223490885708	0.0212854	0.0233671	1.05482
1399434223509896126	0.0140089	0.0207992	1.05278
1399434223583904616	0.00949604	0.0182896	1.05109
1399434223601863138	0.00590342	0.0185632	1.04967
1399434223695938789	0.0015044	0.0192886	1.04877
1399434223713004809	-0.00470601	0.018304	1.04824
1399434223729030265	-0.011314	0.0174046	1.04839
1399434223770917750	-0.0188514	0.0180896	1.04909
1399434223786802564	-0.0272293	0.0192712	1.05058
1399434223831951539	-0.0362669	0.0198405	1.05364
1399434223905841055	-0.046135	0.0192343	1.05721
1399434223921709187	-0.0536353	0.0185901	1.06127
1399434223938860753	-0.0555869	0.0207145	1.0659
1399434224012009200	-0.052604	0.02546	1.07068
1399434224028699962	-0.0492408	0.0300656	1.07556
1399434224123820289	-0.0480814	0.0325912	1.07969
1399434224139556198	-0.0480143	0.0326694	1.08359
1399434224156483112	-0.04751	0.0304538	1.08694
1399434224197573986	-0.0472494	0.0273222	1.08969
1399434224213542282	-0.0463733	0.0245737	1.0916
1399434224264527788	-0.0470337	0.0234937	1.09334
1399434224413561905	-0.0570896	0.0333848	1.09381
1399434224477515932	-0.0515783	0.0377286	1.09357
1399434224576550026	-0.0171957	0.0399354	1.09314
1399434224627440391	-0.00659954	0.0368098	1.09265
1399434224675422555	0.000786645	0.0338707	1.09174
1399434224693404380	0.00297145	0.0305465	1.09087
1399434224767418425	0.00131228	0.0292325	1.09025
1399434224784432320	-0.000364271	0.0312509	1.09006
1399434224829433494	0.000270367	0.0336574	1.08932
1399434224846348952	0.00345791	0.034102	1.08791
1399434224897262457	0.00765627	0.0314571	1.08636
1399434224977190486	0.0126841	0.0252342	1.08515
1399434224993190050	0.0183147	0.0171036	1.08374
1399434225010139618	0.0231935	0.0107356	1.08228
1399434225089177818	0.0243656	0.00804164	1.08131
1399434225185122927	0.0198185	0.0082898	1.08124
1399434225201182719	0.0130205	0.0103518	1.08227
1399434225217091174	0.00747459	0.0124963	1.08479
1399434225291073919	0.00225867	0.0115963	1.08783
1399434225308093066	-0.00285827	0.00774062	1.091
1399434225324028374	-0.00580978	0.00474916	1.09339
1399434225421009686	-0.00508955	0.00519188	1.09514
1399434225438023189	-0.00199466	0.00653383	1.09736
1399434225511993964	-0.00137559	0.00534431	1.09982
1399434225531960184	-0.00433173	0.00145411	1.10252
1399434225547983011	-0.010663	-0.00191158	1.10517
1399434225644934355	-0.0169712	-0.00418079	1.10725
1399434225715853908	-0.0191361	-0.00444045	1.10912
1399434225731879351	-0.0186803	-0.00112151	1.11088
1399434225749018395	-0.0190182	0.00502677	1.1129
1399434225790016303	-0.0191472	0.0117168	1.11546
1399434225807903894	-0.0184951	0.01636	1.11863
1399434225846886587	-0.0175082	0.018053	1.12301
1399434225863883246	-0.0174392	0.0192007	1.12824
1399434225934844329	-0.018792	0.0211146	1.13488
1399434225957904052	-0.0208922	0.0240853	1.14234
1399434225973873279	-0.0228367	0.0252943	1.14979
1399434226074706175	-0.0243777	0.02208	1.15729
1399434226144712195	-0.024411	0.0175113	1.16418
1399434226161678340	-0.0236552	0.0174606	1.17027
1399434226177605247	-0.0229952	0.0224836	1.17596
1399434226251738492	-0.0214972	0.028598	1.18111
1399434226268721082	-0.0194902	0.0335845	1.18569
1399434226363596459	-0.0161807	0.0395654	1.18919
1399434226379697872	-0.0123923	0.0466346	1.19133
1399434226396621405	-0.00976123	0.0541418	1.1921
1399434226470556602	-0.00915251	0.059864	1.1912
1399434226486643730	-0.0101421	0.0592607	1.18929
1399434226586695425	-0.01169	0.0529658	1.18591
1399434226606588157	-0.0140293	0.0447687	1.18134
1399434226677680066	-0.016619	0.0372366	1.17582
1399434226693640457	-0.0189708	0.0300831	1.16999
1399434226709611385	-0.0169548	0.0245744	1.16398
1399434226783585733	-0.00992471	0.0236893	1.15756
1399434226824483585	-0.00298384	0.0262925	1.15154
1399434226895415990	-0.000178827	0.0296353	1.14653
1399434226911500362	0.00129854	0.0317873	1.14192
1399434226928495985	0.0031697	0.0310014	1.13784
1399434227002524083	0.00442694	0.0277969	1.13401
1399434227047870321	0.00325434	0.0230225	1.13028
1399434227113439520	-0.000683226	0.015495	1.12681
1399434227130388397	-0.00568521	0.00649859	1.12372
1399434227146223256	-0.0115844	-0.000679664	1.12151
1399434227219362927	-0.0170623	-0.00463526	1.11991
1399434227236353532	-0.0206975	-0.0068675	1.11883
1399434227304292972	-0.0202894	-0.00621372	1.11849
1399434227324899468	-0.015985	-0.000129813	1.11879
1399434227340324682	-0.00987686	0.00899928	1.1202
1399434227356269934	-0.0049447	0.0172512	1.12241
1399434227431622995	-0.00183125	0.0223487	1.12525
1399434227532149254	0.000505219	0.0258529	1.12866
1399434227548181278	0.00327363	0.0294812	1.13255
1399434227565155936	0.00573518	0.0343843	1.13674
1399434227609157773	0.00564456	0.0361247	1.14029
1399434227629151595	0.00301172	0.0327548	1.14321
1399434227647149275	0.000260469	0.0260698	1.14574
1399434227687133028	-0.00179427	0.0200482	1.14784
1399434227757130168	-0.00214934	0.0155093	1.14962
1399434227774146104	-0.00112573	0.0112937	1.1509
1399434227790055724	-0.00123186	0.00823776	1.15176
1399434227830940636	-0.00320693	0.00872098	1.15231
1399434227872940408	-0.00530049	0.0129612	1.15252
1399434227888924158	-0.00759905	0.0195855	1.15281
1399434227962850883	-0.00996314	0.0269476	1.15234
1399434227978867203	-0.011595	0.0349883	1.15096
1399434227995813070	-0.0125418	0.0405509	1.14918
1399434228069736483	-0.0120596	0.0417778	1.14741
1399434228110803305	-0.0106885	0.0411104	1.14594
1399434228181624140	-0.0112434	0.0391907	1.14433
1399434228197650415	-0.0146707	0.0357435	1.14251
1399434228213647418	-0.01846	0.0289916	1.1408
1399434228287708858	-0.0203338	0.0199042	1.13945
1399434228331802519	-0.019	0.0097505	1.13854
1399434228399712172	-0.0164568	0.000697255	1.1382
1399434228415767474	-0.0149797	-0.00179573	1.13839
1399434228432652520	-0.0140342	0.00570714	1.13971
1399434228505729997	-0.0120019	0.0177824	1.14246
1399434228623601332	-0.00913041	0.0396316	1.15215
1399434228643443946	-0.0114625	0.0469922	1.15768
1399434228713477465	-0.016015	0.0507913	1.16282
1399434228729456118	-0.0203909	0.0522074	1.16709
1399434228746448184	-0.0233673	0.0537563	1.17087
1399434228816736187	-0.0282198	0.051946	1.17392
1399434228833602420	-0.0350882	0.0452972	1.17602
1399434228849477354	-0.041306	0.0368723	1.17729
1399434228925491535	-0.0453701	0.0309717	1.17788
1399434228942462432	-0.0469335	0.0301859	1.17785
1399434228959383673	-0.0453425	0.0349731	1.17707
1399434229056336254	-0.039793	0.0412531	1.17582
1399434229073329774	-0.0315091	0.0459964	1.17485
1399434229145447207	-0.0230577	0.0513942	1.1738
1399434229161352490	-0.0174534	0.0558417	1.17359
1399434229178255737	-0.0154314	0.0582631	1.17411
1399434229247403473	-0.014687	0.0574007	1.17535
1399434229267989829	-0.0140668	0.0540114	1.17735
1399434229280204786	-0.014115	0.0481774	1.18001
1399434229354263997	-0.0188348	0.0374125	1.1829
1399434229371276378	-0.027336	0.0248325	1.18584
1399434229387258001	-0.0332943	0.0158559	1.18882
1399434229485257164	-0.0320873	0.0116205	1.19174
1399434229501274543	-0.0228156	0.01196	1.19393
1399434229573283926	-0.0101332	0.0148256	1.19529
1399434229593245648	0.00129709	0.0156753	1.19568
1399434229612130726	0.0113753	0.0169413	1.19552
1399434229708991898	0.0228093	0.0213067	1.19536
1399434229780001585	0.0341534	0.0277578	1.19518
1399434229796021687	0.0402853	0.0309013	1.19566
1399434229812921226	0.040426	0.0297626	1.19673
1399434229885981254	0.0369297	0.0245098	1.1977
1399434229902924840	0.0291033	0.0151815	1.1982
1399434229998131887	0.0199162	0.0079046	1.19808
1399434230014009189	0.0108642	0.00628775	1.19782
1399434230030958173	0.0060907	0.0103777	1.19769
1399434230104926041	0.00856665	0.0157524	1.19746
1399434230121871519	0.0168639	0.0195854	1.19701
1399434230221860492	0.0269779	0.021028	1.1961
1399434230237713236	0.0348733	0.0211145	1.19447
1399434230253775584	0.0408075	0.02287	1.19356
1399434230323674445	0.0466233	0.0265793	1.1942
1399434230339725698	0.0477516	0.0320044	1.19657
1399434230356637859	0.0396982	0.0382514	1.20026
1399434230456730817	0.0265115	0.0434788	1.20463
1399434230525700962	0.0131459	0.0443194	1.20935
1399434230541787836	0.00222436	0.0405971	1.21396
1399434230558739497	-0.00857452	0.0348822	1.21825
1399434230632675672	-0.0233918	0.028329	1.22206
1399434230676612963	-0.0403422	0.019627	1.22563
1399434230747518725	-0.0547363	0.00902537	1.22876
1399434230766552231	-0.0650546	-0.000638135	1.23196
1399434230782616909	-0.0717523	-0.00584844	1.23472
1399434230822577400	-0.0676989	-0.0051344	1.23617
1399434230838500677	-0.0480301	0.000205059	1.23655
1399434230952452505	-0.000956382	0.0204793	1.23462
1399434230969363797	0.00962117	0.0346915	1.23304
1399434230986340413	0.0110721	0.0454081	1.2312
1399434231060332175	0.00374373	0.0486413	1.22894
1399434231103333966	-0.00785351	0.046068	1.22629
1399434231173300110	-0.0229967	0.0408696	1.22342
1399434231206247612	-0.0494139	0.0311245	1.21714
1399434231280247216	-0.0577563	0.0249066	1.21397
1399434231297263068	-0.0635007	0.019088	1.21076
1399434231393278831	-0.0654779	0.0142916	1.20734
1399434231409284648	-0.0597909	0.0101997	1.20377
1399434231426248566	-0.0489531	0.00529799	1.19987
1399434231500090447	-0.0392671	0.00141646	1.19616
1399434231517219925	-0.0336435	0.000835268	1.19274
1399434231616350598	-0.0272562	0.00606195	1.19003
1399434231632110246	-0.0124014	0.0196939	1.18854
1399434231704181897	0.00926513	0.0363293	1.18806
1399434231720413295	0.0292712	0.0514473	1.18783
1399434231737176184	0.0368141	0.0625782	1.18802
1399434231816174426	0.0300959	0.0666485	1.18882
1399434231856042601	0.0118188	0.062946	1.19069
1399434231927123903	-0.0102924	0.0536658	1.19348
1399434231943017599	-0.0267314	0.0433527	1.19729
1399434231959118000	-0.0362712	0.0318423	1.20182
1399434232034038718	-0.0430689	0.019421	1.20664
1399434232128028600	-0.0475993	0.0101967	1.21127
1399434232151053557	-0.0459299	0.00494502	1.21541
1399434232166798482	-0.0397259	7.48653e-05	1.21977
1399434232241813883	-0.0217142	-0.00499801	1.22585
1399434232258764883	-0.0018526	-0.00298467	1.23142
1399434232353697345	0.0195939	0.0110794	1.23758
1399434232370676732	0.0437064	0.0361308	1.24345
1399434232386880725	0.0524924	0.0639262	1.24825
1399434232460698300	0.0404871	0.0794392	1.25068
1399434232556596147	0.0256817	0.0791794	1.25132
1399434232572574735	0.00364862	0.0653091	1.25097
1399434232589583235	-0.0326149	0.0406925	1.25103
1399434232630947347	-0.0580871	0.0158615	1.25163
1399434232681696098	-0.059392	-0.00547484	1.25308
1399434232697645689	-0.0350603	-0.0190926	1.25496
1399434232770661297	-0.00238771	-0.0181865	1.25719
1399434232787670029	0.0292379	0.000249213	1.26027
1399434232883764010	0.0527296	0.0301495	1.264
1399434232898501925	0.0597661	0.0641067	1.2676
1399434232915963340	0.0386506	0.0911387	1.26929
1399434232956638019	0.0139102	0.104475	1.26669
1399434233006535777	-0.0165798	0.0853146	1.26113
1399434233022529795	-0.0537385	0.0310916	1.25546
1399434233093507659	-0.0682992	-0.0203872	1.25138
1399434233110514041	-0.0637953	-0.0385292	1.24737
1399434233206463385	-0.0599957	-0.0376129	1.24343
1399434233222371322	-0.0543471	-0.0126496	1.24046
1399434233306318485	-0.0478757	0.0339677	1.23974
1399434233490268123	-0.0560655	0.049259	1.24558
1399434233510227076	-0.0537143	0.022382	1.24843
1399434233535269726	-0.0393218	0.00742567	1.25082
1399434233638165136	-0.0283381	0.0100519	1.25247
1399434233734196945	-0.017754	0.0177427	1.25394
1399434233751099646	-0.00905306	0.0260691	1.25575
1399434233767032309	-0.000555702	0.0328729	1.2574
1399434233840929292	0.00933917	0.0409817	1.25869
1399434233857961481	0.0192107	0.0499475	1.25923
1399434233951882830	0.0256343	0.057004	1.25951
1399434233969002336	0.0242806	0.0584248	1.25944
1399434233985872193	0.0183657	0.0551828	1.25889
1399434234059972954	0.0145857	0.0478167	1.2582
1399434234075835681	0.0162742	0.0386894	1.25694
1399434234092834788	0.0195982	0.0325371	1.25501
1399434234189741120	0.0215602	0.0301041	1.25249
1399434234206812831	0.0235571	0.0307394	1.24936
1399434234277931987	0.0262953	0.0336713	1.2461
1399434234293743025	0.0279417	0.0399622	1.24315
1399434234310876882	0.0283521	0.0499666	1.24089
1399434234409697780	0.0279976	0.0571909	1.23936
1399434234480605856	0.0258906	0.0573859	1.23835
1399434234496586701	0.0206856	0.0537678	1.23744
1399434234512619829	0.0125702	0.0466512	1.23651
1399434234589622792	0.00547183	0.0374742	1.23552
1399434234609603080	0.00253687	0.0294351	1.23433
1399434234703572606	0.00319487	0.0234254	1.23314
1399434234719508257	0.00353619	0.018566	1.23203
1399434234736535999	0.00200594	0.0138751	1.23078
1399434234810497546	0.00043218	0.0131663	1.23
1399434234827479234	0.00103589	0.0180499	1.2302
1399434234940438427	-0.00241577	0.0307794	1.23222
1399434235083557133	-0.0399519	0.0247075	1.24862
1399434235140531466	-0.0378003	0.0216851	1.26147
1399434235156542321	-0.0367261	0.0221088	1.26685
1399434235232454982	-0.0369173	0.0228773	1.27138
1399434235249358819	-0.0359336	0.0243592	1.27486
1399434235343336076	-0.0317426	0.027365	1.27733
1399434235360754186	-0.0239308	0.0321385	1.27869
1399434235376398165	-0.0157357	0.0392665	1.27892
1399434235450323174	-0.00956366	0.0474071	1.27849
1399434235467520113	-0.00571641	0.05317	1.27755
1399434235483313636	-0.00698365	0.0543704	1.27632
1399434235584304137	-0.0152087	0.0513727	1.27511
1399434235905178544	-0.0436238	0.0111254	1.27709
1399434235996078165	-0.0162532	0.0286104	1.27778
1399434236063869959	-0.00723135	0.0393721	1.27894
1399434236083003876	-0.00451184	0.0477374	1.28081
1399434236115932907	-0.0038899	0.0541159	1.28461
1399434236190940378	-0.00507797	0.0518746	1.28556
1399434236230909009	-0.00926214	0.0493624	1.28608
1399434236301848059	-0.0175191	0.0489581	1.2867
1399434236317872622	-0.0308356	0.0439433	1.28702
1399434236334867522	-0.0440858	0.0318387	1.2862
1399434236408818686	-0.0533726	0.0162938	1.28437
1399434236424790406	-0.0584576	0.0040677	1.28213
1399434236537867152	-0.0541369	0.00293181	1.27786
1399434236610730604	-0.0384031	0.0157346	1.2762
1399434236626725111	-0.0188535	0.0292885	1.27537
1399434236643820644	-0.0019311	0.0380422	1.27484
1399434236728662494	0.0115039	0.039819	1.27339
1399434236745797220	0.00763137	0.0370418	1.27285
1399434236761733225	0.0014675	0.0363071	1.27308
1399434236835046837	-0.00845181	0.0339336	1.27347
1399434236851787644	-0.020331	0.0272415	1.27405
1399434236919513077	-0.0344836	0.0156316	1.27505
1399434236938623779	-0.0514587	0.00130651	1.2764
1399434236955569729	-0.065939	-0.00920703	1.27803
1399434236971504984	-0.0757805	-0.0136328	1.27961
1399434237048442101	-0.0820938	-0.0137731	1.2817
1399434237088410295	-0.0867078	-0.0129952	1.28452
1399434237158609372	-0.0861462	-0.00911657	1.28773
1399434237175522893	-0.0739521	0.00222734	1.29142
1399434237191480199	-0.0551235	0.019286	1.29554
1399434237232512378	-0.0365911	0.034327	1.30057
1399434237249449496	-0.0235525	0.0409656	1.30584
1399434237293792921	-0.0161014	0.0402039	1.31083
1399434237364541225	-0.0124425	0.0356141	1.31531
1399434237380589628	-0.0102221	0.030994	1.31904
1399434237396384780	-0.0101968	0.026071	1.32179
1399434237470457158	-0.0140937	0.0211196	1.32302
1399434237511440007	-0.020104	0.0169529	1.32254
1399434237582254510	-0.0247581	0.0156	1.32068
1399434237601372588	-0.0278378	0.0151015	1.3173
1399434237621285824	-0.0253433	0.0162632	1.31292
1399434237660314960	-0.0114211	0.0264152	1.30857
1399434237677296131	0.0100366	0.0441545	1.30487
1399434237721406643	0.034917	0.0643337	1.30262
1399434237791335063	0.0569049	0.0812041	1.30041
1399434237808330275	0.0702591	0.0897305	1.29724
1399434237824225505	0.0734354	0.0866317	1.29287
1399434237898286377	0.0675888	0.0753428	1.28786
1399434237938272525	0.0528106	0.0623977	1.2829
1399434238009097696	0.0337044	0.0525132	1.27898
1399434238026163344	0.0175729	0.049285	1.27667
1399434238042138669	0.00635671	0.0483306	1.27551
1399434238116057853	-0.00329448	0.0438008	1.27457
1399434238133064553	-0.0114779	0.0367249	1.27376
1399434238218101935	-0.0124048	0.0386528	1.27333
1399434238234127922	-0.00634506	0.0548268	1.27339
1399434238250925488	0.00203082	0.0767277	1.27412
1399434238324061768	0.0111014	0.0924518	1.27507
1399434238340981943	0.0180074	0.0968429	1.27538
1399434238436037871	0.0193273	0.0900387	1.27539
1399434238452072959	0.0168299	0.0789701	1.27497
1399434238468949515	0.00956434	0.068306	1.27444
1399434238542064466	-0.00355967	0.0570141	1.27357
1399434238558951001	-0.0178649	0.0469935	1.2723
1399434238574998634	-0.0310475	0.0392152	1.27079
1399434238679929879	-0.0413624	0.0344679	1.26898
1399434238749989162	-0.0481076	0.03121	1.26669
1399434238766820890	-0.0511259	0.0287929	1.26419
1399434238782834261	-0.0500105	0.0288868	1.26224
1399434238823847962	-0.046853	0.0306448	1.26154
1399434238862871547	-0.0428828	0.0325654	1.26162
1399434238879839612	-0.038966	0.0327685	1.26269
1399434238895772742	-0.0361399	0.0319236	1.26505
1399434238970681714	-0.0352367	0.0297769	1.26891
1399434238987635729	-0.037145	0.0252618	1.27409
1399434239003672843	-0.0441483	0.0182888	1.28083
1399434239100545521	-0.0545582	0.00955261	1.28889
1399434239116579906	-0.0661645	0.000577973	1.29738
1399434239187584096	-0.0767101	-0.00797004	1.30562
1399434239204494866	-0.0849735	-0.0166245	1.31348
1399434239220489039	-0.0897288	-0.0239125	1.32067
1399434239319495598	-0.0647721	-0.00841372	1.33455
1399434239393451353	-0.0482746	0.0079682	1.3379
1399434239410370765	-0.0323214	0.0221701	1.34104
1399434239427386020	-0.0183713	0.0320367	1.34324
1399434239579392831	0.00842941	0.0371036	1.33758
1399434239598367242	0.00931318	0.0365213	1.33192
1399434239616368211	0.00589114	0.0339013	1.32562
1399434239710331277	-0.00148499	0.025127	1.31939
1399434239733249970	-0.00925508	0.0127296	1.31358
1399434239749227870	-0.0149216	0.00400991	1.3077
1399434239826166292	-0.0182432	0.00209545	1.30142
1399434239842240129	-0.0178948	0.00623818	1.29507
1399434239859156930	-0.012532	0.0155593	1.28905
1399434239956233470	-0.00355608	0.0260124	1.28302
1399434239972204253	0.00614727	0.034598	1.27752
1399434240043208306	0.0173541	0.0420489	1.27241
1399434240060120301	0.0280195	0.0492622	1.26812
1399434240076177226	0.0364093	0.0543315	1.26515
1399434240176249307	0.0417516	0.0538435	1.26326
1399434240246181992	0.0432402	0.0478252	1.26195
1399434240263149629	0.0366369	0.0359269	1.2615
1399434240279176347	0.023465	0.0210869	1.26217
1399434240354046173	0.00868923	0.00788782	1.2637
1399434240371014962	-0.0048118	-0.00157763	1.26592
1399434240465011498	-0.0156634	-0.00635832	1.26888
1399434240480941515	-0.0225164	-0.00327508	1.27287
1399434240497906835	-0.0245075	0.00795177	1.27762
1399434240538915432	-0.0220638	0.0254486	1.28302
1399434240555885368	-0.0147137	0.0462296	1.28908
1399434240598837180	-0.00592266	0.0635001	1.29511
1399434240674982626	0.00132293	0.0734751	1.30052
1399434240691415775	0.00770685	0.0773863	1.30481
1399434240707999034	0.0124627	0.0786893	1.30822
1399434240781871945	0.0126945	0.0748914	1.31076
1399434240798822331	0.00839398	0.0654332	1.31234
1399434240893872506	0.000448133	0.0530112	1.31356
1399434240909883738	-0.0116741	0.0399991	1.31447
1399434240926789600	-0.0246052	0.0292782	1.31493
1399434240999700142	-0.0366494	0.0239467	1.31506
1399434241017728860	-0.0483327	0.0264077	1.31481
1399434241110593514	-0.057425	0.0333859	1.31441
1399434241127539078	-0.0573436	0.0449089	1.31375
1399434241143745611	-0.0463664	0.0572462	1.31323
1399434241217734189	-0.0298058	0.065294	1.31309
1399434241234676076	-0.0123554	0.0665389	1.31359
1399434241250707091	0.00154669	0.0635284	1.31452
1399434241332547034	0.010144	0.0473252	1.31791
1399434241348522278	0.00583984	0.0361735	1.32028
1399434241423515644	-0.00696641	0.0257737	1.32326
1399434241439486495	-0.0255049	0.0171031	1.32673
1399434241534572557	-0.0436264	0.00979754	1.33038
1399434241551522650	-0.0585305	0.00397807	1.33415
1399434241567491202	-0.0687457	-0.00119939	1.33817
1399434241644530836	-0.0733918	-0.00156879	1.34233
1399434241663425372	-0.0759399	0.00462843	1.34614
1399434241680378775	-0.0789695	0.0146674	1.34944
1399434241779376612	-0.0761208	0.0263084	1.35215
1399434241848492906	-0.0584811	0.0372245	1.35443
1399434241865422607	-0.0346229	0.0440735	1.35537
1399434241881328210	-0.0150767	0.0445725	1.35479
1399434241956375275	-0.00413636	0.0414028	1.35254
1399434241996478062	-0.00317116	0.037365	1.34911
1399434242066370675	-0.0102643	0.0313759	1.3448
1399434242083367868	-0.0199343	0.0244903	1.33977
1399434242099341598	-0.0302449	0.0181428	1.33488
1399434242141207392	-0.0407504	0.0156072	1.32991
1399434242158314678	-0.0505317	0.0175145	1.3251
1399434242198241156	-0.0589806	0.025528	1.32095
1399434242214301272	-0.0649557	0.036109	1.31782
1399434242287234040	-0.0632272	0.0460133	1.31595
1399434242303274642	-0.0530005	0.0531875	1.31531
1399434242320250093	-0.0397686	0.0568436	1.3153
1399434242402257641	0.00286821	0.0538995	1.31738
1399434242418152296	0.0227697	0.0503018	1.31879
1399434242492032837	0.0365814	0.0454559	1.32049
1399434242508203061	0.0442099	0.0396806	1.32231
1399434242525344375	0.0442193	0.0333946	1.32495
1399434242624122959	0.0298417	0.0264592	1.32781
1399434242644074853	0.00656341	0.0197625	1.33127
1399434242681204924	-0.0169746	0.0167178	1.33565
1399434242697996996	-0.0332535	0.0191857	1.34034
1399434242813103978	-0.0302796	0.0333533	1.34917
1399434242828910402	-0.0121775	0.0415409	1.35245
1399434242845992481	0.00630022	0.0501003	1.35509
1399434242888216905	0.0218938	0.0568711	1.35713
1399434242904170797	0.032534	0.0585946	1.35798
1399434242961884307	0.0459845	0.0414837	1.3564
1399434243031906503	0.04957	0.032116	1.35549
1399434243054870826	0.0454346	0.02568	1.35513
1399434243071012384	0.0335077	0.0220215	1.35531
1399434243145858451	0.0111404	0.019604	1.35564
1399434243242786564	-0.0163651	0.0187864	1.35607
1399434243258794773	-0.0387989	0.0203218	1.35632
1399434243274678976	-0.0493752	0.0276162	1.35618
1399434243315792107	-0.048878	0.0423592	1.356
1399434243332692687	-0.0430733	0.0575981	1.35564
1399434243390560634	-0.0165377	0.0628032	1.35326
1399434243461523154	-0.0035269	0.0534161	1.35159
1399434243478490728	0.00420922	0.0398631	1.35023
1399434243497488635	0.00618733	0.0291929	1.34922
1399434243569444381	0.00409226	0.024491	1.34869
1399434243609435898	0.00235259	0.0212635	1.34776
1399434243680579278	-0.00131106	0.0164039	1.34653
1399434243696526873	-0.0160931	0.0180678	1.34555
1399434243713569406	-0.0399108	0.0304988	1.34507
1399434243787065038	-0.0622385	0.0476718	1.3448
1399434243803468021	-0.0741647	0.0627185	1.34459
1399434243904414585	-0.0745892	0.071588	1.34497
1399434243921278717	-0.0652258	0.0713006	1.34603
1399434243989261444	-0.0509142	0.0635417	1.34739
1399434244006293160	-0.035422	0.0519648	1.34825
1399434244022341957	-0.0205744	0.036763	1.34865
1399434244119360216	-0.00922009	0.020161	1.3484
1399434244136241436	-0.00471622	0.00772328	1.34824
1399434244208087855	-0.012484	0.00519065	1.34884
1399434244225106681	-0.0301355	0.011454	1.34993
1399434244241121560	-0.0505309	0.024848	1.35157
1399434244318054484	-0.065718	0.0420649	1.35314
1399434244358116428	-0.0723427	0.0594296	1.35497
1399434244428113359	-0.0709842	0.074017	1.35713
1399434244446245264	-0.0646342	0.0816729	1.35946
1399434244461037517	-0.0513773	0.0776583	1.36179
1399434244534973639	-0.0334578	0.0653274	1.36384
1399434244629923902	-0.0163106	0.0506494	1.36509
1399434244650243776	-0.000762593	0.0361988	1.36603
1399434244670008428	0.01397	0.0188157	1.36619
1399434244743038952	0.0287661	-0.000345757	1.36573
1399434244760012218	0.0370573	-0.0147228	1.36549
1399434244776026523	0.0288476	-0.016108	1.3653
1399434244872917387	0.00908651	-0.00718455	1.36489
1399434244888992508	-0.0135535	0.00997238	1.36343
1399434244960855051	-0.0315403	0.030619	1.36094
1399434244977889228	-0.041392	0.0472734	1.35761
1399434244993922786	-0.0420343	0.0556347	1.35391
1399434245092727793	-0.0356644	0.0547665	1.35005
1399434245163846041	-0.0199639	0.0421748	1.34663
1399434245179638035	-0.000311454	0.0244474	1.34313
1399434245196677788	0.0146557	0.00929622	1.34028
1399434245270822282	0.0236585	-0.00482047	1.33789
1399434245288698538	0.0288301	-0.0194418	1.33658
1399434245382561483	0.0308857	-0.033022	1.33681
1399434245398530486	0.0286389	-0.0396694	1.33907
1399434245415479945	0.0199767	-0.0342196	1.34323
1399434245489593940	0.00214958	-0.0151638	1.34913
1399434245507613561	-0.0183375	0.00821054	1.35521
1399434245601589673	-0.0361477	0.0301751	1.36095
1399434245617558298	-0.0484573	0.0532308	1.36672
1399434245634495158	-0.0533947	0.073919	1.37282
1399434245707484421	-0.0530256	0.0879741	1.37956
1399434245727463192	-0.0511415	0.0940801	1.38645
1399434245771535647	-0.0472576	0.0906499	1.39282
1399434245827494413	-0.0117931	0.0392915	1.40184
1399434245843495569	0.0100692	0.00774914	1.40327
1399434245917323735	0.0244326	-0.0172938	1.4034
1399434245934409779	0.0294	-0.0311148	1.40338
1399434246028225428	0.0250412	-0.0304569	1.40365
1399434246045246841	0.01321	-0.0173429	1.40401
1399434246061304735	-0.00105955	-0.000180729	1.4046
1399434246101236446	-0.028722	0.0376283	1.40382
1399434246118445192	-0.0582501	0.0786043	1.40184
1399434246162418614	-0.088338	0.112563	1.40033
1399434246231348075	-0.108654	0.135621	1.39993
1399434246254296553	-0.102788	0.139178	1.40109
1399434246271289687	-0.0610483	0.101949	1.40337
1399434246368278797	0.00599151	0.024712	1.40145
1399434246385430688	0.0592683	-0.0404469	1.39505
1399434246456236797	0.0821464	-0.0601697	1.38773
1399434246473077636	0.0612556	-0.0296928	1.38513
1399434246541200093	0.00438137	0.0298252	1.384
1399434246570154264	-0.109717	0.138814	1.37934
1399434246671133978	-0.107256	0.135653	1.38263
1399434246767082017	-0.0776785	0.0999873	1.38686
1399434246784006754	-0.0294026	0.0426049	1.38954
1399434246800059585	0.0220349	-0.0178111	1.39012
1399434246840894961	0.0644464	-0.0661332	1.38726
1399434246858003637	0.0902814	-0.0933103	1.38526
1399434246897993662	0.0919159	-0.09334	1.38849
1399434246914006234	0.061099	-0.060702	1.39584
1399434246993841041	0.00773166	-0.00522099	1.40301
1399434247010820551	-0.0527735	0.0574897	1.40911
1399434247026780471	-0.105904	0.115842	1.4122
1399434247100762076	-0.141057	0.156619	1.41493
1399434247197737395	-0.149491	0.165375	1.42061
1399434247213680628	-0.131894	0.142225	1.42778
1399434247230718262	-0.0957562	0.0985956	1.43274
1399434247305995169	-0.0457531	0.0439201	1.43474
1399434247321754267	0.00439901	-0.00735197	1.43267
1399434247416594530	0.0393097	-0.0426477	1.42844
1399434247432638876	0.0497054	-0.0540536	1.42392
1399434247449617853	0.038533	-0.0448254	1.42103
1399434247526511258	0.00976335	-0.0171364	1.41827
1399434247546578601	-0.0241164	0.0187313	1.41512
1399434247562626770	-0.0522593	0.0527287	1.41147
1399434247660704270	-0.0742952	0.0781105	1.40731
1399434247730703324	-0.0920978	0.0920181	1.40316
1399434247746590040	-0.104623	0.0956762	1.40034
1399434247763626122	-0.0961693	0.0804567	1.39859
1399434247837620135	-0.0633787	0.0491034	1.39576
1399434247878397863	-0.0185253	0.0147023	1.39152
1399434247949353123	0.0232468	-0.0123322	1.38657
1399434247965519427	0.0496362	-0.0266379	1.38183
1399434247982479937	0.0555417	-0.0260769	1.37833
1399434248056415174	0.049863	-0.0177406	1.37618
1399434248073477254	0.0450316	-0.0108747	1.37497
1399434248167462487	0.0466812	-0.0100066	1.37497
1399434248184457976	0.0512237	-0.0124275	1.37593
1399434248200446888	0.0444451	-0.00814501	1.37785
1399434248274221723	0.0241566	0.00606773	1.3801
1399434248291414157	0.000910437	0.0241539	1.38237
1399434248393183672	-0.0124718	0.035778	1.38433
1399434248409246424	-0.0127039	0.0390694	1.38584
1399434248480260280	-0.00278987	0.0366782	1.38686
1399434248496226296	0.0108241	0.0308962	1.38697
1399434248513269714	0.0206948	0.0262868	1.38643
1399434248587236827	0.0258749	0.0240572	1.38539
1399434248627202486	0.0292527	0.0217324	1.38362
1399434248703147203	0.0304248	0.0195083	1.38113
1399434248719052449	0.0266506	0.0191066	1.37859
1399434248736189669	0.0197101	0.0191201	1.37586
1399434248777163098	0.00678428	0.0211811	1.37263
1399434248823125299	-0.0138263	0.0276692	1.36866
1399434248840032423	-0.0359033	0.0372766	1.36429
1399434248907991807	-0.0557886	0.0497009	1.35961
1399434248925509200	-0.0711054	0.0610483	1.35434
1399434248941076642	-0.0782336	0.0687692	1.34895
1399434249017052056	-0.0709452	0.0718697	1.34392
1399434249057034438	-0.0545597	0.0724048	1.33868
1399434249127926818	-0.036218	0.0693047	1.33337
1399434249143809145	-0.0218233	0.061632	1.32892
1399434249160932821	-0.014163	0.0507288	1.32487
1399434249233930260	-0.0105908	0.0384986	1.32175
1399434249273782345	-0.0060591	0.0277441	1.31994
1399434249308825663	-0.00307784	0.0216484	1.31925
1399434249325877758	-0.00912363	0.019835	1.32031
1399434249345781615	-0.0207956	0.0199507	1.3237
1399434249361770249	-0.0334983	0.0220766	1.3285
1399434249378816828	-0.0492731	0.0318265	1.33484
1399434249479812785	-0.0632863	0.0462355	1.3424
1399434249550812720	-0.0652748	0.0589706	1.35098
1399434249567775762	-0.0517889	0.0681996	1.35988
1399434249583782217	-0.0334075	0.0715844	1.36907
1399434249663702444	-0.0213606	0.0705508	1.37832
1399434249703604045	-0.0195606	0.0671121	1.38733
1399434249774587710	-0.0212916	0.0612556	1.3959
1399434249790621921	-0.0142919	0.0501845	1.40357
1399434249807626267	0.000124065	0.0368741	1.40918
1399434249880589619	0.0102739	0.0229492	1.41279
1399434249896607710	0.00589676	0.00682104	1.4154
1399434249965551258	-0.010148	-0.00966585	1.41811
1399434249983505841	-0.0316432	-0.0186431	1.42095
1399434250000384579	-0.0475527	-0.017232	1.42336
1399434250016568937	-0.0507965	-0.00650126	1.4253
1399434250091478134	-0.0421085	0.0113299	1.42667
1399434250131364172	-0.0300599	0.0286952	1.42816
1399434250202529771	-0.0212623	0.0396987	1.42981
1399434250218414018	-0.0161765	0.0446666	1.43084
1399434250235437445	-0.012954	0.0447488	1.43089
1399434250308338486	-0.00740947	0.0378151	1.42973
1399434250325377717	0.00141485	0.0261966	1.42862
1399434250426273657	0.0102039	0.0118395	1.42791
1399434250443376744	0.0125888	-0.00695901	1.42795
1399434250475302089	0.00924094	-0.0255655	1.42879
1399434250492290014	0.00209441	-0.0356254	1.4309
1399434250513270439	-0.00431608	-0.0349107	1.43399
1399434250553322664	-0.00846653	-0.0253373	1.43734
1399434250627274319	-0.0126907	-0.00711772	1.44029
1399434250646193877	-0.0171456	0.0131206	1.44339
1399434250662305632	-0.019118	0.0282705	1.4469
1399434250734243839	-0.014441	0.0395542	1.45045
1399434250751223066	-0.00536446	0.0509154	1.45339
1399434250819212742	0.00624173	0.058874	1.45535
1399434250838153482	0.0172603	0.0614623	1.45626
1399434250854208905	0.0242382	0.0608484	1.45634
1399434250871141950	0.0253613	0.0538432	1.45549
1399434250947065662	0.0231601	0.0356237	1.45311
1399434250987083231	0.0214247	0.0119584	1.44982
1399434251022071013	0.0161831	-0.00598227	1.44601
1399434251039089404	0.00413514	-0.0123214	1.44193
1399434251059069699	-0.0111034	-0.0100459	1.43765
1399434251075076040	-0.0220132	-0.00496157	1.43296
1399434251092444632	-0.0260709	-0.00132971	1.42767
1399434251193051607	-0.0245105	0.00826877	1.42245
1399434251263916859	-0.0198364	0.027694	1.41753
1399434251279956523	-0.0134025	0.0487186	1.41315
1399434251297001218	-0.00647398	0.0624284	1.40905
1399434251372028796	-0.00136483	0.0674766	1.40512
1399434251411930043	0.000984337	0.0654396	1.40211
1399434251453375392	4.49532e-05	0.0546555	1.40016
1399434251462853728	-0.0038658	0.0403568	1.39881
1399434251483857841	-0.0121668	0.0284295	1.39747
1399434251502885981	-0.0232766	0.0208933	1.39644
1399434251522878115	-0.0330613	0.0168442	1.3955
1399434251619875830	-0.0370059	0.0177204	1.39455
1399434251690918799	-0.0348752	0.025807	1.39368
1399434251707862048	-0.0302295	0.0382474	1.39289
1399434251723717089	-0.0271439	0.0507584	1.39212
1399434251798787435	-0.0280265	0.0606897	1.39125
1399434251838746727	-0.0308074	0.0638304	1.38991
1399434251909689529	-0.0349608	0.0555093	1.38854
1399434251925551854	-0.0389119	0.0408265	1.38675
1399434251942571987	-0.0419171	0.0249477	1.38456
1399434252015670807	-0.0461924	0.0123812	1.38215
1399434252032695025	-0.0502929	0.0067031	1.37981
1399434252127622486	-0.0512848	0.00744786	1.37723
1399434252143619483	-0.0494872	0.0113584	1.37484
1399434252160587390	-0.0465605	0.0175462	1.37291
1399434252200556477	-0.0414923	0.0225351	1.37171
1399434252217659741	-0.033594	0.0252867	1.37093
1399434252261570619	-0.0234592	0.027453	1.37043
1399434252331399172	-0.0145694	0.0291629	1.36985
1399434252348600885	-0.0114816	0.027109	1.36943
1399434252364555833	-0.0141374	0.021597	1.36928
1399434252405500857	-0.0172694	0.0151339	1.36963
1399434252422455092	-0.0178536	0.0102911	1.37043
1399434252462479732	-0.0152238	0.00861501	1.37177
1399434252478787988	-0.0124742	0.0097925	1.37362
1399434252557442446	-0.0133688	0.0136892	1.37526
1399434252573479557	-0.0192468	0.0183716	1.37669
1399434252590414897	-0.0272939	0.0225143	1.37818
1399434252691351370	-0.0344671	0.0264161	1.38008
1399434252761357933	-0.0383078	0.0300153	1.3822
1399434252778403295	-0.0373688	0.0326236	1.38363
1399434252794383036	-0.0344995	0.033906	1.38464
1399434252868390690	-0.0343267	0.0337636	1.38581
1399434252886197229	-0.0357915	0.0323185	1.38721
1399434252981622519	-0.0375554	0.0324894	1.38887
1399434252996108151	-0.0397763	0.0346596	1.39073
1399434253013162509	-0.04132	0.039311	1.39299
1399434253087166849	-0.0422516	0.0455737	1.39525
1399434253105241271	-0.0428742	0.0511344	1.39802
1399434253199187167	-0.0424079	0.0545899	1.40127
1399434253215095539	-0.0396772	0.0553862	1.40377
1399434253232040608	-0.0346883	0.052618	1.40494
1399434253306036603	-0.0309055	0.0467109	1.40555
1399434253322090639	-0.0296709	0.0392494	1.40591
1399434253338957917	-0.0283659	0.0321952	1.40595
1399434253438871205	-0.0241641	0.0266588	1.4058
1399434253509080147	-0.0152609	0.0255601	1.40586
1399434253526013624	-0.00490164	0.0288412	1.40635
1399434253542020466	0.00199184	0.0322628	1.40735
1399434253613018002	0.00395146	0.0347799	1.40845
1399434253658709662	0.00351609	0.035392	1.40928
1399434253699895661	0.00373152	0.0347053	1.40974
1399434253715913131	0.0054937	0.0344949	1.40944
1399434253749860476	0.00744874	0.0385085	1.40865
1399434253766874748	0.00632403	0.0383961	1.40869
1399434253866847522	0.00219868	0.034817	1.40886
1399434253938620081	-0.00378236	0.0287018	1.409
1399434253954841281	-0.00733561	0.0226647	1.40908
1399434253971800699	-0.00574998	0.0185864	1.40913
1399434254045704705	0.000696411	0.0163464	1.40883
1399434254086802854	0.00759961	0.0153131	1.40834
1399434254156749291	0.010487	0.0155092	1.40818
1399434254173721512	0.0092382	0.0168283	1.40898
1399434254189610610	0.00604097	0.0182462	1.41031
1399434254263731552	0.00140276	0.020191	1.41211
1399434254280658565	-0.00573855	0.0231082	1.41427
1399434254375597489	-0.0158303	0.0269831	1.41705
1399434254391529984	-0.027073	0.0305477	1.41993
1399434254408562484	-0.037513	0.0332467	1.42271
1399434254449574211	-0.0451528	0.0347756	1.4256
1399434254466584413	-0.0483698	0.0355277	1.4287
1399434254509391843	-0.0452877	0.0354961	1.4336
1399434254580593324	-0.041496	0.0351037	1.43525
1399434254599518110	-0.0320524	0.0343856	1.43821
1399434254619479117	-0.0244691	0.0355185	1.4403
1399434254658296164	-0.0186619	0.0395121	1.44155
1399434254675385081	-0.0125711	0.0450034	1.44208
1399434254716474164	-0.00673273	0.0498055	1.44252
1399434254732371021	-0.00257113	0.0526274	1.44254
1399434254807379200	-0.000316629	0.0515835	1.44215
1399434254823350003	-0.00326348	0.0483829	1.4414
1399434254839357372	-0.0120704	0.0463102	1.44036
1399434254921284158	-0.0311908	0.0450487	1.43758
1399434254937302056	-0.0352786	0.043009	1.43595
1399434255014388811	-0.0318328	0.0375955	1.43385
1399434255030314222	-0.0216521	0.0311893	1.43148
1399434255047321044	-0.00975189	0.0258694	1.42883
1399434255131316943	0.00316934	0.0231154	1.42641
1399434255148275624	0.0145033	0.022039	1.42461
1399434255164218884	0.0215134	0.0210707	1.42357
1399434255237217998	0.0231959	0.0200183	1.42349
1399434255253100417	0.019737	0.0201033	1.42398
1399434255355140588	0.015284	0.0225756	1.42473
1399434255371099846	0.0142541	0.0253194	1.42539
1399434255440445011	0.0156768	0.0272014	1.42564
1399434255457039803	0.0152619	0.0267035	1.42607
1399434255473107683	0.0116064	0.0249178	1.42644
1399434255543931468	0.00457168	0.024893	1.42708
1399434255590078620	-0.00593197	0.027401	1.42837
1399434255694924655	-0.0326408	0.0309935	1.43213
1399434255862082380	-0.0533643	0.031682	1.43567
1399434255879016880	-0.0548006	0.034665	1.43745
1399434255894914290	-0.0502425	0.0354635	1.43737
1399434255969007940	-0.0474038	0.0357311	1.43637
1399434255984932431	-0.0479503	0.0366512	1.43499
1399434256054944330	-0.0486433	0.0380089	1.43338
1399434256071826914	-0.0472894	0.0393699	1.43202
1399434256087887358	-0.044862	0.0398985	1.43126
1399434256104797914	-0.0447173	0.0385568	1.43093
1399434256120655916	-0.0467176	0.0357951	1.43103
1399434256197822560	-0.0506295	0.0334315	1.43152
1399434256292780867	-0.0563191	0.0319075	1.43206
1399434256309762859	-0.0627986	0.0301423	1.43281
1399434256326652028	-0.068727	0.0293823	1.43336
1399434256515771250	-0.0608406	0.0360348	1.42971
1399434256531711170	-0.0458804	0.0360626	1.42629
1399434256548660910	-0.0309267	0.0328749	1.42202
1399434256591707820	-0.0188527	0.0289769	1.41712
1399434256610689286	-0.010999	0.0275055	1.41206
1399434256627600358	-0.00545386	0.0299496	1.40737
1399434256721599962	-0.000332749	0.0330958	1.40368
1399434256744605752	0.00275918	0.0333183	1.40088
1399434256760610439	0.000778678	0.0320992	1.39854
1399434256836537043	-0.00513952	0.0318146	1.39638
1399434256851393809	-0.0119929	0.030499	1.39441
1399434256949533136	-0.0192582	0.0269194	1.39286
1399434256966553011	-0.0272023	0.0225426	1.39164
1399434257001422288	-0.0315895	0.0198438	1.39048
1399434257018357019	-0.0260963	0.0182712	1.3899
1399434257038461739	-0.0118279	0.0169219	1.38959
1399434257056304151	0.00439982	0.018711	1.38946
1399434257152459147	0.0196745	0.0229097	1.39007
1399434257169460273	0.0226562	0.0255711	1.39117
1399434257185412846	0.0223962	0.0292695	1.39272
1399434257259319648	0.0215392	0.0333748	1.39447
1399434257275517597	0.0222352	0.0387796	1.39666
1399434257370248776	0.0224928	0.0452397	1.39933
1399434257386233131	0.0158149	0.0522256	1.40244
1399434257403202775	0.00498534	0.0572609	1.40526
1399434257476218432	-0.00562139	0.0586125	1.40796
1399434257492207087	-0.0143035	0.0550697	1.4102
1399434257556542313	-0.0220532	0.0496526	1.41224
1399434257577117035	-0.0272769	0.0457379	1.41393
1399434257594098964	-0.0304124	0.0451174	1.41559
1399434257609989920	-0.0339687	0.0478235	1.41737
1399434257686062615	-0.0379204	0.0522216	1.41924
1399434257703034524	-0.0419837	0.0572184	1.4209
1399434257787041085	-0.0460604	0.0613965	1.42227
1399434257804004849	-0.0481535	0.0637952	1.42375
1399434257819816739	-0.0481623	0.0638312	1.42562
1399434257894054640	-0.0482405	0.0614819	1.42826
1399434257909946692	-0.0488015	0.0547891	1.43117
1399434258011979138	-0.0494376	0.0448673	1.43367
1399434258028943588	-0.0500088	0.0357931	1.43586
1399434258045037758	-0.0497219	0.0305005	1.43768
1399434258116930663	-0.0474148	0.0293302	1.4393
1399434258132937726	-0.0429043	0.0328983	1.44061
1399434258149749174	-0.0382227	0.0392804	1.44159
1399434258250825575	-0.0335763	0.0462431	1.44213
1399434258321600626	-0.0292218	0.0510403	1.44244
1399434258338708799	-0.0260554	0.0515019	1.44277
1399434258354757345	-0.0232076	0.047041	1.44277
1399434258428558179	-0.0195573	0.0401482	1.44227
1399434258472832126	-0.0152943	0.0357779	1.44121
1399434258540653351	-0.0112766	0.0338617	1.44005
1399434258556765526	-0.00780755	0.0299368	1.4386
1399434258573594187	-0.0052204	0.0239972	1.43689
1399434258650493620	-0.00223724	0.0192908	1.43512
1399434258667626041	0.00123332	0.0171495	1.43355
1399434258768625291	0.0032204	0.0160868	1.43251
1399434258785496429	0.00185057	0.0167087	1.43223
1399434258854413124	-0.000727604	0.0190936	1.43268
1399434258871495414	-0.00432237	0.0228199	1.43373
1399434258887489861	-0.00854095	0.0259903	1.43497
1399434258955294710	-0.0116662	0.0278689	1.43595
1399434258984431955	-0.0137455	0.0287214	1.43803
1399434259000398759	-0.0119381	0.0285461	1.43861
1399434259074509098	-0.0087023	0.0293861	1.4388
1399434259092492178	-0.00581996	0.0310334	1.43925
1399434259202337150	-0.00402241	0.0283198	1.43989
1399434259219383645	-0.00536502	0.0236342	1.43988
1399434259292322464	-0.00772888	0.0198444	1.43935
1399434259309271792	-0.00846592	0.0199864	1.43846
1399434259408300864	-0.00921765	0.0246625	1.4373
1399434259424367991	-0.0136952	0.0317224	1.43592
1399434259495411838	-0.0216961	0.0383325	1.43468
1399434259512247509	-0.0311719	0.0432343	1.43397
1399434259528148081	-0.0411272	0.0464633	1.43396
1399434259570207973	-0.0493793	0.0493958	1.4349
1399434259617175841	-0.0534566	0.0507347	1.43614
1399434259636637550	-0.0520021	0.0502753	1.43785
1399434259710565587	-0.0447933	0.0470767	1.43972
1399434259726198600	-0.033764	0.0398499	1.44148
1399434259742210289	-0.0211433	0.0315606	1.44269
1399434259844030289	-0.0115473	0.0252324	1.44289
1399434259860995515	-0.00954772	0.0217482	1.44212
1399434259922976493	-0.0143496	0.0211766	1.44025
1399434259940055396	-0.0227638	0.0220492	1.43792
1399434259956994785	-0.0280915	0.0238432	1.43531
1399434260031939030	-0.0293308	0.0270324	1.43191
1399434260071918545	-0.0345078	0.0329546	1.42826
1399434260143002448	-0.0452881	0.0414192	1.42529
1399434260158988527	-0.0564918	0.0484339	1.42296
1399434260175953353	-0.0645361	0.0502203	1.42175
1399434260216894430	-0.0692423	0.0460499	1.42177
1399434260274037658	-0.0668171	0.0253719	1.42345
1399434260289840957	-0.060585	0.0190044	1.42492
1399434260362966429	-0.0488301	0.0151983	1.4268
1399434260378945010	-0.0356758	0.0125426	1.4287
1399434260395857314	-0.0253802	0.0110595	1.43031
1399434260477854895	-0.0110944	0.00951251	1.43247
1399434260493812483	-0.0055235	0.0105611	1.4334
1399434260570903395	-0.00530176	0.0137776	1.43423
1399434260589659706	-0.0158513	0.0197329	1.43523
1399434260686805239	-0.0345939	0.027775	1.43618
1399434260702727126	-0.0506177	0.0344109	1.43677
1399434260718782045	-0.0580471	0.0378356	1.43776
1399434260790501423	-0.0589551	0.0392213	1.4398
1399434260807502925	-0.0545783	0.0392106	1.44303
1399434260823757697	-0.0389292	0.0365358	1.44701
1399434260935634690	-0.00416376	0.0297643	1.45352
1399434261005575097	0.0142868	0.0276657	1.45759
1399434261022530323	0.0260954	0.0282375	1.46168
1399434261038547043	0.0319528	0.0307143	1.46614
1399434261112528798	0.0349822	0.0340423	1.47071
1399434261207526412	0.0377756	0.0375318	1.47513
1399434261224487567	0.0363532	0.0436947	1.47873
1399434261240522958	0.0275324	0.0539796	1.48125
1399434261315455378	0.0130377	0.0646787	1.48277
1399434261332311117	4.51767e-05	0.0704369	1.48343
1399434261427370016	-0.00532014	0.0717174	1.48322
1399434261444348480	-0.00172672	0.0676628	1.48209
1399434261460342114	0.00595314	0.0577107	1.4798
1399434261497380873	0.0125596	0.0463716	1.47634
1399434261514412725	0.0189846	0.036407	1.47235
1399434261573333652	0.0290344	0.0204044	1.46348
1399434261651283838	0.0256366	0.00948149	1.45913
1399434261668348688	0.0181255	-0.00132029	1.45491
1399434261741279803	0.00967775	-0.00726476	1.45126
1399434261758096210	-0.00551827	-0.000638194	1.44798
1399434261853311556	-0.0273534	0.0164517	1.44492
1399434261869186219	-0.0487299	0.0339871	1.44138
1399434261886237516	-0.0632233	0.0452341	1.43718
1399434261927194495	-0.070472	0.0476239	1.43292
1399434261943097492	-0.0718092	0.0422884	1.42929
1399434262002083046	-0.0606079	0.0234237	1.42322
1399434262074203372	-0.0488269	0.0134811	1.42025
1399434262090202976	-0.0358815	0.00260629	1.41734
1399434262106137264	-0.0259056	-0.00807991	1.41466
1399434262180060894	-0.0227551	-0.0167717	1.41219
1399434262276040977	-0.0270139	-0.021319	1.41011
1399434262293071045	-0.0362849	-0.0199474	1.40855
1399434262308895336	-0.0455529	-0.0155283	1.40717
1399434262384893376	-0.0493296	-0.0109033	1.40563
1399434262400812135	-0.0464382	-0.00669952	1.40392
1399434262417795624	-0.0382284	-0.00322912	1.40203
1399434262513814893	-0.0265434	0.000373449	1.39978
1399434262530892336	-0.0153312	0.00543011	1.39765
1399434262601864647	-0.00743698	0.011728	1.3956
1399434262620862722	-0.0031039	0.018237	1.39389
1399434262640831302	-0.000948206	0.0228344	1.39275
1399434262739703793	-0.0012401	0.0242985	1.39202
1399434262810871375	-0.00535621	0.0211336	1.39136
1399434265822224804	-0.0133325	0.012398	1.39063
1399434265822262372	-0.0251274	-0.000806283	1.38969
1399434265822295865	-0.0398169	-0.0153269	1.3888
1399434265822328950	-0.0544571	-0.0276606	1.3875
1399434265822354494	-0.0653375	-0.0333382	1.38694
1399434265822386557	-0.0691204	-0.031623	1.38703
1399434265822418275	-0.051596	-0.0203077	1.38963
1399434265822449653	-0.0259305	0.00517459	1.39035
1399434265822489998	-0.0308734	0.0395277	1.38629
1399434265822521269	-0.0391326	0.074936	1.38726
1399434265822552499	-0.0342427	0.100005	1.39796
1399434265822584034	-0.0243326	0.0792944	1.4041
1399434265822615693	-0.0145404	0.0452188	1.41028
1399434265822655399	-0.00669194	0.00851376	1.41542
1399434265822687943	-0.000126273	-0.0202717	1.41973
1399434265822719615	0.00618853	-0.0368601	1.42382
1399434265822750468	0.0106451	-0.0408578	1.42718
1399434265822800572	-0.0168624	0.0422582	1.42791
1399434265822832330	-0.0232288	0.0444674	1.42628
1399434265822870316	-0.0311598	0.0446571	1.42366
1399434265822902102	-0.0359094	0.0343147	1.4218
1399434265822933747	-0.0324293	0.0159534	1.41808
1399434265822965422	-0.0201375	0.00808536	1.41519
1399434265823005001	-0.0155834	0.0235187	1.41454
1399434265823036800	-0.0163097	0.0344298	1.41111
1399434265823067991	-0.0180845	0.0377644	1.40854
1399434265823099673	-0.0185372	0.0325124	1.40701
1399434265823130523	-0.0189932	0.0303981	1.40473
1399434265823169898	-0.019784	0.0323047	1.40223
1399434265823201767	-0.0202026	0.0315755	1.39797
1399434265823233235	-0.0205706	0.031771	1.39572
1399434265823264740	-0.020763	0.0321084	1.39339
1399434265823296455	-0.0210714	0.0320838	1.39114
1399434265823351293	-0.0217883	0.0323992	1.38672
1399434265823384087	-0.021894	0.0323477	1.38464
1399434265823415869	-0.0220862	0.0323054	1.38243
1399434265823446602	-0.0222672	0.0323418	1.38012
1399434265823485313	-0.0223632	0.032376	1.37815
1399434265823516160	-0.0227192	0.0322746	1.37376
1399434265823547280	-0.0229608	0.0320914	1.37152
1399434265823579249	-0.0232773	0.0321583	1.36915
1399434265823615164	-0.0233973	0.0323575	1.36732
1399434265823665612	-0.023755	0.032121	1.36275
1399434265823697340	-0.0239494	0.0323482	1.36089
1399434265823729066	-0.0240272	0.0321876	1.35838
1399434265823760113	-0.0242947	0.0322218	1.35677
1399434265823799569	-0.0243753	0.0322531	1.3542
1399434265823831284	-0.0246135	0.0321808	1.35225
1399434265823862969	-0.0247674	0.0322492	1.35014
1399434265823894280	-0.0249012	0.0321855	1.34787
1399434265823925841	-0.0251126	0.0321544	1.34616
1399434265823957146	-0.0252116	0.0321072	1.34367
1399434265823996368	-0.0253444	0.0320342	1.34185
1399434265824027889	-0.0254701	0.0320595	1.33969
1399434265824059331	-0.0256047	0.032079	1.33755
1399434265824090932	-0.0257413	0.0320282	1.33579
1399434265824122213	-0.0258411	0.0320694	1.33349
1399434265824173610	-0.0260167	0.0319198	1.33154
1399434265824206471	-0.0261444	0.031987	1.32955
1399434265824237658	-0.0262848	0.0320246	1.32742
1399434265824253978	-0.0264156	0.0318505	1.32563
1399434265824285496	-0.0265053	0.0318697	1.32336
1399434265824316410	-0.0266318	0.0319072	1.32143
1399434265824356273	-0.0267938	0.0317638	1.31942
1399434265824387341	-0.0269045	0.0317514	1.31731
