#Time	 SERVO_1	 SERVO_2	 SERVO_3	 SERVO_4
1399434191439157852	1175	1175	1175	1175
1399434191506027082	1175	1175	1175	1175
1399434191547080386	1175	1175	1175	1175
1399434191566314029	1175	1175	1175	1175
1399434191651097446	1175	1175	1175	1175
1399434191712992060	1175	1175	1175	1175
1399434191729917948	1175	1175	1175	1175
1399434191824062067	1175	1175	1175	1175
1399434191839787773	1175	1175	1175	1175
1399434191856796171	1175	1175	1175	1175
1399434191872777469	1175	1175	1175	1175
1399434191895889122	1175	1175	1175	1175
1399434191925770543	1175	1175	1175	1175
1399434192074039586	1175	1175	1175	1175
1399434192135721151	1175	1175	1175	1175
1399434192152747368	1175	1175	1175	1175
1399434192208772621	1175	1175	1175	1175
1399434192225719198	1175	1175	1175	1175
1399434192241708539	1175	1175	1175	1175
1399434192282666523	1175	1175	1175	1175
1399434192344585999	1175	1175	1175	1175
1399434192362640222	1175	1175	1175	1175
1399434192424689217	1175	1175	1175	1175
1399434192490720008	1175	1175	1175	1175
1399434192552539078	1175	1175	1175	1175
1399434192569478808	1175	1175	1175	1175
1399434192626460542	1175	1175	1175	1175
1399434192659415069	1175	1175	1175	1175
1399434192675453644	1175	1175	1175	1175
1399434192756596292	1175	1175	1175	1175
1399434192773383529	1175	1175	1175	1175
1399434192805393462	1175	1175	1175	1175
1399434192891347195	1175	1175	1175	1175
1399434192908336838	1175	1175	1175	1175
1399434192925346708	1175	1175	1175	1175
1399434192954335604	1175	1175	1175	1175
1399434193015274018	1175	1175	1175	1175
1399434193102341743	1175	1175	1175	1175
1399434193118173296	1175	1175	1175	1175
1399434193142404422	1175	1175	1175	1175
1399434193192126414	1175	1175	1175	1175
1399434193209140817	1175	1175	1175	1175
1399434193282155505	1175	1175	1175	1175
1399434193325075285	1175	1175	1175	1175
1399434193342071199	1175	1175	1175	1175
1399434193359028284	1175	1175	1175	1175
1399434193437075396	1175	1175	1175	1175
1399434193505007798	1175	1175	1175	1175
1399434193545031903	1175	1175	1175	1175
1399434193603962418	1175	1175	1175	1175
1399434193620936892	1175	1175	1175	1175
1399434193636995448	1175	1175	1175	1175
1399434193655954965	1175	1175	1175	1175
1399434193683901179	1175	1175	1175	1175
1399434193782905553	1175	1175	1175	1175
1399434193799848927	1175	1175	1175	1175
1399434193855837621	1175	1175	1175	1175
1399434193918839576	1175	1175	1175	1175
1399434193961823704	1175	1175	1175	1175
1399434194023954249	1175	1175	1175	1175
1399434194040869169	1175	1175	1175	1175
1399434194056888686	1175	1175	1175	1175
1399434194074202301	1175	1175	1175	1175
1399434194110792493	1175	1175	1175	1175
1399434194209816715	1175	1175	1175	1175
1399434194230854933	1175	1175	1175	1175
1399434194273757540	1175	1175	1175	1175
1399434194343742628	1175	1175	1175	1175
1399434194447788964	1175	1175	1175	1175
1399434194464638606	1175	1175	1175	1175
1399434194484621406	1175	1175	1175	1175
1399434194505606290	1175	1175	1175	1175
1399434194542651594	1175	1175	1175	1175
1399434194573703058	1175	1175	1175	1175
1399434194625482194	1175	1175	1175	1175
1399434194641561474	1175	1175	1175	1175
1399434194705517205	1175	1175	1175	1175
1399434194723394357	1175	1175	1175	1175
1399434194805441981	1175	1175	1175	1175
1399434194869405394	1175	1175	1175	1175
1399434194886384397	1175	1175	1175	1175
1399434194962465643	1175	1175	1175	1175
1399434194979453501	1175	1175	1175	1175
1399434195013416413	1175	1175	1175	1175
1399434195062351926	1175	1175	1175	1175
1399434195070245914	1175	1175	1175	1175
1399434195110269249	1175	1175	1175	1175
1399434195165230623	1175	1175	1175	1175
1399434195229157318	1175	1175	1175	1175
1399434195289144302	1175	1175	1175	1175
1399434195305106820	1175	1175	1175	1175
1399434195329117414	1175	1175	1175	1175
1399434195349111484	1175	1175	1175	1175
1399434195430092213	1175	1175	1175	1175
1399434195499042374	1175	1175	1175	1175
1399434195539003015	1175	1175	1175	1175
1399434195598015012	1175	1175	1175	1175
1399434195613924982	1175	1175	1175	1175
1399434195630935374	1175	1175	1175	1175
1399434195649913194	1175	1175	1175	1175
1399434195766882341	1175	1175	1175	1175
1399434195782867028	1175	1175	1175	1175
1399434195802985933	1175	1175	1175	1175
1399434195818861386	1175	1175	1175	1175
1399434195852847711	1175	1175	1175	1175
1399434195913843006	1175	1175	1175	1175
1399434195954824283	1175	1175	1175	1175
1399434195978737574	1175	1175	1175	1175
1399434196028723494	1175	1175	1175	1175
1399434196045756751	1175	1175	1175	1175
1399434196118772938	1175	1175	1175	1175
1399434196158666045	1175	1175	1175	1175
1399434196187712048	1175	1175	1175	1175
1399434196204644406	1175	1175	1175	1175
1399434196276700129	1175	1175	1175	1175
1399434196300704709	1175	1175	1175	1175
1399434196322709343	1175	1175	1175	1175
1399434196416684637	1175	1175	1175	1175
1399434196437576204	1175	1175	1175	1175
1399434196457615204	1175	1175	1175	1175
1399434196484609651	1175	1175	1175	1175
1399434196546514524	1175	1175	1175	1175
1399434196601646675	1175	1175	1175	1175
1399434196621590743	1175	1175	1175	1175
1399434196637525826	1175	1175	1175	1175
1399434196700483253	1175	1175	1175	1175
1399434196718514636	1175	1175	1175	1175
1399434196800601264	1175	1175	1175	1175
1399434196848416929	1175	1175	1175	1175
1399434196880427078	1175	1175	1175	1175
1399434196926377930	1175	1175	1175	1175
1399434196952428448	1175	1175	1175	1175
1399434197051528762	1175	1175	1175	1175
1399434197073431881	1175	1175	1175	1175
1399434197112314512	1175	1175	1175	1175
1399434197160322180	1175	1175	1175	1175
1399434197224326347	1175	1175	1175	1175
1399434197281397201	1175	1175	1175	1175
1399434197324393463	1175	1175	1175	1175
1399434197376420947	1175	1175	1175	1175
1399434197401348436	1175	1175	1175	1175
1399434197508156291	1175	1175	1175	1175
1399434197524151815	1175	1175	1175	1175
1399434197541131500	1175	1175	1175	1175
1399434197558093033	1175	1175	1175	1175
1399434197636039504	1175	1175	1175	1175
1399434197698182769	1175	1175	1175	1175
1399434197739258979	1175	1175	1175	1175
1399434197763106025	1175	1175	1175	1175
1399434197780098719	1175	1175	1175	1175
1399434197814010470	1175	1175	1175	1175
1399434197851011947	1175	1175	1175	1175
1399434197954027837	1175	1175	1175	1175
1399434198015921093	1175	1175	1175	1175
1399434198031867694	1175	1175	1175	1175
1399434198048858269	1175	1175	1175	1175
1399434198067863389	1175	1175	1175	1175
1399434198084860083	1175	1175	1175	1175
1399434198141837441	1175	1175	1175	1175
1399434198164166429	1175	1175	1175	1175
1399434198226768271	1175	1175	1175	1175
1399434198242896613	1175	1175	1175	1175
1399434198270805103	1175	1175	1175	1175
1399434198344828989	1175	1175	1175	1175
1399434198363857740	1175	1175	1175	1175
1399434198436754794	1175	1175	1175	1175
1399434198455694710	1175	1175	1175	1175
1399434198479669900	1175	1175	1175	1175
1399434198541637931	1175	1175	1175	1175
1399434198582698101	1175	1175	1175	1175
1399434198601645097	1175	1175	1175	1175
1399434198628653768	1175	1175	1175	1175
1399434198697638524	1175	1175	1175	1175
1399434198725617484	1175	1175	1175	1175
1399434198827562581	1175	1175	1175	1175
1399434198843548440	1175	1175	1175	1175
1399434198862547809	1175	1175	1175	1175
1399434198878541928	1175	1175	1175	1175
1399434198925580410	1175	1175	1175	1175
1399434198949509698	1175	1175	1175	1175
1399434199048548944	1175	1175	1175	1175
1399434199070530090	1175	1175	1175	1175
1399434199109546621	1175	1175	1175	1175
1399434199151468086	1175	1175	1175	1175
1399434199250431581	1175	1175	1175	1175
1399434199271453032	1175	1175	1175	1175
1399434199310346584	1175	1175	1175	1175
1399434199365285661	1175	1175	1175	1175
1399434199432239757	1175	1175	1175	1175
1399434199489220667	1175	1175	1175	1175
1399434199505241738	1175	1175	1175	1175
1399434199526175841	1175	1175	1175	1175
1399434199589158459	1175	1175	1175	1175
1399434199605168910	1175	1175	1175	1175
1399434199670119873	1175	1175	1175	1175
1399434199699124384	1175	1175	1175	1175
1399434199715097542	1175	1175	1175	1175
1399434199760084377	1175	1175	1175	1175
1399434199844067062	1175	1175	1175	1175
1399434199868098199	1175	1175	1175	1175
1399434199919992454	1175	1175	1175	1175
1399434200000988171	1175	1175	1175	1175
1399434200016948493	1175	1175	1175	1175
1399434200050956525	1175	1175	1175	1175
1399434200136913762	1175	1175	1175	1175
1399434200152821740	1175	1175	1175	1175
1399434200176827919	1175	1175	1175	1175
1399434200267788687	1175	1175	1175	1175
1399434200285728310	1175	1175	1175	1175
1399434200343019487	1175	1175	1175	1175
1399434200421775935	1175	1175	1175	1175
1399434200440764849	1175	1175	1175	1175
1399434200459680303	1175	1175	1175	1175
1399434200533685239	1450	1454	1464	1470
1399434200574619770	1450	1452	1467	1469
1399434200645657866	1449	1449	1470	1470
1399434200662680175	1447	1449	1470	1472
1399434200678631978	1448	1448	1471	1471
1399434200752747341	1444	1444	1476	1476
1399434200769606057	1444	1444	1476	1476
1399434200867127493	1436	1443	1477	1483
1399434200883662146	1444	1442	1478	1476
1399434200953716384	1437	1437	1482	1482
1399434200970611596	1482	1486	1522	1526
1399434200986705195	1480	1482	1525	1529
1399434201053673427	1482	1480	1526	1528
1399434201084667674	1483	1472	1514	1544
1399434201101656960	1483	1477	1521	1538
1399434201175596329	1480	1476	1525	1538
1399434201192531446	1478	1482	1528	1532
1399434201287590298	1482	1482	1504	1541
1399434201303607280	1486	1488	1521	1517
1399434201320537605	1488	1490	1524	1505
1399434201388367874	1487	1502	1523	1487
1399434201405455969	1486	1507	1500	1506
1399434201501380423	1497	1497	1492	1492
1399434201522323640	1495	1507	1482	1495
1399434201561636400	1497	1509	1486	1486
1399434201577393296	1506	1502	1459	1499
1399434201605269089	1492	1516	1478	1480
1399434201712394037	1495	1514	1473	1480
1399434201728378621	1498	1510	1467	1486
1399434201745319641	1508	1502	1469	1478
1399434201814304486	1507	1503	1466	1481
1399434201831272721	1499	1509	1469	1480
1399434201932270398	1500	1508	1481	1472
1399434201948190734	1498	1504	1473	1486
1399434202019108254	1506	1498	1464	1494
1399434202036220058	1492	1507	1471	1490
1399434202052171663	1489	1506	1479	1487
1399434202093273738	1496	1504	1487	1483
1399434202139216353	1491	1506	1492	1488
1399434202156094667	1492	1503	1490	1492
1399434202172204519	1497	1497	1485	1500
1399434202249028050	1504	1487	1482	1505
1399434202265127522	1513	1479	1481	1506
1399434202336089349	1509	1480	1494	1508
1399434202362112662	1490	1499	1500	1506
1399434202454033796	1485	1506	1502	1502
1399434202473906676	1485	1504	1499	1507
1399434202489993293	1478	1518	1507	1501
1399434202586998720	1499	1499	1503	1503
1399434202603841506	1510	1489	1500	1508
1399434202673828396	1514	1488	1490	1520
1399434202689933180	1506	1494	1502	1510
1399434202706890262	1510	1491	1500	1515
1399434202781894148	1486	1511	1503	1516
1399434202798817915	1476	1522	1509	1509
1399434202814919813	1500	1500	1510	1510
1399434202890878048	1501	1499	1508	1513
1399434202908309661	1499	1501	1509	1511
1399434202986764713	1482	1518	1506	1515
1399434203028817528	1496	1504	1508	1513
1399434203098823444	1498	1502	1510	1506
1399434203115658398	1501	1501	1502	1513
1399434203131716466	1499	1503	1507	1507
1399434203207629684	1494	1504	1509	1509
1399434203247725701	1489	1506	1511	1509
1399434203318528951	1490	1507	1507	1511
1399434203335699999	1491	1506	1504	1515
1399434203351803668	1490	1509	1501	1516
1399434203392647621	1470	1523	1509	1514
1399434203409583531	1482	1511	1510	1513
1399434203451660738	1498	1494	1513	1513
1399434203528542936	1494	1498	1508	1517
1399434203545572740	1494	1500	1505	1518
1399434203561516110	1494	1502	1506	1515
1399434203636531768	1497	1499	1515	1506
1399434203676498960	1498	1498	1510	1510
1399434203747377196	1495	1501	1508	1513
1399434203763404725	1495	1503	1506	1513
1399434203780416074	1491	1506	1509	1509
1399434203854381984	1495	1505	1506	1515
1399434203871383956	1499	1499	1505	1518
1399434203968200384	1499	1497	1505	1520
1399434204056308029	1496	1500	1505	1520
1399434204073293496	1498	1502	1508	1517
1399434204089222576	1497	1505	1507	1516
1399434204185222978	1500	1504	1510	1510
1399434204201066978	1507	1492	1508	1517
1399434204272043787	1501	1501	1511	1511
1399434204288165286	1500	1504	1509	1511
1399434204305431867	1490	1511	1507	1516
1399434204378991644	1491	1510	1504	1519
1399434204489965982	1500	1508	1505	1520
1399434204505933555	1505	1505	1504	1519
1399434204522946244	1499	1511	1505	1518
1399434204603005487	1501	1507	1505	1520
1399434204703964665	1502	1504	1502	1525
1399434204804819734	1505	1490	1522	1520
1399434204820806190	1514	1486	1519	1519
1399434204837802295	1509	1492	1513	1523
1399434205021866208	1492	1526	1482	1532
1399434205037850867	1497	1528	1479	1529
1399434205054864527	1506	1523	1492	1511
1399434205152837112	1515	1523	1494	1502
1399434205223850341	1517	1529	1494	1494
1399434205240428796	1521	1535	1483	1494
1399434205255874546	1519	1544	1469	1497
1399434205329710729	1525	1544	1471	1488
1399434205345575144	1501	1571	1452	1514
1399434205447451846	1524	1557	1476	1490
1399434205463569414	1539	1540	1486	1484
1399434205480643545	1549	1526	1491	1483
1399434205749482754	1526	1552	1484	1499
1399434205766521344	1532	1545	1495	1490
1399434205782513865	1541	1535	1500	1487
1399434205856524225	1561	1508	1481	1513
1399434205898469273	1545	1526	1489	1506
1399434205969475663	1531	1542	1496	1500
1399434205985350088	1510	1554	1499	1505
1399434206002390884	1507	1555	1501	1505
1399434206076411684	1511	1545	1502	1513
1399434206116249000	1511	1542	1507	1516
1399434206187324102	1523	1529	1507	1520
1399434206204275321	1510	1536	1505	1526
1399434206220281702	1527	1521	1497	1531
1399434206295404146	1532	1518	1509	1516
1399434206312083477	1514	1535	1527	1502
1399434206408188202	1535	1517	1524	1503
1399434206425286609	1545	1501	1503	1522
1399434206497178553	1552	1490	1514	1514
1399434206513142631	1532	1514	1519	1510
1399434206716077268	1514	1514	1517	1523
1399434206733034437	1505	1524	1513	1525
1399434206748938763	1504	1523	1516	1520
1399434206920932156	1524	1497	1523	1515
1399434206936944157	1513	1515	1516	1520
1399434206953913211	1525	1506	1506	1525
1399434207027942798	1531	1508	1504	1519
1399434207044856853	1510	1529	1495	1520
1399434207159778736	1526	1526	1503	1503
1399434207175805725	1543	1517	1488	1511
1399434207252819187	1533	1536	1490	1501
1399434207269742410	1535	1539	1492	1492
1399434207285701815	1561	1510	1498	1489
1399434207383664371	1540	1541	1479	1502
1399434207456780308	1526	1550	1480	1505
1399434207470672294	1537	1534	1489	1504
1399434207486542534	1544	1523	1487	1517
1399434207586666668	1516	1540	1505	1511
1399434207602483390	1526	1526	1509	1514
1399434207673631558	1524	1522	1501	1520
1399434207689577115	1531	1516	1491	1529
1399434207790440489	1525	1517	1503	1518
1399434207807524668	1544	1496	1499	1516
1399434207882415163	1531	1517	1505	1505
1399434207899409599	1523	1523	1504	1504
1399434208000446136	1559	1477	1507	1503
1399434208017445291	1527	1517	1504	1506
1399434208033456774	1525	1510	1504	1515
1399434208102389584	1521	1513	1510	1510
1399434208143406459	1479	1544	1502	1521
1399434208214276917	1500	1527	1499	1511
1399434208230300694	1445	1567	1471	1537
1399434208247176389	1523	1504	1494	1513
1399434208343318707	1531	1498	1490	1518
1399434208416220297	1525	1506	1489	1517
1399434208432257195	1529	1510	1487	1523
1399434208449240394	1533	1504	1499	1518
1399434208549177661	1532	1503	1507	1516
1399434208568044840	1539	1490	1517	1510
1399434208640032191	1516	1518	1507	1522
1399434208656950017	1495	1535	1498	1536
1399434208776022689	1531	1497	1513	1527
1399434208848005337	1518	1509	1514	1526
1399434208865126870	1533	1494	1504	1541
1399434208961950006	1549	1464	1509	1544
1399434208978984982	1504	1513	1525	1533
1399434208994973930	1480	1539	1531	1523
1399434209066946179	1518	1503	1503	1547
1399434209177831033	1536	1494	1487	1551
1399434209234811500	1523	1515	1496	1540
1399434209375705586	1564	1479	1477	1540
1399434209417801076	1524	1540	1492	1511
1399434209501760109	1544	1544	1487	1491
1399434209517718606	1544	1553	1466	1502
1399434209599548952	1551	1551	1468	1494
1399434209696946975	1549	1552	1480	1484
1399434209712672423	1549	1553	1481	1481
1399434209729625407	1596	1503	1418	1537
1399434209833658119	1576	1529	1449	1508
1399434209850490230	1558	1540	1481	1485
1399434209921414946	1537	1553	1507	1465
1399434209937396711	1538	1549	1497	1480
1399434209954392285	1541	1541	1487	1491
1399434210028371330	1547	1532	1471	1511
1399434210125338134	1550	1520	1478	1514
1399434210142351315	1543	1513	1510	1498
1399434210158335237	1538	1513	1504	1510
1399434210232338911	1533	1515	1491	1527
1399434210249333935	1543	1498	1476	1550
1399434210317275410	1535	1503	1496	1538
1399434210333319965	1522	1516	1516	1522
1399434210363362373	1516	1518	1531	1523
1399434210380324413	1515	1517	1536	1519
1399434210456285120	1520	1514	1531	1524
1399434210523244395	1519	1519	1524	1526
1399434210539276598	1506	1527	1544	1503
1399434210574255937	1523	1515	1492	1542
1399434210664144452	1527	1517	1490	1539
1399434210707084065	1529	1517	1500	1529
1399434210777165348	1531	1517	1492	1531
1399434210794099465	1531	1522	1491	1523
1399434210810218157	1527	1527	1496	1517
1399434210901103742	1544	1519	1488	1511
1399434210965089605	1545	1520	1490	1507
1399434210981065503	1544	1527	1504	1491
1399434211093060811	1535	1538	1487	1513
1399434211136011986	1522	1544	1505	1501
1399434211205951271	1520	1545	1490	1516
1399434211222924637	1532	1534	1503	1505
1399434211238954849	1535	1524	1500	1515
1399434211312879989	1525	1525	1500	1525
1399434211328918099	1523	1523	1501	1528
1399434211425868876	1518	1526	1502	1529
1399434211442803621	1535	1506	1513	1521
1399434211458674796	1543	1496	1516	1518
1399434211536754010	1539	1499	1523	1517
1399434211557354464	1535	1500	1519	1525
1399434211650782980	1529	1504	1516	1531
1399434211667839244	1531	1497	1529	1523
1399434211737764985	1516	1511	1525	1527
1399434211754675402	1522	1503	1521	1533
1399434211770656797	1525	1494	1531	1526
1399434211844661687	1523	1498	1524	1531
1399434211885546398	1500	1519	1518	1537
1399434211956647086	1520	1495	1501	1553
1399434211972594611	1531	1474	1505	1557
1399434211989612947	1528	1473	1514	1553
1399434212063547124	1503	1497	1521	1549
1399434212174414760	1507	1482	1534	1544
1399434212191453153	1497	1488	1532	1549
1399434212232525655	1496	1487	1514	1568
1399434212249317116	1497	1480	1519	1569
1399434212309356273	1491	1474	1545	1557
1399434212379387854	1495	1469	1536	1567
1399434212396402139	1473	1492	1535	1571
1399434212412402727	1488	1478	1516	1586
1399434212486274089	1491	1474	1515	1587
1399434212527257074	1502	1466	1506	1589
1399434212604250482	1505	1471	1521	1574
1399434212620293279	1503	1490	1520	1562
1399434212692249452	1502	1502	1505	1562
1399434212709257124	1509	1503	1523	1541
1399434212725256742	1529	1496	1505	1545
1399434212793258692	1532	1509	1511	1534
1399434212824162527	1528	1532	1502	1525
1399434212840005366	1538	1521	1488	1537
1399434212916026624	1543	1517	1485	1541
1399434213029043784	1537	1522	1507	1524
1399434213045228673	1533	1525	1498	1535
1399434213062063913	1531	1523	1509	1528
1399434213245870211	1520	1520	1520	1539
1399434213261897309	1531	1506	1515	1544
1399434213332947901	1509	1528	1523	1544
1399434213349789522	1519	1519	1518	1549
1399434213365782644	1531	1508	1516	1549
1399434213433844927	1537	1505	1524	1542
1399434213464609841	1549	1498	1533	1527
1399434213480844300	1544	1508	1534	1522
1399434213560782517	1541	1515	1531	1524
1399434213576816184	1545	1516	1511	1539
1399434213641099254	1544	1521	1511	1535
1399434213688780288	1551	1519	1515	1523
1399434213762670203	1551	1523	1507	1526
1399434213804675448	1553	1519	1502	1533
1399434213875604529	1548	1521	1508	1531
1399434213892588295	1538	1527	1520	1526
1399434213908612667	1535	1525	1526	1526
1399434213983617031	1535	1524	1526	1534
1399434213999671950	1521	1535	1526	1534
1399434214097534391	1528	1528	1515	1543
1399434214114470021	1527	1527	1531	1531
1399434214130493398	1539	1514	1510	1548
1399434214202536377	1540	1509	1506	1553
1399434214218480153	1535	1506	1499	1567
1399434214315524530	1516	1520	1513	1561
1399434214332515454	1525	1506	1516	1562
1399434214403414860	1534	1495	1522	1555
1399434214420441080	1527	1504	1531	1546
1399434214436379925	1513	1519	1535	1542
1399434214477416803	1510	1525	1539	1535
1399434214523358004	1520	1520	1529	1541
1399434214542382559	1515	1521	1518	1544
1399434214558351950	1532	1509	1503	1550
1399434214629277964	1518	1522	1514	1537
1399434214646270310	1528	1514	1515	1535
1399434214743160372	1533	1508	1508	1540
1399434214759216349	1536	1502	1502	1546
1399434214830159469	1538	1502	1472	1567
1399434214847119828	1516	1520	1517	1538
1399434214863162898	1505	1524	1525	1533
1399434214904160620	1506	1515	1543	1521
1399434214949052364	1519	1498	1544	1523
1399434214966141085	1509	1501	1540	1534
1399434214982080638	1517	1491	1527	1548
1399434215060009070	1500	1491	1532	1553
1399434215154954717	1501	1486	1531	1558
1399434215171898827	1511	1463	1513	1582
1399434215187943393	1491	1479	1515	1584
1399434215261906341	1473	1492	1494	1607
1399434215277925258	1455	1506	1518	1591
1399434215294846883	1468	1494	1535	1577
1399434215394780486	1474	1481	1525	1587
1399434215410793071	1492	1465	1540	1572
1399434215480825450	1499	1459	1541	1571
1399434215497815357	1487	1472	1549	1564
1399434215517821342	1487	1472	1528	1585
1399434215619818077	1495	1465	1540	1574
1399434215689729997	1485	1474	1531	1583
1399434215706742551	1467	1499	1517	1589
1399434215722639083	1478	1488	1520	1586
1399434215764781927	1486	1482	1523	1582
1399434215781665664	1489	1481	1531	1574
1399434215822662991	1477	1500	1507	1588
1399434215838701583	1502	1472	1551	1551
1399434215911704303	1509	1467	1554	1543
1399434215928695683	1526	1461	1552	1540
1399434215944674218	1522	1476	1545	1539
1399434216042471227	1542	1469	1590	1470
1399434216058507830	1509	1507	1549	1522
1399434216129598990	1494	1527	1519	1548
1399434216146549111	1522	1514	1531	1526
1399434216162515642	1505	1526	1499	1555
1399434216235514600	1531	1501	1511	1545
1399434216330576873	1540	1484	1520	1542
1399434216347420816	1542	1478	1534	1534
1399434216363434524	1535	1487	1539	1528
1399434216438388149	1517	1510	1513	1548
1399434216454496026	1507	1522	1529	1533
1399434216522409159	1539	1495	1558	1490
1399434216538369803	1535	1505	1544	1503
1399434216570326175	1519	1533	1527	1513
1399434216587402390	1526	1532	1496	1536
1399434216664396894	1517	1541	1508	1523
1399434216759306465	1523	1535	1497	1535
1399434216776258088	1528	1535	1490	1535
1399434216792153762	1536	1533	1464	1548
1399434216866231399	1535	1538	1454	1545
1399434216882259296	1549	1525	1466	1536
1399434216986247818	1562	1516	1511	1486
1399434217002069727	1558	1522	1528	1467
1399434217019127515	1553	1535	1505	1482
1399434217086957409	1541	1551	1489	1494
1399434217104116265	1544	1550	1486	1495
1399434217120005705	1556	1543	1521	1453
1399434217219995052	1557	1540	1490	1486
1399434217237105845	1561	1535	1465	1514
1399434217305028817	1546	1544	1469	1516
1399434217321052221	1550	1539	1477	1510
1399434217337906122	1547	1540	1461	1532
1399434217436044169	1549	1535	1461	1535
1399434217506948607	1544	1537	1490	1511
1399434217522903756	1544	1532	1484	1528
1399434217539855855	1534	1540	1517	1498
1399434217615900986	1526	1544	1520	1499
1399434217634933396	1527	1541	1526	1495
1399434217737884954	1534	1539	1511	1505
1399434217753898268	1527	1548	1558	1451
1399434217791867257	1541	1535	1515	1502
1399434217807747071	1550	1524	1492	1524
1399434217868784754	1551	1523	1500	1521
1399434217939859499	1550	1522	1490	1532
1399434217955832762	1558	1505	1462	1559
1399434217972772633	1544	1522	1498	1533
1399434218045720157	1535	1531	1515	1519
1399434218062663786	1535	1531	1510	1523
1399434218164633162	1537	1524	1499	1537
1399434218181613709	1549	1503	1416	1606
1399434218218791267	1537	1516	1471	1565
1399434218235595379	1528	1522	1519	1531
1399434218295608738	1526	1522	1535	1511
1399434218366617076	1540	1509	1519	1529
1399434218383522588	1554	1498	1494	1544
1399434218399427884	1561	1496	1466	1561
1399434218473532584	1557	1501	1486	1545
1399434218490616375	1541	1519	1510	1527
1399434218593942500	1531	1531	1520	1520
1399434218609452295	1555	1505	1485	1551
1399434218683537410	1531	1535	1499	1540
1399434218699339096	1535	1528	1487	1551
1399434218716384996	1529	1533	1495	1547
1399434218815370059	1532	1522	1526	1528
1399434218832389935	1526	1531	1539	1516
1399434218902340156	1542	1507	1540	1519
1399434218934296667	1533	1508	1540	1529
1399434219084207586	1535	1487	1516	1565
1399434219101187748	1518	1495	1524	1567
1399434219136175309	1508	1491	1541	1561
1399434219242001884	1487	1513	1538	1564
1399434219328027527	1485	1504	1544	1567
1399434219344105166	1467	1518	1535	1578
1399434219361091158	1495	1495	1556	1554
1399434219433965494	1514	1484	1546	1558
1399434219477965527	1516	1495	1523	1569
1399434219546898674	1494	1523	1539	1550
1399434219562895413	1546	1479	1513	1562
1399434219579848501	1553	1481	1568	1495
1399434219652799954	1553	1483	1526	1542
1399434219758816139	1544	1495	1499	1563
1399434219774794306	1605	1411	1468	1581
1399434219791777622	1532	1499	1492	1567
1399434219859815233	1518	1518	1489	1566
1399434219876766562	1514	1526	1484	1567
1399434219892749289	1511	1524	1522	1540
1399434219994771890	1502	1535	1495	1567
1399434220010666940	1531	1501	1528	1545
1399434220078743165	1476	1540	1533	1544
1399434220094614428	1486	1534	1533	1553
1399434220111633243	1528	1488	1519	1567
1399434220210561036	1517	1491	1537	1558
1399434220281645653	1536	1468	1513	1581
1399434220297561461	1536	1466	1513	1582
1399434220314524379	1514	1484	1563	1540
1399434220387569187	1495	1503	1547	1557
1399434220403569318	1572	1407	1531	1575
1399434220499425807	1538	1445	1527	1582
1399434220516460051	1481	1510	1531	1574
1399434220606422470	1458	1540	1529	1562
1399434220623397510	1489	1515	1542	1547
1399434220720445890	1458	1541	1507	1575
1399434220736297439	1519	1485	1544	1541
1399434220753632768	1485	1527	1553	1529
1399434220830350471	1502	1517	1543	1527
1399434220847333780	1531	1501	1526	1534
1399434220885321032	1527	1521	1566	1468
1399434220943315286	1547	1507	1503	1534
1399434220960344562	1563	1495	1510	1519
1399434221034247941	1542	1524	1486	1539
1399434221050206427	1625	1409	1507	1524
1399434221149159119	1549	1502	1498	1536
1399434221165239832	1515	1540	1501	1534
1399434221182067105	1548	1502	1495	1537
1399434221252213314	1535	1521	1498	1536
1399434221269134048	1513	1541	1510	1521
1399434221336074242	1535	1522	1527	1502
1399434221355328528	1307	1697	1450	1573
1399434221372014130	1522	1526	1498	1540
1399434221388033837	1556	1489	1549	1481
1399434221489053175	1557	1499	1515	1510
1399434221505912572	1547	1509	1507	1520
1399434221573890311	1567	1482	1515	1515
1399434221595860892	1528	1528	1491	1535
1399434221693866112	1609	1418	1485	1544
1399434221709847794	1535	1521	1473	1549
1399434221780895277	1501	1552	1507	1522
1399434221797912568	1516	1545	1509	1514
1399434221899879833	1463	1576	1518	1514
1399434221915796571	1536	1523	1517	1506
1399434221987824812	1581	1483	1504	1498
1399434222003776186	1567	1510	1462	1529
1399434222099698090	1556	1517	1463	1535
1399434222115735806	1578	1484	1447	1554
1399434222132684507	1516	1550	1507	1505
1399434222173697342	1468	1584	1505	1520
1399434222223707636	1550	1511	1513	1513
1399434222313667740	1595	1468	1492	1522
1399434222330655311	1546	1543	1562	1441
1399434222419501764	1552	1539	1499	1516
1399434222525493627	1605	1479	1478	1537
1399434222541404181	1547	1547	1495	1528
1399434222558451791	1490	1593	1492	1532
1399434222632342920	1520	1570	1502	1527
1399434222648286293	1557	1535	1518	1511
1399434222733347602	1558	1535	1526	1503
1399434222750293476	1562	1532	1498	1529
1399434222838278248	1558	1538	1481	1541
1399434222854227425	1553	1542	1484	1539
1399434222871240441	1598	1492	1534	1490
1399434222978179259	1565	1528	1501	1531
1399434222994197109	1549	1545	1504	1527
1399434223062129504	1539	1553	1507	1526
1399434223078090003	1548	1543	1500	1535
1399434223095107839	1560	1532	1498	1538
1399434223170160245	1568	1520	1494	1543
1399434223187075169	1575	1511	1500	1538
1399434223203057399	1569	1510	1507	1535
1399434223272038864	1566	1506	1519	1533
1399434223289017906	1557	1516	1509	1542
1399434223304940040	1571	1486	1505	1550
1399434223409976857	1549	1514	1522	1539
1399434223478943152	1544	1517	1535	1528
1399434223498902144	1536	1519	1514	1550
1399434223514914972	1543	1506	1517	1551
1399434223588865986	1544	1498	1516	1553
1399434223629822159	1541	1500	1524	1549
1399434223700906892	1535	1508	1525	1548
1399434223717947881	1538	1498	1513	1556
1399434223733904433	1532	1507	1525	1544
1399434223775809010	1528	1511	1525	1544
1399434223791977239	1533	1513	1524	1540
1399434223836906350	1527	1523	1524	1537
1399434223910778718	1527	1527	1520	1537
1399434223926779827	1545	1509	1515	1538
1399434223943850748	1558	1497	1508	1540
1399434224016769280	1553	1505	1510	1536
1399434224057745778	1545	1516	1510	1536
1399434224128704372	1552	1516	1505	1534
1399434224144551775	1549	1519	1499	1539
1399434224161533007	1545	1522	1499	1540
1399434224202541729	1549	1514	1497	1545
1399434224218541832	1546	1517	1508	1540
1399434224406794629	1534	1526	1534	1518
1399434224465693723	1551	1500	1522	1534
1399434224482631064	1555	1495	1529	1527
1399434224615415480	1559	1489	1503	1552
1399434224632458342	1550	1497	1513	1548
1399434224682422811	1536	1510	1518	1547
1399434224756506639	1535	1510	1532	1537
1399434224773442460	1544	1497	1537	1534
1399434224789388648	1535	1503	1544	1533
1399434224835312297	1543	1489	1535	1549
1399434224884414505	1535	1496	1531	1557
1399434224902250997	1528	1503	1528	1555
1399434224982167006	1527	1500	1522	1563
1399434224998162957	1536	1487	1520	1570
1399434225077169231	1528	1488	1532	1563
1399434225094112143	1518	1499	1547	1549
1399434225190040285	1528	1488	1541	1554
1399434225206153131	1531	1491	1545	1545
1399434225222058697	1525	1504	1540	1546
1399434225296035808	1516	1516	1539	1542
1399434225313061294	1522	1509	1537	1544
1399434225410183492	1531	1491	1540	1544
1399434225426004057	1540	1483	1527	1554
1399434225443006085	1526	1501	1531	1550
1399434225519924566	1528	1503	1520	1552
1399434225536935008	1516	1516	1534	1540
1399434225607951012	1515	1515	1536	1540
1399434225649869285	1523	1504	1524	1552
1399434225720865982	1533	1494	1528	1549
1399434225736959276	1522	1509	1537	1537
1399434225754015615	1535	1498	1535	1537
1399434225796000085	1535	1502	1531	1539
1399434225851974765	1536	1513	1516	1534
1399434225868957395	1548	1513	1520	1516
1399434225945867948	1550	1522	1516	1507
1399434225962795494	1549	1531	1507	1507
1399434226037839250	1547	1540	1494	1513
1399434226079718966	1544	1548	1476	1516
1399434226149691452	1553	1541	1484	1505
1399434226166636295	1559	1541	1492	1488
1399434226182670325	1567	1540	1484	1488
1399434226256701155	1567	1541	1479	1491
1399434226297710993	1574	1540	1480	1488
1399434226368648020	1578	1535	1481	1487
1399434226384703139	1587	1525	1501	1471
1399434226401676603	1582	1531	1505	1476
1399434226475643932	1567	1543	1494	1491
1399434226491606116	1564	1543	1497	1497
1399434226594512044	1556	1546	1496	1504
1399434226611561765	1553	1544	1502	1504
1399434226682692799	1531	1558	1503	1522
1399434226698535199	1548	1538	1500	1529
1399434226714641200	1555	1518	1505	1535
1399434226813562669	1557	1509	1515	1533
1399434226829329404	1549	1520	1524	1524
1399434226900471406	1540	1524	1515	1541
1399434226916516299	1544	1515	1515	1544
1399434226933275482	1537	1524	1509	1549
1399434227007490310	1549	1505	1529	1536
1399434227102474634	1528	1528	1524	1542
1399434227118373889	1526	1522	1517	1551
1399434227135415102	1515	1531	1532	1547
1399434227208419763	1521	1525	1536	1543
1399434227225420759	1488	1544	1521	1558
1399434227294611803	1519	1519	1526	1552
1399434227310327842	1539	1499	1531	1547
1399434227329275729	1535	1502	1531	1545
1399434227345549601	1536	1504	1531	1541
1399434227361335445	1531	1514	1525	1541
1399434227436250990	1532	1516	1523	1540
1399434227537199449	1538	1515	1520	1537
1399434227553155975	1558	1489	1529	1529
1399434227570057092	1540	1509	1526	1534
1399434227617286842	1529	1523	1521	1538
1399434227634161414	1536	1519	1506	1546
1399434227675290780	1535	1518	1513	1543
1399434227746379983	1536	1517	1509	1545
1399434227762047775	1525	1529	1496	1556
1399434227779113980	1529	1521	1506	1551
1399434227820004205	1529	1517	1514	1549
1399434227835955205	1534	1509	1525	1541
1399434227877874011	1536	1502	1533	1538
1399434227893848835	1534	1501	1528	1549
1399434227967812272	1531	1497	1536	1548
1399434227983850035	1535	1484	1540	1546
1399434228000808890	1525	1494	1526	1563
1399434228098751699	1525	1494	1526	1563
1399434228115799188	1528	1484	1549	1543
1399434228186602040	1508	1494	1543	1554
1399434228202672072	1499	1499	1539	1562
1399434228218688038	1495	1499	1532	1571
1399434228292653876	1492	1497	1518	1580
1399434228387740071	1480	1507	1494	1600
1399434228404691727	1489	1500	1517	1587
1399434228420984915	1513	1479	1540	1566
1399434228493759051	1508	1489	1531	1572
1399434228611510250	1523	1489	1529	1562
1399434228631643440	1542	1482	1531	1553
1399434228648476801	1526	1501	1525	1558
1399434228718459641	1522	1507	1529	1556
1399434228734432156	1542	1488	1541	1541
1399434228751447320	1526	1505	1539	1545
1399434228821625735	1509	1524	1540	1545
1399434228838534935	1507	1522	1538	1551
1399434228854469334	1514	1509	1540	1554
1399434228930522206	1510	1510	1548	1548
1399434228947432904	1531	1486	1553	1546
1399434229045262236	1492	1520	1542	1563
1399434229061357069	1520	1495	1540	1563
1399434229078293696	1525	1485	1544	1563
1399434229150459352	1518	1497	1546	1558
1399434229166402824	1509	1499	1553	1549
1399434229183382157	1503	1509	1544	1554
1399434229252358717	1546	1466	1549	1543
1399434229269142906	1528	1495	1538	1549
1399434229285212740	1500	1525	1538	1548
1399434229359285389	1485	1540	1542	1539
1399434229376153468	1498	1531	1540	1540
1399434229474300001	1500	1531	1537	1540
1399434229490281549	1535	1496	1527	1549
1399434229506202268	1540	1484	1526	1553
1399434229578244768	1489	1533	1524	1558
1399434229601442730	1506	1515	1531	1554
1399434229672186642	1524	1495	1528	1558
1399434229714165337	1544	1472	1531	1562
1399434229785149298	1529	1496	1532	1557
1399434229800939248	1556	1468	1523	1559
1399434229817954207	1529	1504	1525	1556
1399434229890956429	1509	1524	1524	1557
1399434229932064604	1516	1514	1526	1558
1399434230002871498	1509	1514	1549	1542
1399434230018975454	1524	1495	1545	1545
1399434230036112462	1531	1491	1535	1555
1399434230109886970	1543	1477	1523	1566
1399434230126901701	1522	1501	1529	1564
1399434230226851931	1521	1496	1532	1570
1399434230242782123	1527	1491	1536	1564
1399434230311722631	1566	1445	1519	1577
1399434230328749370	1549	1478	1535	1555
1399434230344685827	1558	1472	1538	1548
1399434230444833054	1541	1502	1548	1531
1399434230461698456	1539	1511	1538	1536
1399434230530732281	1563	1495	1511	1553
1399434230546691833	1544	1521	1522	1544
1399434230563640970	1532	1535	1534	1534
1399434230637659076	1522	1547	1533	1535
1399434230681659737	1519	1549	1522	1544
1399434230755662640	1524	1549	1518	1544
1399434230772176949	1445	1618	1554	1502
1399434230810602989	1531	1548	1529	1536
1399434230827475658	1562	1513	1502	1558
1399434230958399485	1543	1525	1531	1545
1399434230974495252	1558	1503	1528	1549
1399434230991332898	1531	1535	1537	1542
1399434231065327161	1540	1518	1528	1552
1399434231108294485	1520	1535	1535	1549
1399434231178279897	1537	1507	1545	1544
1399434231211273148	1523	1515	1536	1559
1399434231285165651	1499	1532	1566	1527
1399434231381167027	1514	1509	1548	1549
1399434231398308875	1509	1509	1543	1558
1399434231414254238	1522	1490	1529	1576
1399434231489984477	1522	1488	1536	1571
1399434231505286548	1417	1572	1564	1549
1399434231522321544	1482	1514	1562	1556
1399434231621238803	1528	1467	1558	1560
1399434231637197679	1551	1441	1523	1592
1399434231709165151	1561	1422	1527	1590
1399434231725251267	1534	1459	1554	1566
1399434231745017803	1554	1430	1554	1564
1399434231844098986	1501	1497	1559	1554
1399434231915009150	1480	1524	1557	1549
1399434231932026283	1521	1489	1549	1552
1399434231948024444	1521	1496	1532	1563
1399434232022059268	1505	1520	1549	1536
1399434232038823892	1521	1506	1536	1548
1399434232133000858	1539	1486	1531	1553
1399434232155880694	1514	1516	1532	1547
1399434232171792709	1533	1498	1514	1560
1399434232246747222	1518	1518	1515	1553
1399434232341730131	1532	1505	1516	1540
1399434232358718302	1565	1465	1473	1568
1399434232375661512	1565	1463	1509	1539
1399434232448618858	1524	1509	1534	1520
1399434232490582437	1502	1531	1522	1535
1399434232561568991	1540	1491	1510	1541
1399434232577564369	1527	1510	1541	1506
1399434232594558692	1508	1533	1519	1527
1399434232666598259	1482	1557	1536	1508
1399434232686621411	1547	1503	1479	1553
1399434232704117877	1531	1528	1488	1545
1399434232775601436	1511	1552	1483	1551
1399434232815513617	1560	1509	1497	1537
1399434232887537869	1594	1474	1486	1549
1399434232903488515	1547	1532	1542	1501
1399434232920441983	1683	1351	1520	1542
1399434232995542036	1568	1495	1538	1533
1399434233011529474	1481	1579	1549	1524
1399434233027442344	1502	1562	1508	1561
1399434233098510530	1543	1521	1532	1547
1399434233139546830	1453	1589	1539	1550
1399434233211477003	1515	1533	1535	1559
1399434233227336669	1582	1460	1567	1522
1399434233311374537	1547	1518	1553	1527
1399434233442368928	1540	1536	1550	1524
1399434233452338185	1522	1558	1540	1536
1399434233498288199	1521	1558	1509	1557
1399434233515331214	1543	1543	1536	1536
1399434233633374529	1557	1526	1541	1533
1399434233668179287	1561	1523	1543	1529
1399434233739237154	1548	1544	1531	1542
1399434233756048489	1561	1533	1529	1541
1399434233772017520	1566	1525	1529	1543
1399434233845991548	1595	1485	1550	1526
1399434233886081723	1562	1527	1545	1532
1399434233956922871	1545	1545	1548	1529
1399434233973982209	1540	1547	1544	1534
1399434233990902600	1544	1544	1526	1550
1399434234064803679	1550	1534	1528	1552
1399434234080838900	1537	1540	1536	1548
1399434234178793375	1540	1535	1542	1545
1399434234194775226	1542	1524	1535	1555
1399434234265904202	1542	1520	1540	1554
1399434234282824007	1549	1507	1549	1548
1399434234298715713	1558	1489	1549	1547
1399434234398819424	1541	1513	1540	1553
1399434234415622305	1558	1486	1553	1540
1399434234485628469	1536	1513	1548	1544
1399434234501602154	1525	1527	1544	1546
1399434234518892668	1533	1515	1539	1555
1399434234597601877	1539	1503	1535	1562
1399434234691580529	1539	1501	1536	1562
1399434234708501917	1505	1531	1522	1576
1399434234724507035	1516	1518	1536	1566
1399434234799476957	1529	1502	1535	1569
1399434234815447943	1544	1484	1536	1564
1399434234945387735	1509	1526	1539	1552
1399434235112558302	1553	1519	1526	1526
1399434235145479063	1552	1524	1521	1527
1399434235161549376	1547	1532	1524	1526
1399434235237398962	1555	1522	1519	1531
1399434235332402120	1551	1527	1505	1542
1399434235348225908	1566	1504	1514	1539
1399434235365972004	1567	1497	1526	1534
1399434235439396908	1564	1494	1527	1538
1399434235455190208	1570	1486	1509	1549
1399434235472287668	1548	1515	1523	1538
1399434235573339682	1565	1492	1533	1529
1399434235589296104	1546	1517	1531	1531
1399434235893269127	1544	1527	1496	1553
1399434235984122028	1567	1501	1510	1540
1399434236052984507	1561	1515	1519	1527
1399434236068891454	1554	1527	1516	1526
1399434236087904945	1585	1495	1503	1532
1399434236120943987	1553	1533	1504	1536
1399434236219927083	1606	1465	1524	1514
1399434236289845658	1569	1515	1531	1505
1399434236306809988	1549	1536	1520	1518
1399434236322864551	1538	1543	1504	1538
1399434236396796620	1540	1538	1501	1544
1399434236413788391	1521	1549	1527	1527
1399434236542845340	1567	1489	1517	1540
1399434236615860962	1570	1488	1508	1544
1399434236631840015	1581	1474	1500	1554
1399434236717818222	1537	1532	1515	1541
1399434236733809943	1588	1467	1511	1544
1399434236750682734	1558	1508	1524	1532
1399434236823788579	1541	1531	1523	1531
1399434236840702229	1557	1514	1509	1540
1399434236908726674	1533	1544	1508	1538
1399434236925607992	1519	1559	1519	1525
1399434236943578310	1542	1540	1520	1522
1399434236960790196	1553	1531	1520	1520
1399434236976470062	1557	1532	1516	1518
1399434237077431988	1486	1591	1528	1507
1399434237147476904	1546	1549	1514	1511
1399434237163583300	1577	1523	1506	1510
1399434237180600479	1590	1517	1503	1503
1399434237221538172	1579	1540	1489	1506
1399434237238548572	1606	1520	1489	1498
1399434237281535927	1569	1562	1482	1501
1399434237298516636	1576	1559	1482	1497
1399434237368567834	1577	1561	1480	1499
1399434237385433643	1571	1567	1487	1491
1399434237401356502	1560	1571	1484	1499
1399434237500318127	1561	1564	1496	1496
1399434237516418385	1559	1556	1502	1502
1399434237587280686	1462	1630	1501	1509
1399434237609319822	1544	1560	1490	1524
1399434237649374802	1575	1528	1497	1518
1399434237665301270	1589	1510	1495	1524
1399434237709381025	1597	1500	1489	1529
1399434237726318679	1598	1490	1501	1526
1399434237796335583	1578	1505	1494	1538
1399434237813300563	1545	1542	1488	1544
1399434237829310287	1549	1531	1498	1546
1399434237927188951	1527	1549	1520	1528
1399434237943097696	1537	1540	1526	1522
1399434238014113808	1574	1500	1513	1531
1399434238031162110	1564	1515	1506	1535
1399434238046999194	1433	1624	1510	1535
1399434238121051349	1516	1560	1504	1540
1399434238223141635	1576	1489	1540	1509
1399434238240028682	1576	1491	1535	1514
1399434238256053763	1600	1466	1531	1526
1399434238328989048	1556	1523	1513	1541
1399434238368935226	1539	1542	1507	1545
1399434238441101634	1575	1501	1511	1547
1399434238457124993	1549	1529	1529	1536
1399434238473956668	1540	1534	1535	1536
1399434238546957254	1537	1534	1537	1537
1399434238564007955	1539	1528	1541	1536
1399434238668862867	1543	1517	1544	1538
1399434238685007560	1534	1531	1540	1560
1399434238754892064	1540	1516	1542	1563
1399434238771909038	1540	1518	1549	1555
1399434238787823694	1554	1506	1551	1551
1399434238867862594	1565	1499	1546	1554
1399434238884768722	1559	1515	1544	1550
1399434238900829974	1581	1495	1531	1553
1399434238975620586	1562	1531	1539	1544
1399434238992636109	1552	1550	1536	1536
1399434239088618421	1553	1557	1526	1531
1399434239105551498	1552	1563	1526	1524
1399434239176577248	1554	1566	1518	1526
1399434239192489979	1531	1600	1514	1516
1399434239209455319	1558	1575	1505	1526
1399434239277478315	1543	1587	1514	1518
1399434239324425161	1581	1555	1509	1501
1399434239398403864	1597	1544	1501	1503
1399434239415408115	1588	1550	1498	1510
1399434239587366756	1583	1507	1525	1521
1399434239604324866	1555	1537	1525	1525
1399434239647351983	1529	1556	1517	1536
1399434239715283619	1539	1544	1517	1540
1399434239738256447	1549	1528	1531	1534
1399434239754263787	1516	1542	1537	1540
1399434239831203036	1540	1514	1540	1540
1399434239847190414	1549	1496	1540	1545
1399434239944215650	1509	1532	1543	1549
1399434239961213753	1531	1506	1539	1557
1399434240032349565	1537	1495	1540	1559
1399434240048167038	1540	1478	1541	1564
1399434240065189976	1532	1492	1535	1567
1399434240165558624	1585	1415	1523	1581
1399434240181208369	1531	1487	1525	1577
1399434240251249607	1499	1524	1533	1567
1399434240268183621	1502	1521	1528	1568
1399434240284187433	1504	1519	1535	1562
1399434240359033427	1472	1544	1517	1579
1399434240399002709	1490	1534	1532	1563
1399434240469873138	1519	1510	1541	1551
1399434240486882736	1500	1533	1540	1549
1399434240502861075	1540	1498	1543	1541
1399434240543905866	1550	1492	1531	1546
1399434240586922148	1545	1507	1532	1539
1399434240606812325	1537	1520	1521	1546
1399434240679915137	1559	1489	1524	1545
1399434240695964937	1562	1485	1531	1540
1399434240712900297	1537	1518	1526	1544
1399434240786873838	1545	1505	1519	1548
1399434240827886400	1529	1523	1527	1543
1399434240898895092	1525	1525	1535	1537
1399434240914851403	1521	1521	1514	1552
1399434240931874270	1528	1509	1536	1536
1399434241004719040	1483	1546	1537	1539
1399434241099632939	1507	1524	1548	1529
1399434241115616865	1544	1482	1535	1544
1399434241132570815	1548	1481	1541	1535
1399434241206662865	1548	1485	1510	1558
1399434241222564162	1541	1498	1498	1564
1399434241241002383	1554	1485	1517	1546
1399434241306535723	1535	1515	1511	1547
1399434241337500022	1542	1511	1508	1544
1399434241353520512	1525	1533	1525	1529
1399434241428466515	1536	1527	1519	1529
1399434241468607211	1535	1532	1517	1527
1399434241539602642	1498	1564	1483	1553
1399434241556518869	1536	1538	1490	1542
1399434241572511773	1553	1522	1497	1534
1399434241652559809	1558	1521	1509	1518
1399434241668547390	1513	1566	1549	1470
1399434241768534409	1558	1525	1514	1509
1399434241784398618	1588	1492	1507	1509
1399434241853524746	1571	1507	1489	1533
1399434241870415258	1549	1527	1496	1535
1399434241886381955	1560	1501	1507	1535
1399434241985272880	1534	1526	1527	1525
1399434242001349735	1543	1506	1515	1546
1399434242071383259	1523	1523	1532	1537
1399434242088355432	1523	1519	1538	1535
1399434242104264809	1498	1533	1538	1549
1399434242146279540	1522	1507	1554	1535
1399434242186287612	1506	1521	1563	1526
1399434242203249152	1508	1523	1562	1527
1399434242276251488	1535	1502	1544	1542
1399434242292241061	1495	1542	1585	1489
1399434242308249079	1518	1522	1544	1537
1399434242375310028	1537	1505	1521	1554
1399434242407153700	1535	1510	1525	1546
1399434242423076369	1523	1523	1535	1538
1399434242497218488	1571	1464	1470	1585
1399434242513197975	1528	1522	1521	1543
1399434242611116412	1510	1541	1511	1547
1399434242632048341	1502	1551	1535	1522
1399434242670167546	1519	1541	1540	1513
1399434242687028321	1462	1589	1550	1490
1399434242748066105	1562	1501	1496	1543
1399434242818037298	1550	1518	1507	1532
1399434242834055634	1554	1513	1509	1531
1399434242851009121	1565	1499	1542	1499
1399434242893002296	1538	1529	1516	1532
1399434242908911474	1524	1540	1503	1544
1399434242950933817	1553	1507	1488	1555
1399434242966948982	1538	1525	1509	1540
1399434243042906121	1578	1473	1476	1567
1399434243059779660	1534	1531	1528	1524
1399434243133986444	1516	1545	1549	1499
1399434243176784592	1515	1544	1551	1498
1399434243247796714	1503	1552	1529	1527
1399434243263733629	1548	1508	1532	1524
1399434243279737631	1535	1523	1566	1483
1399434243321666834	1546	1510	1550	1501
1399434243337715330	1540	1516	1516	1540
1399434243379661846	1553	1497	1508	1544
1399434243395542198	1531	1523	1503	1550
1399434243467011405	1536	1519	1502	1549
1399434243483473284	1532	1522	1528	1531
1399434243505481600	1534	1520	1533	1525
1399434243598616712	1529	1519	1431	1611
1399434243668518077	1521	1523	1498	1562
1399434243685417079	1518	1522	1549	1519
1399434243701538785	1507	1532	1570	1492
1399434243775600499	1526	1511	1562	1505
1399434243791445538	1538	1506	1574	1485
1399434243893402429	1544	1509	1542	1520
1399434243909353639	1544	1511	1507	1550
1399434243926370366	1542	1514	1531	1531
1399434243994366327	1544	1506	1510	1548
1399434244011278286	1534	1516	1502	1558
1399434244108271249	1535	1510	1429	1617
1399434244125487395	1526	1520	1504	1559
1399434244141288130	1519	1525	1526	1544
1399434244213133650	1513	1531	1546	1527
1399434244230131818	1529	1517	1558	1510
1399434244246084367	1529	1521	1553	1516
1399434244347115520	1552	1503	1540	1527
1399434244417189780	1540	1524	1608	1433
1399434244434176982	1545	1518	1539	1522
1399434244449963879	1541	1525	1501	1553
1399434244523954200	1540	1528	1520	1537
1399434244565948839	1560	1503	1562	1487
1399434244634926742	1544	1522	1523	1536
1399434244657885279	1535	1529	1507	1552
1399434244674927028	1552	1514	1432	1612
1399434244747978703	1541	1525	1499	1562
1399434244765042444	1517	1548	1476	1583
1399434244861989629	1524	1534	1547	1532
1399434244877912123	1535	1509	1561	1527
1399434244949942974	1528	1509	1569	1529
1399434244965826564	1531	1503	1548	1554
1399434244982894311	1531	1498	1608	1488
1399434245081753275	1524	1503	1537	1570
1399434245097726903	1521	1506	1497	1603
1399434245168853934	1525	1485	1548	1566
1399434245184658279	1509	1501	1544	1569
1399434245201609083	1511	1497	1533	1582
1399434245275642954	1497	1511	1518	1594
1399434245316787025	1499	1516	1529	1581
1399434245387562220	1510	1510	1479	1612
1399434245403553078	1522	1503	1549	1550
1399434245420523949	1527	1502	1576	1516
1399434245494681256	1503	1532	1541	1549
1399434245589679561	1526	1514	1546	1541
1399434245606461521	1539	1505	1534	1549
1399434245622548585	1552	1503	1529	1541
1399434245696541746	1548	1519	1511	1550
1399434245716627292	1553	1526	1571	1465
1399434245735367224	1549	1538	1527	1513
1399434245801522149	1542	1545	1460	1569
1399434245832517940	1543	1536	1466	1569
1399434245848448109	1535	1538	1460	1577
1399434245922503945	1540	1531	1476	1567
1399434246017346367	1547	1518	1534	1522
1399434246033241178	1531	1535	1417	1617
1399434246050186520	1540	1522	1510	1546
1399434246090229067	1528	1524	1494	1566
1399434246106272619	1534	1520	1538	1531
1399434246151409196	1526	1534	1541	1521
1399434246167422971	1542	1528	1539	1516
1399434246236296851	1577	1510	1628	1360
1399434246259203531	1550	1531	1439	1572
1399434246357249344	1532	1532	1405	1608
1399434246373151223	1538	1508	1476	1567
1399434246445214189	1545	1499	1443	1602
1399434246461263928	1538	1494	1473	1593
1399434246530207097	1520	1503	1572	1510
1399434246546011276	1532	1497	1638	1432
1399434246659132529	1560	1537	1556	1481
1399434246701155892	1548	1540	1437	1593
1399434246772073022	1547	1532	1437	1591
1399434246789025758	1540	1536	1385	1635
1399434246805403100	1544	1531	1437	1596
1399434246845931806	1554	1540	1211	1766
1399434246902994021	1553	1537	1553	1484
1399434246981859535	1553	1529	1572	1466
1399434246998826861	1552	1526	1599	1436
1399434247015808928	1585	1508	1703	1289
1399434247089754977	1587	1548	1607	1384
1399434247131735456	1579	1569	1490	1509
1399434247202724988	1583	1580	1541	1432
1399434247218688859	1581	1566	1421	1557
1399434247235837470	1583	1549	1398	1582
1399434247310842648	1573	1549	1354	1623
1399434247350702063	1570	1542	1448	1560
1399434247421650828	1556	1551	1357	1635
1399434247437593417	1555	1542	1526	1509
1399434247454606243	1552	1537	1580	1452
1399434247534583687	1556	1525	1551	1498
1399434247551509603	1560	1520	1550	1499
1399434247649686087	1549	1534	1538	1519
1399434247665706481	1544	1551	1767	1211
1399434247735579612	1548	1561	1591	1425
1399434247751680895	1550	1553	1505	1531
1399434247768586587	1560	1528	1457	1583
1399434247866631503	1563	1514	1454	1593
1399434247883494813	1539	1528	1408	1632
1399434247954498273	1541	1519	1517	1553
1399434247970573468	1535	1525	1557	1514
1399434247987476444	1534	1526	1558	1511
1399434248061490583	1536	1529	1535	1535
1399434248156380622	1571	1494	1317	1701
1399434248173442816	1556	1521	1459	1585
1399434248189454086	1541	1535	1525	1536
1399434248263493318	1535	1542	1595	1455
1399434248279305724	1544	1533	1566	1494
1399434248381376476	1550	1528	1529	1536
1399434248398327675	1557	1528	1521	1540
1399434248414291309	1565	1520	1498	1556
1399434248485254524	1556	1527	1511	1549
1399434248501197335	1553	1525	1523	1544
1399434248518237459	1549	1525	1531	1542
1399434248616204432	1552	1520	1509	1560
1399434248691243652	1544	1522	1531	1550
1399434248708106918	1540	1524	1541	1544
1399434248724232482	1535	1520	1503	1578
1399434248766182866	1519	1527	1547	1549
1399434248811952419	1515	1519	1541	1567
1399434248828117593	1511	1509	1559	1556
1399434248845194280	1516	1497	1568	1553
1399434248913045071	1473	1528	1622	1501
1399434248930080921	1506	1489	1574	1561
1399434248946037445	1518	1473	1571	1567
1399434249045066504	1521	1460	1558	1585
1399434249061977327	1504	1468	1551	1595
1399434249132791543	1489	1472	1581	1574
1399434249148931006	1467	1488	1571	1588
1399434249165981847	1465	1486	1571	1592
1399434249261986736	1502	1447	1542	1622
1399434249297787505	1484	1463	1567	1599
1399434249313857733	1474	1479	1584	1577
1399434249333865820	1454	1492	1501	1649
1399434249350744651	1473	1480	1562	1590
1399434249366793937	1486	1478	1582	1561
1399434249468735711	1481	1496	1590	1540
1399434249485785661	1524	1463	1549	1573
1399434249555661445	1540	1455	1521	1590
1399434249572720124	1528	1476	1517	1589
1399434249591646323	1509	1501	1527	1576
1399434249692687876	1523	1510	1590	1485
1399434249762670533	1519	1519	1544	1539
1399434249779737721	1558	1477	1507	1567
1399434249795599425	1559	1472	1491	1581
1399434249868693712	1523	1508	1519	1566
1399434249885629708	1488	1547	1487	1584
1399434249953617382	1481	1554	1528	1550
1399434249970563808	1499	1540	1545	1534
1399434249988503978	1474	1559	1544	1539
1399434250005559865	1540	1502	1536	1544
1399434250021548195	1558	1481	1528	1550
1399434250120474418	1537	1514	1534	1540
1399434250190419687	1528	1526	1525	1546
1399434250207394075	1544	1514	1565	1499
1399434250223485926	1526	1532	1535	1538
1399434250297417439	1521	1533	1515	1558
1399434250313486546	1589	1458	1508	1556
1399434250415436447	1543	1521	1503	1557
1399434250431349884	1521	1549	1481	1571
1399434250448363331	1513	1558	1494	1556
1399434250480370900	1537	1544	1511	1535
1399434250497311148	1513	1571	1481	1556
1399434250541386988	1551	1538	1516	1526
1399434250558269879	1558	1533	1534	1505
1399434250634273525	1546	1553	1520	1509
1399434250651301550	1554	1551	1498	1523
1399434250723166708	1585	1531	1536	1474
1399434250739220558	1585	1532	1505	1505
1399434250808137823	1583	1535	1488	1520
1399434250824153559	1575	1544	1487	1521
1399434250843176414	1595	1519	1522	1484
1399434250859161746	1562	1557	1499	1505
1399434250876150170	1562	1553	1413	1577
1399434250976196812	1553	1560	1449	1551
1399434251011066296	1553	1555	1491	1521
1399434251027091240	1553	1550	1522	1497
1399434251047061324	1556	1543	1529	1496
1399434251064073163	1521	1567	1465	1562
1399434251079990783	1521	1562	1496	1543
1399434251182043079	1556	1525	1516	1531
1399434251197982555	1567	1507	1537	1511
1399434251268869540	1563	1516	1523	1523
1399434251284947360	1555	1522	1516	1531
1399434251301941835	1586	1476	1537	1518
1399434251399939476	1549	1529	1514	1535
1399434251416944297	1564	1515	1483	1556
1399434251453442839	1550	1532	1503	1544
1399434251467946426	1544	1537	1521	1531
1399434251488841335	1542	1540	1520	1537
1399434251510778830	1520	1557	1507	1547
1399434251608780368	1547	1532	1515	1544
1399434251624815478	1565	1509	1521	1540
1399434251695824560	1566	1506	1525	1538
1399434251712847319	1542	1535	1534	1531
1399434251728739321	1571	1497	1549	1513
1399434251827678119	1548	1525	1531	1537
1399434251843736318	1552	1518	1526	1542
1399434251914564364	1535	1535	1515	1553
1399434251931672608	1533	1533	1520	1553
1399434251947579998	1517	1536	1532	1547
1399434252020697212	1532	1518	1543	1540
1399434252115638929	1517	1527	1534	1557
1399434252132589760	1535	1507	1541	1549
1399434252148613447	1540	1502	1544	1547
1399434252189476543	1523	1517	1524	1568
1399434252206584222	1532	1507	1519	1572
1399434252250524494	1562	1466	1546	1553
1399434252266480228	1539	1492	1534	1568
1399434252336383833	1515	1519	1538	1564
1399434252353556046	1508	1525	1539	1563
1399434252369731447	1516	1520	1531	1569
1399434252411446568	1525	1510	1533	1567
1399434252467443407	1534	1499	1528	1567
1399434252546509139	1529	1502	1544	1553
1399434252562425683	1513	1513	1544	1554
1399434252578446393	1514	1511	1548	1551
1399434252679337496	1526	1507	1550	1545
1399434252696333417	1533	1504	1546	1553
1399434252767267315	1536	1496	1540	1562
1399434252783414262	1519	1515	1554	1548
1399434252799320456	1517	1517	1551	1551
1399434252873357304	1521	1515	1550	1550
1399434252914362753	1520	1516	1544	1557
1399434252985297821	1529	1510	1552	1545
1399434253001256778	1535	1510	1558	1538
1399434253018137981	1535	1509	1558	1538
1399434253092242106	1540	1510	1552	1539
1399434253187193882	1533	1521	1553	1532
1399434253204182692	1540	1511	1548	1541
1399434253220395962	1533	1515	1541	1553
1399434253294228687	1524	1522	1540	1549
1399434253311091285	1519	1525	1544	1547
1399434253327041596	1520	1520	1541	1549
1399434253427001806	1521	1517	1525	1566
1399434253443995578	1544	1491	1529	1561
1399434253513953535	1540	1497	1528	1558
1399434253530981201	1533	1513	1535	1547
1399434253546989613	1529	1515	1539	1545
1399434253647783900	1527	1517	1531	1553
1399434253687937216	1531	1511	1529	1556
1399434253704903601	1547	1484	1542	1549
1399434253738882523	1539	1499	1540	1547
1399434253754874977	1534	1507	1540	1549
1399434253855869634	1519	1523	1540	1549
1399434253871932516	1511	1532	1544	1544
1399434253943669970	1524	1520	1532	1555
1399434253959695240	1536	1504	1528	1560
1399434253976771253	1544	1495	1522	1565
1399434254074918962	1534	1505	1525	1564
1399434254091816335	1531	1511	1539	1550
1399434254161809011	1531	1517	1522	1563
1399434254178705811	1532	1520	1531	1553
1399434254194712506	1531	1525	1535	1545
1399434254268669513	1542	1511	1533	1544
1399434254363645737	1533	1529	1540	1533
1399434254380597454	1535	1533	1545	1524
1399434254396597377	1533	1536	1546	1521
1399434254438482520	1536	1536	1537	1528
1399434254454601370	1538	1541	1547	1507
1399434254498570896	1544	1536	1531	1526
1399434254514479714	1553	1532	1515	1535
1399434254585544559	1555	1534	1509	1535
1399434254607466263	1556	1531	1528	1520
1399434254624533347	1563	1520	1535	1510
1399434254663480573	1563	1516	1531	1519
1399434254704365197	1562	1518	1532	1518
1399434254721779185	1564	1515	1513	1540
1399434254795194904	1558	1523	1509	1542
1399434254812358898	1544	1539	1531	1524
1399434254828324173	1552	1528	1542	1516
1399434254895292935	1549	1528	1542	1520
1399434254926227544	1544	1533	1532	1532
1399434254942320969	1555	1518	1508	1553
1399434255019360806	1537	1535	1529	1543
1399434255035299009	1552	1518	1518	1552
1399434255120120077	1560	1507	1518	1552
1399434255136398904	1553	1514	1520	1549
1399434255153272650	1553	1516	1510	1558
1399434255225307321	1544	1529	1525	1544
1399434255242195661	1545	1531	1533	1536
1399434255343126808	1552	1524	1531	1537
1399434255360343191	1558	1514	1521	1546
1399434255376144263	1569	1498	1511	1555
1399434255445150905	1553	1520	1516	1550
1399434255462120550	1566	1510	1515	1549
1399434255478141144	1558	1522	1533	1533
1399434255578148283	1560	1524	1537	1524
1399434255683107218	1550	1544	1540	1523
1399434255866812654	1571	1528	1522	1534
1399434255884007849	1570	1526	1516	1542
1399434255899884306	1563	1526	1529	1538
1399434255973934870	1552	1537	1544	1523
1399434255989857946	1556	1531	1539	1532
1399434256059871168	1575	1507	1521	1551
1399434256076830352	1567	1520	1528	1540
1399434256092803910	1558	1532	1528	1539
1399434256109789289	1550	1542	1534	1532
1399434256185816397	1554	1540	1535	1529
1399434256227701520	1555	1539	1528	1535
1399434256297770940	1549	1547	1533	1529
1399434256314681868	1550	1545	1535	1527
1399434256331708872	1549	1545	1544	1518
1399434256520781243	1551	1521	1535	1540
1399434256536720418	1549	1514	1524	1557
1399434256577748400	1538	1515	1536	1556
1399434256596574576	1534	1516	1544	1552
1399434256615684396	1541	1500	1552	1549
1399434256656577332	1562	1469	1526	1573
1399434256732599557	1541	1498	1537	1562
1399434256749570742	1531	1511	1546	1553
1399434256823511628	1529	1502	1544	1556
1399434256840460228	1523	1504	1545	1558
1399434256856475366	1518	1511	1542	1563
1399434256954484738	1474	1544	1567	1540
1399434256971426357	1501	1518	1555	1555
1399434257006340995	1525	1496	1538	1571
1399434257023447569	1524	1492	1524	1583
1399434257043267815	1539	1476	1527	1581
1399434257084323684	1519	1500	1526	1580
1399434257157405854	1514	1503	1539	1570
1399434257174452576	1513	1506	1543	1564
1399434257190378549	1516	1501	1544	1565
1399434257264213388	1523	1496	1543	1564
1399434257358309957	1543	1481	1536	1571
1399434257375221065	1531	1500	1551	1553
1399434257391247452	1529	1504	1553	1553
1399434257464240079	1526	1509	1547	1553
1399434257481170269	1518	1518	1535	1566
1399434257498015574	1523	1519	1546	1549
1399434257563129078	1518	1522	1537	1560
1399434257582085648	1527	1513	1543	1554
1399434257599072773	1523	1515	1533	1562
1399434257615069345	1522	1518	1546	1548
1399434257691067430	1528	1514	1551	1541
1399434257792031347	1525	1521	1544	1544
1399434257809016437	1551	1489	1540	1546
1399434257824913887	1535	1516	1536	1541
1399434257898917113	1528	1528	1526	1547
1399434257914919819	1519	1536	1515	1553
1399434258016934478	1522	1535	1519	1548
1399434258033842525	1527	1531	1526	1542
1399434258104886828	1529	1529	1523	1544
1399434258121928911	1545	1511	1525	1541
1399434258137925730	1538	1521	1532	1535
1399434258240082978	1544	1513	1532	1535
1399434258255789167	1547	1509	1534	1534
1399434258326740788	1535	1527	1523	1541
1399434258343783462	1529	1533	1513	1549
1399434258360234497	1537	1522	1513	1551
1399434258433831134	1561	1494	1540	1532
1399434258477644832	1551	1504	1534	1540
1399434258545631510	1544	1510	1524	1550
1399434258561659748	1527	1527	1511	1560
1399434258639658139	1534	1518	1516	1558
1399434258655655353	1540	1503	1505	1568
1399434258757654283	1531	1517	1516	1558
1399434258773623861	1532	1518	1527	1548
1399434258790674188	1536	1510	1521	1551
1399434258859511372	1535	1517	1527	1543
1399434258876511879	1538	1517	1523	1543
1399434258892510226	1535	1519	1518	1545
1399434258960620464	1534	1520	1517	1546
1399434258989396922	1540	1514	1515	1549
1399434259005485114	1548	1502	1524	1544
1399434259079478260	1550	1505	1522	1544
1399434259207394481	1535	1526	1510	1554
1399434259281523162	1533	1525	1516	1553
1399434259298423981	1553	1500	1499	1570
1399434259314331863	1553	1495	1522	1555
1399434259413334292	1544	1504	1529	1554
1399434259429379020	1540	1508	1544	1544
1399434259500270348	1535	1519	1543	1543
1399434259517206791	1534	1520	1544	1541
1399434259533244647	1540	1519	1546	1531
1399434259605394046	1540	1522	1537	1537
1399434259625307042	1553	1515	1547	1522
1399434259641210086	1558	1510	1519	1548
1399434259715247824	1554	1519	1511	1550
1399434259731171604	1558	1511	1500	1561
1399434259747136681	1557	1509	1508	1558
1399434259849024710	1549	1515	1492	1573
1399434259865984113	1538	1521	1533	1548
1399434259927958975	1529	1525	1542	1544
1399434259945019396	1537	1509	1537	1553
1399434259961962742	1549	1484	1514	1578
1399434260059912791	1531	1498	1543	1556
1399434260077026549	1533	1494	1558	1542
1399434260147907430	1527	1502	1555	1544
1399434260164094697	1525	1508	1542	1553
1399434260181007815	1518	1518	1547	1540
1399434260222053397	1516	1524	1526	1557
1399434260262107047	1500	1536	1561	1515
1399434260278960264	1525	1517	1538	1538
1399434260351926942	1540	1503	1525	1546
1399434260367921875	1531	1513	1507	1555
1399434260383874006	1531	1515	1521	1543
1399434260450860105	1522	1518	1509	1553
1399434260482808264	1532	1507	1518	1547
1399434260498841413	1540	1491	1489	1567
1399434260578843606	1510	1523	1534	1528
1399434260595751244	1514	1518	1565	1490
1399434260691800717	1510	1519	1547	1511
1399434260707725960	1522	1514	1528	1528
1399434260779644054	1523	1519	1518	1532
1399434260795595326	1508	1541	1547	1488
1399434260812517475	1537	1524	1504	1525
1399434260913630773	1553	1519	1473	1542
1399434260924606396	1552	1520	1483	1535
1399434260994739497	1552	1522	1481	1531
1399434261010424340	1549	1531	1499	1509
1399434261027572526	1549	1535	1502	1500
1399434261100654946	1576	1509	1445	1544
1399434261142617187	1574	1519	1461	1531
1399434261212457240	1569	1521	1496	1500
1399434261229514737	1566	1525	1518	1478
1399434261245375932	1556	1536	1515	1481
1399434261320443375	1558	1534	1496	1500
1399434261360350482	1577	1515	1489	1506
1399434261432457408	1572	1519	1458	1538
1399434261449420151	1559	1535	1503	1503
1399434261465366406	1558	1531	1484	1528
1399434261502384772	1563	1520	1479	1536
1399434261519379451	1562	1516	1490	1535
1399434261561461066	1557	1524	1486	1544
1399434261636509298	1538	1541	1496	1540
1399434261656393026	1543	1531	1399	1622
1399434261673378190	1546	1525	1488	1555
1399434261746436553	1550	1514	1540	1515
1399434261787333199	1545	1516	1556	1498
1399434261858161030	1546	1513	1546	1513
1399434261874211615	1536	1523	1538	1536
1399434261891025176	1534	1526	1538	1540
1399434261932220432	1532	1528	1516	1558
1399434261948197237	1538	1519	1548	1531
1399434261990158855	1543	1508	1524	1557
1399434262062145872	1541	1504	1522	1563
1399434262079145456	1540	1500	1516	1573
1399434262095139332	1528	1509	1528	1567
1399434262169131087	1515	1515	1529	1572
1399434262211084087	1510	1517	1552	1552
1399434262281027672	1511	1511	1561	1546
1399434262297977070	1400	1420	1472	1428
1399434262313994146	1413	1405	1454	1448
1399434262389873080	1422	1390	1446	1454
1399434262405836337	1429	1374	1433	1463
1399434262502928415	1433	1368	1434	1464
1399434262518827668	1427	1361	1440	1450
1399434262535858137	1424	1360	1443	1447
1399434262606816118	1420	1365	1447	1443
1399434262628786372	1410	1366	1441	1436
1399434262728693498	1397	1378	1436	1441
1399434262744770980	1376	1395	1436	1436
1399434265822089664	1354	1413	1429	1435
1399434265822246002	1335	1430	1433	1433
1399434265822280126	1319	1433	1433	1429
1399434265822313932	1324	1428	1441	1422
1399434265822371075	1375	1375	1431	1412
1399434265822403245	1393	1366	1414	1421
1399434265822434509	1649	1211	1560	1381
1399434265822474890	1341	1392	1448	1387
1399434265822506545	1458	1301	1508	1301
1399434265822537452	1409	1384	1373	1403
1399434265822569187	1380	1421	1334	1433
1399434265822600241	1367	1441	1314	1447
1399434265822640636	1368	1444	1317	1440
1399434265822672425	1389	1423	1331	1426
1399434265822704557	1405	1407	1346	1411
1399434265822735441	1417	1390	1370	1391
1399434265822767066	1433	1368	1399	1368
1399434265822785708	1558	1326	1693	1211
1399434265822817386	1307	1464	1292	1505
1399434265822854701	1383	1393	1416	1376
1399434265822886617	1353	1414	1380	1421
1399434265822918856	1377	1379	1360	1451
1399434265822949993	1175	1175	1175	1175
1399434265822990191	1175	1175	1175	1175
1399434265823021779	1175	1175	1175	1175
1399434265823052857	1175	1175	1175	1175
1399434265823084505	1175	1175	1175	1175
1399434265823115783	1175	1175	1175	1175
1399434265823154975	1175	1175	1175	1175
1399434265823186620	1175	1175	1175	1175
1399434265823218051	1175	1175	1175	1175
1399434265823249957	1175	1175	1175	1175
1399434265823281090	1175	1175	1175	1175
1399434265823321118	1175	1175	1175	1175
1399434265823368923	1175	1175	1175	1175
1399434265823400581	1175	1175	1175	1175
1399434265823431882	1175	1175	1175	1175
1399434265823470580	1175	1175	1175	1175
1399434265823501303	1175	1175	1175	1175
1399434265823532270	1175	1175	1175	1175
1399434265823564052	1175	1175	1175	1175
1399434265823600274	1175	1175	1175	1175
1399434265823639726	1175	1175	1175	1175
1399434265823650544	1175	1175	1175	1175
1399434265823682383	1175	1175	1175	1175
1399434265823713764	1175	1175	1175	1175
1399434265823745185	1175	1175	1175	1175
1399434265823784718	1175	1175	1175	1175
1399434265823816310	1175	1175	1175	1175
1399434265823847761	1175	1175	1175	1175
1399434265823879450	1175	1175	1175	1175
1399434265823910550	1175	1175	1175	1175
1399434265823942366	1175	1175	1175	1175
1399434265823981524	1175	1175	1175	1175
1399434265824012788	1175	1175	1175	1175
1399434265824044313	1175	1175	1175	1175
1399434265824075908	1175	1175	1175	1175
1399434265824107403	1175	1175	1175	1175
1399434265824157957	1175	1175	1175	1175
1399434265824191249	1175	1175	1175	1175
1399434265824222858	1175	1175	1175	1175
1399434265824270422	1175	1175	1175	1175
1399434265824301840	1175	1175	1175	1175
1399434265824341497	1175	1175	1175	1175
1399434265824372340	1175	1175	1175	1175
