#Time	 Roll 	 Pitch 	 Yaw
1400051976903548800	-0.004606535193	-0.02163432911	0.4467966557
1400051976972381643	-0.004575452302	-0.02149104513	0.4468691349
1400051977083347316	-0.004522219766	-0.02136969939	0.4469538331
1400051977089282932	-0.004511673003	-0.02127518505	0.4476984739
1400051977168250492	-0.00443943264	-0.02115198039	0.4471071959
1400051977217239040	-0.004428604618	-0.02107249573	0.4470172822
1400051977285688913	-0.004358849488	-0.020927459	0.447093904
1400051977321290220	-0.004225442186	-0.02099706233	0.4484995902
1400051977414169040	-0.004401107319	-0.02079015225	0.4501791894
1400051977495327256	-0.004094881006	-0.02071242593	0.4513579607
1400051977503173141	-0.004053586628	-0.02041696012	0.4525249898
1400051977599094569	-0.003318904899	-0.02018983662	0.4538318515
1400051977635951085	-0.0014484782	-0.01921182312	0.4548599422
1400051977748009295	-0.001165375928	-0.01837828197	0.4562253058
1400051977754096284	-0.002271754434	-0.01883390732	0.4576811492
1400051977800964527	-0.0005979837733	-0.01794289239	0.4590473473
1400051977914899172	0.001597262337	-0.0164528098	0.4605744183
1400051977922847177	0.00313160033	-0.01209702808	0.4626737237
1400051978063667845	0.01035114564	-0.009283890016	0.4653882086
1400051978069865029	0.02206439897	-0.01068448648	0.4666179419
1400051978169685607	0.03218118474	-0.009812281467	0.4693560302
1400051978175768288	0.02035727724	-0.001990073826	0.4777098298
1400051978233708111	-0.00463445764	0.003485507797	0.4887260199
1400051978379615574	-0.01590191759	0.003036485054	0.5021589398
1400051978386605669	-0.01663892344	0.005101133138	0.5153946877
1400051978430382406	-0.01737174951	0.00826175604	0.5273607969
1400051978479572402	-0.0172823891	0.009031500667	0.5378223062
1400051978554452915	-0.01949585788	0.008565563709	0.5461730957
1400051978584424240	-0.0185207054	0.008351970464	0.5526502728
1400051978689417510	-0.01709596068	0.009572212584	0.555983007
1400051978697351298	-0.02473594621	0.0007424094365	0.556094408
1400051978781364086	-0.03365646303	-0.01152917184	0.5540179014
1400051978865614057	-0.0407631509	-0.01969783381	0.5492235422
1400051978881192355	-0.03534814715	-0.0184899345	0.5422331095
1400051979011215792	-0.01993014291	-0.01853208803	0.5336611271
1400051979017202336	-0.006079271901	-0.02501789294	0.5255233645
1400051979074199880	0.00328938826	-0.02152280137	0.518009603
1400051979185116235	0.006698323879	-0.02115041018	0.5124552846
1400051979192106781	0.004371586256	-0.02830710076	0.5092827678
1400051979285867598	0.003995626699	-0.02860527113	0.5069745779
1400051979301000974	0.00291973725	-0.02628030255	0.5068864822
1400051979404914890	-0.001301983488	-0.02364022844	0.5084462762
1400051979425926504	-0.004469424952	-0.02250084467	0.5110229254
1400051979493868404	-0.0008143222658	-0.01591687091	0.5138581395
1400051979535828808	0.00268196431	-0.005216471385	0.5163552165
1400051979620815094	0.001916158129	0.005887233187	0.5190644264
1400051979702834796	0.001083123614	0.01226228662	0.5217387676
1400051979717793958	-0.00088537595	0.01421911456	0.5243242979
1400051979850694281	-0.004750790074	0.01633847505	0.5295752287
1400051979926731070	-0.009731746279	0.01866434887	0.5317789316
1400051980039566677	-0.01373385638	0.01733133197	0.5343025923
1400051980045495043	-0.009750589728	0.01609104313	0.5366985798
1400051980110466041	-0.003295437433	0.01826456748	0.5392263532
1400051980159423597	-0.003059445182	0.01960619539	0.5417504311
1400051980271475354	-0.006685565226	0.01881054789	0.5438934565
1400051980277344729	-0.00747783063	0.01588821225	0.5451937318
1400051980371382977	-0.005265278742	0.009249879047	0.5456539392
1400051980379315882	-0.006114223506	-0.00635843724	0.5455631018
1400051980477249906	-0.01086647157	-0.02066178434	0.5453656316
1400051980549229695	-0.0152490288	-0.02555584349	0.5447205901
1400051980581144556	-0.01588390395	-0.0248216968	0.5432609916
1400051980694118606	-0.01143061649	-0.01444254536	0.5418046713
1400051980700100750	-0.005547238048	-0.004471804947	0.5414941907
1400051980792185381	0.0003668746212	-0.007064436562	0.5422058105
1400051980799989720	0.006034036633	-0.02088036947	0.5428705215
1400051980896921779	0.008649401367	-0.03054222465	0.5436053276
1400051980958884560	0.007433705032	-0.03032567725	0.5445581675
1400051981000958569	0.007073162589	-0.02269109897	0.5461652279
1400051981113785399	0.01028555073	-0.009989606217	0.5487789512
1400051981119737209	0.01190821175	0.003699881025	0.5525357723
1400051981163773600	0.007852775045	0.008862116374	0.5570277572
1400051981220641700	0.004612437915	0.006126993336	0.5614042878
1400051981318685589	0.002526541473	0.0008217395516	0.5652576685
1400051981386628855	-0.002058036393	-0.002653314965	0.5683254004
1400051981402452305	-0.00603757659	0.003062588396	0.5705869198
1400051981491515467	-0.01044005621	0.01568390615	0.5733664036
1400051981533452161	-0.01401649509	0.02079434134	0.5769296885
1400051981596453678	-0.01227033697	0.02248443477	0.5801910758
1400051981707405210	-0.002939131577	0.0220004674	0.582113564
1400051981713565393	-0.002285815543	0.02053259499	0.5823348165
1400051981798422639	-0.007877375931	0.01395108737	0.5820354223
1400051981841197995	-0.008178118616	0.004117493052	0.5814047456
1400051981909229380	-0.005137919448	-0.000611394702	0.5813176036
1400051981945262913	-0.007214094047	0.001683474402	0.5809745193
1400051982050260417	-0.007990607992	0.004421125632	0.5807962418
1400051982058195083	-0.01109691709	0.004381279461	0.5806976557
1400051982122078150	-0.01583095267	-0.0003466717899	0.5797418952
1400051982271559472	-0.01324340422	-0.004713552538	0.5783218741
1400051982275981638	-0.007903276943	-0.005947855767	0.5756497383
1400051982352955751	-0.00419278862	-0.007269230206	0.5728138089
1400051982366898779	-0.004762947094	-0.009940367192	0.5706788898
1400051982443979408	-0.01143155992	-0.01541554183	0.5700891614
1400051982536856257	-0.0125556048	-0.02179474756	0.5711649656
1400051982553933955	-0.009144592099	-0.02559825964	0.5740552545
1400051982688788478	-0.007515430916	-0.02442701347	0.578109026
1400051982694760612	-0.006008559372	-0.01964501292	0.5833316445
1400051982751589177	-0.003543573665	-0.01094006188	0.5888171196
1400051982787440379	-0.003226745874	-0.004167108797	0.5943297148
1400051982855481253	-0.0009638806805	7.787719369e-05	0.598461628
1400051983003577452	0.003623004537	0.001087643439	0.6018555164
1400051983009511526	0.003638764843	0.002267384902	0.6040536761
1400051983066486874	0.001251081121	0.00630837772	0.6045662165
1400051983081491886	0.0002819637593	0.01033858024	0.6047157645
1400051983174453107	-0.004686725792	0.01515054144	0.6048753262
1400051983209351872	-0.01082661375	0.01765823923	0.6052577496
1400051983287342446	-0.01015855931	0.01711824723	0.6054611206
1400051983317331676	-0.005563872866	0.0160954129	0.6065024137
1400051983386201216	0.00215437822	0.01679075882	0.609210968
1400051983512227595	0.01424390543	0.02297654934	0.6127420068
1400051983518148026	0.02543676831	0.02887856402	0.6172090769
1400051983589027715	0.03012205847	0.02842290886	0.6230320334
1400051983632134295	0.02987247705	0.01608397439	0.6287047267
1400051983743080883	0.02519579418	0.0008137450786	0.6337131262
1400051983750019327	0.01561155356	-0.005093609449	0.6371796131
1400051983805994895	0.01181593351	-0.006116253324	0.6387367845
1400051983897888631	0.017316496	-0.01251932513	0.638279438
1400051983946972319	0.01779762283	-0.01778277196	0.6364709139
1400051984030609738	0.005777381361	-0.0171103254	0.6348907948
1400051984038647398	-0.01227544714	-0.01775356196	0.6328371763
1400051984106608962	-0.02270984091	-0.01582777128	0.6305620074
1400051984155571606	-0.02790106274	-0.009250346571	0.6290551424
1400051984261677876	-0.02716533095	-0.001533013419	0.6286796331
1400051984276558292	-0.02466959693	0.001663920353	0.6282048225
1400051984366606814	-0.02256778255	0.003199631115	0.6282247305
1400051984437372669	-0.0213728603	0.007375147194	0.6288698316
1400051984473445392	-0.02309434488	0.008297400549	0.6293151379
1400051984563264028	-0.02853458747	0.005602318328	0.6297087669
1400051984577516590	-0.0319538638	-0.001256317249	0.6316609383
1400051984646290228	-0.02766967565	-0.005563505925	0.6340434551
1400051984750196388	-0.01691227034	-0.00675661955	0.6367541552
1400051984758349921	-0.008911923505	-0.002909273375	0.6391419768
1400051984899090864	-0.006601039786	0.009954669513	0.6412190199
1400051984905046481	-0.01083282754	0.01470360253	0.6424631476
1400051984954999571	-0.01716578566	0.00570984697	0.6434355974
1400051984998009032	-0.01315870136	-0.0004749372893	0.6443722248
1400051985102942357	-0.002362858504	0.00284319371	0.6447814107
1400051985117881990	0.009362508543	0.003691365011	0.6459367275
1400051985208948963	0.0160916727	0.007445355877	0.6482249498
1400051985301962532	0.01898290031	0.01461579558	0.6521257162
1400051985314763595	0.02091853507	0.01464116015	0.6575177312
1400051985382748047	0.02460802905	0.007278357632	0.6618064046
1400051985418788962	0.03052194417	0.002666998189	0.665827632
1400051985486916610	0.03229735792	0.005978727713	0.6711805463
1400051985634590600	0.02448253706	0.01311546564	0.6766102314
1400051985641580272	0.01368525997	0.01333649829	0.6820136309
1400051985685501727	0.009833996184	0.007700012531	0.6871781945
1400051985734514451	0.01107869204	0.001307294122	0.6914969683
1400051985847470002	0.01205792464	0.00149772747	0.6953531504
1400051985853419038	0.007911719382	0.01321280096	0.698589325
1400051985911396609	0.001624031225	0.0227286946	0.7005684376
1400051986058295605	-0.01219784468	0.02522505075	0.7025755048
1400051986064252738	-0.02695401758	0.02597953938	0.7032949328
1400051986165127850	-0.03178592771	0.02112198435	0.7017865181
1400051986171173805	-0.02317963168	0.02230007574	0.697642982
1400051986271162167	-0.01825812832	0.02831119299	0.692471087
1400051986278116786	-0.01904367656	0.02269019745	0.6881982684
1400051986334118572	-0.01621711813	0.009969343431	0.6837821603
1400051986446027746	-0.01747802459	0.005814365111	0.6790314317
1400051986452075592	-0.02047394589	0.002703908365	0.6746891737
1400051986589892794	-0.01348827686	-0.002163478872	0.6711654663
1400051986598937491	-0.004865347873	-0.008699990809	0.668812573
1400051986659877836	-0.001588505576	-0.01378248725	0.6678993702
1400051986686906108	-0.005486638751	-0.01555255335	0.6689375639
1400051986754965876	-0.01760281622	-0.01605979726	0.6716563702
1400051986866821404	-0.02867458388	-0.01814431138	0.675850153
1400051986872740900	-0.02795996144	-0.02633471414	0.6793699265
1400051986956737047	-0.01955017261	-0.04195557162	0.6828212738
1400051986999719753	-0.0126345465	-0.0458429195	0.6869045496
1400051987111644527	-0.007890284061	-0.03779512271	0.6927478313
1400051987117590612	-0.01012791973	-0.0264598541	0.699467957
1400051987177578707	-0.01394073386	-0.01894676313	0.7041609287
1400051987286491910	-0.01037831511	-0.008658254519	0.7071959376
1400051987292470662	0.001326258061	0.008860033005	0.7084026337
1400051987383464334	0.0114166392	0.02723133378	0.7082315683
1400051987398419496	0.01434338093	0.03505514562	0.7063761353
1400051987487373636	0.01489845011	0.03222394362	0.7040336132
1400051987530336002	0.02002812363	0.02854030207	0.7008707523
1400051987629326135	0.02518575452	0.02926365659	0.6978740692
1400051987636417042	0.03220148385	0.03808157146	0.6957762241
1400051987697380524	0.03648938611	0.0437794216	0.6943585873
1400051987805307982	0.03340821713	0.0369310528	0.6944116354
1400051987820371684	0.02668843977	0.02299122699	0.6953676343
1400051987895514426	0.02494508214	0.01408554614	0.6974297166
1400051987944317435	0.0261599049	0.009223520756	0.700720787
1400051988012111740	0.0264029298	0.005117554218	0.704808414
1400051988126314795	0.02132033184	0.005058213137	0.7091407776
1400051988132950835	0.01343350299	0.003297688905	0.7137308121
1400051988265029694	0.004063805565	-0.008396951482	0.7181987166
1400051988271079938	-0.005463298876	-0.02267361246	0.7222861648
1400051988364822741	-0.02139275521	-0.04244119674	0.7307411432
1400051988425903837	-0.03074832819	-0.03992668912	0.7332146168
1400051988584867628	-0.04553115368	-0.02947778627	0.7344908118
1400051988593698150	-0.06020389497	-0.02031162381	0.7353236079
1400051988604839188	-0.06770697236	-0.01606021635	0.7359339595
1400051988679810171	-0.0639347434	-0.01591471396	0.7356235385
1400051988747729420	-0.05240471661	-0.01708010584	0.7342897058
1400051988783639902	-0.03761497512	-0.0156040024	0.7330628633
1400051988889734394	-0.02312555537	-0.002019198146	0.7327350974
1400051988896549016	-0.01988941431	0.02171979658	0.7338138819
1400051988993549919	-0.01942533627	0.03736763075	0.735504806
1400051989116548487	-0.01102210302	0.04307441041	0.7369688153
1400051989116594130	-0.001903345226	0.04642563686	0.7383118868
1400051989212361860	0.002554066014	0.04969910532	0.7387916446
1400051989218450694	0.01045748312	0.05214430764	0.7386090755
1400051989275444892	0.02062749676	0.05712559447	0.7373889685
1400051989377343886	0.02389492467	0.06070950627	0.7355326414
1400051989388389887	0.02960765362	0.05784187466	0.7337803841
1400051989478194503	0.04608938098	0.04184698686	0.7309682965
1400051989524339072	0.05981582031	0.02648640983	0.7268042564
1400051989633129890	0.05903613195	0.01920681819	0.722789824
1400051989639156591	0.04844273999	0.01659141667	0.719060421
1400051989706090921	0.04251397774	0.01238171756	0.7157585025
1400051989808069189	0.03863856569	0.003343964694	0.7128406167
1400051989814085726	0.03558757156	-0.01134222653	0.7110629678
1400051989904915854	0.03478506207	-0.02760668658	0.7113057375
1400051989919798921	0.03106331266	-0.03400009498	0.7137880921
1400051990052771216	0.02442422323	-0.03053165227	0.7189593315
1400051990059712904	0.02172481082	-0.02698034048	0.7267843485
1400051990124726711	0.01441856008	-0.02821751684	0.7367882133
1400051990227701251	-0.00188881217	-0.03277886286	0.7481223941
1400051990233710321	-0.01502978709	-0.03921926767	0.7590136528
1400051990324573019	-0.02610581182	-0.03923794627	0.7682337761
1400051990339562321	-0.04191907495	-0.02346367575	0.7741785645
1400051990451518303	-0.05670030043	0.002882544184	0.7775349617
1400051990465467285	-0.06511183083	0.02532827109	0.7805985808
1400051990539449966	-0.06751187891	0.03427225351	0.7835921049
1400051990681553362	-0.06307582557	0.03461595625	0.7862793803
1400051990688340214	-0.05195881799	0.03601158783	0.7882605195
1400051990745377055	-0.03620675951	0.04386592656	0.7905964851
1400051990760382140	-0.02259397693	0.05215831101	0.7930978537
1400051990843440040	-0.01276146621	0.05066437647	0.7949088812
1400051990886126844	-0.005982904695	0.03944467381	0.795825839
1400051990954391734	0.004138126038	0.02669301257	0.7958142757
1400051991052236066	0.02052960172	0.01306613069	0.7942839861
1400051991059287419	0.03331144154	0.002395654563	0.792411387
1400051991162225311	0.0356522426	-0.005067891907	0.7916386127
1400051991178156316	0.03179854155	-0.0142264301	0.7921077609
1400051991270148133	0.02406116016	-0.01909781992	0.7927455306
1400051991305237149	0.01706149615	-0.02404555678	0.793823719
1400051991398092581	0.01754744351	-0.02917987294	0.7944678664
1400051991417923977	0.0170759242	-0.02930147387	0.7952241302
1400051991483038697	0.01258727536	-0.02726211213	0.7950200438
1400051991622926347	-0.003261251375	-0.02140892297	0.7957099676
1400051991735752683	-0.009324318729	-0.01120683551	0.7958580852
1400051991741831916	-0.01367104519	-0.0009754152852	0.7954922318
1400051991813853115	-0.02108975686	0.009073296562	0.7951892018
1400051991900755440	-0.02638998814	0.01004333887	0.7954493165
1400051991911760033	-0.02485124767	0.002303382615	0.796032846
1400051992007588213	-0.0173873622	0.0001979395747	0.7964929342
1400051992044620290	-0.007372453343	0.009498328902	0.797614038
1400051992119556203	0.002509569284	0.02160639875	0.8001353741
1400051992148561049	0.01022329554	0.03335014731	0.8028555512
1400051992253369132	0.0159461014	0.04526001588	0.8049257398
1400051992261386471	0.02155404538	0.04878761247	0.8060911894
1400051992322381213	0.02456323989	0.04755825177	0.8056867123
1400051992470221178	0.0203878358	0.03950253874	0.8034703732
1400051992477245553	0.01367503963	0.03204641491	0.7998690009
1400051992529193107	0.01255649049	0.02775190398	0.796477139
1400051992556210675	0.013774883	0.02148563601	0.7941306233
1400051992624186023	0.01098929159	0.01252865046	0.7934577465
1400051992681108534	0.001301363925	0.006168691441	0.7939359546
1400051992778091846	-0.009291148745	-0.0001154020429	0.7953113317
1400051992846004392	-0.01215921249	-0.005596933421	0.796688199
1400051992861017440	-0.00989551004	-0.007677790709	0.7973998785
1400051992952984467	-0.006983143743	-0.009734132327	0.7978060842
1400051992988991744	-0.007395192049	-0.01307397895	0.7996906638
1400051993080864975	-0.009248469025	-0.01664454304	0.8021384478
1400051993101862367	-0.01196265034	-0.01708766446	0.8041972518
1400051993199777279	-0.01109020412	-0.01480707992	0.8067572117
1400051993311717331	-0.008808355778	-0.01086619496	0.8106185198
1400051993317698859	-0.009670038708	-0.005536484066	0.8154789209
1400051993374721014	-0.01571336575	-0.0006821603165	0.8216800094
1400051993410710708	-0.02187004127	0.001387879718	0.8292247653
1400051993519644579	-0.02521380968	0.006801557261	0.8366377354
1400051993591539205	-0.02580077574	0.01637448929	0.8430219889
1400051993597555480	-0.02320561372	0.02237061039	0.84853369
1400051993688421225	-0.0141413752	0.02407721244	0.8532754779
1400051993696472122	-0.004580926616	0.02067691274	0.8564663529
1400051993792458301	-0.002398168668	0.01424202789	0.8581135869
1400051993828430364	-0.004326381255	0.009144154377	0.8596379161
1400051993934348909	-0.003765981877	0.009516568854	0.8619369268
1400051993942292900	-0.009604156017	0.01474109013	0.8646305203
1400051994027330771	-0.01993769966	0.02176981606	0.8670671582
1400051994111238841	-0.02383168228	0.0264111422	0.869040966
1400051994119134052	-0.02275690995	0.02555888891	0.8702622056
1400051994215137601	-0.01673053205	0.01551466808	0.8695735335
1400051994251133646	-0.003862057813	0.002843610942	0.8677068353
1400051994322209988	0.01118648704	-0.003460485023	0.8652561307
1400051994355222788	0.02034030482	-0.002159168711	0.8639992476
1400051994461040861	0.02131133527	0.002627129899	0.864397347
1400051994475992830	0.01900154352	0.006589672528	0.865044117
1400051994551904928	0.01867036894	0.005521485582	0.8665006161
1400051994677783871	0.0232459195	0.0003216527402	0.8684635758
1400051994683813225	0.02415693738	-0.002604498761	0.8699355125
1400051994740839794	0.01553015038	0.0013192076	0.8704736233
1400051994776774756	0.008571831509	0.008290568367	0.8706172109
1400051994853760734	0.00292937574	0.009506771341	0.8709468842
1400051994942689060	-0.003683981253	0.009549625218	0.8723228574
1400051994957691817	-0.007376751862	0.009811316617	0.8743642569
1400051995097525830	-0.0121672228	0.009811439551	0.8766772747
1400051995104498556	-0.01579595543	0.006426587235	0.8795306087
1400051995161508727	-0.01976979896	-0.001555052237	0.8825531602
1400051995197474557	-0.02611633576	-0.005216190126	0.8857129812
1400051995302582242	-0.02751521207	-0.007984642871	0.8898152709
1400051995317562915	-0.0234243311	-0.01104501169	0.895239234
1400051995407417574	-0.01787639409	-0.009347073734	0.9006744027
1400051995469430756	-0.01032392122	-0.006372275297	0.9057157636
1400051995515443248	0.0002309441916	-0.004243097734	0.9094552994
1400051995580508718	0.009836397134	-0.0008026101277	0.9117707014
1400051995616251948	0.01707259379	0.008476440795	0.9117873907
1400051995729274074	0.0216610916	0.01875414327	0.9099661708
1400051995736225401	0.02205422707	0.02286201157	0.9070815444
1400051995827209517	0.02036466263	0.02362475172	0.9041762352
1400051995939112256	0.02238832228	0.02323827706	0.9017237425
1400051995944957064	0.02215237729	0.01929816417	0.9004276991
1400051996002030332	0.0104792146	0.01481722482	0.9009353518
1400051996038065369	-0.001510102767	0.008269050159	0.9018151164
1400051996105941307	-0.002434618073	0.002779040253	0.9020799398
1400051996254954387	0.00204422418	0.00402509002	0.901344955
1400051996260859584	0.007476792205	0.001662769238	0.8998957276
1400051996320881416	0.00912926998	-0.001249667606	0.8975692987
1400051996335833852	0.007044227328	-0.0007660687552	0.895956099
1400051996466793687	0.004047465045	-0.0004585534625	0.8963637948
1400051996472853975	0.0108467564	0.005774232093	0.8985334635
1400051996535582462	0.01867459342	0.01532611623	0.901563108
1400051996633583687	0.01504404191	0.01613247395	0.9054960012
1400051996641575814	0.00365054165	0.01012354158	0.9091570973
1400051996782494676	-0.00336388615	0.005215199199	0.9130479097
1400051996788515393	-0.002918036655	-0.002339327941	0.9174388647
1400051996889366539	0.001547087682	-0.008380974643	0.9219491482
1400051996895505583	-0.003196071135	-0.01074997894	0.9262257814
1400051996939465887	-0.02063825913	-0.005569531582	0.9299577475
1400051996996396295	-0.04064881057	0.003771507647	0.9333652258
1400051997056242971	-0.05526819825	0.01104953978	0.9357050061
1400051997160256867	-0.06435123831	0.009039524943	0.9374452233
1400051997176150019	-0.06133400649	-0.005069836508	0.9401512146
1400051997309292912	-0.04952388257	-0.01223217882	0.9431185722
1400051997315213680	-0.03379490972	0.0005589053035	0.9456911683
1400051997408017732	-0.02250768989	0.02102983743	0.9486839771
1400051997623835739	-0.01297568344	0.03657266498	0.9600900412
1400051997629884451	0.004256165586	0.03254368156	0.9612188339
1400051997708809123	0.02245477401	0.03244803846	0.9584767818
1400051997721795248	0.03884604201	0.03052205965	0.9522014856
1400051997789688541	0.05419914424	0.02308310941	0.9446759224
1400051997937797326	0.0586014539	0.01655510068	0.9365946054
1400051997943799734	0.04833715037	0.01507329661	0.9295345545
1400051998000754056	0.03577230126	0.009483058937	0.9238160253
1400051998036527802	0.02141978778	-0.002338508377	0.9191272855
1400051998149644929	0.01083230693	-0.01052451786	0.9162017703
1400051998155607297	0.007719500456	-0.01484263036	0.9145146608
1400051998213532597	0.001074277447	-0.01948734373	0.9134057164
1400051998323396357	-0.01581151411	-0.01885921694	0.9147230387
1400051998330355571	-0.03043075278	-0.01408316381	0.9192324877
1400051998423311540	-0.03472423553	-0.01269364543	0.9278506637
1400051998439289749	-0.03313842416	-0.01190005802	0.9391785264
1400051998573115934	-0.02910445258	-0.007392354775	0.9524667263
1400051998582120582	-0.03269391507	0.003574069822	0.9661186337
1400051998671049058	-0.04194396734	0.01488927659	0.9800075889
1400051998678040990	-0.03916737065	0.01580499299	0.9930018187
1400051998776009214	-0.02437476069	0.004327668343	1.003587604
1400051998889139758	-0.01248660777	-0.01382187847	1.010989547
1400051998895077539	-0.009919394739	-0.02445210516	1.015625358
1400051998955084908	-0.01392340567	-0.02415676974	1.018241882
1400051998988022140	-0.01314315945	-0.01882647723	1.019877195
1400051999056791601	-0.004208166618	-0.00886250753	1.020038128
1400051999167892865	0.004795934539	0.008132211864	1.020293951
1400051999173833967	0.009868598543	0.02121152356	1.020967603
1400051999264770460	0.010638359	0.02819707245	1.021559477
1400051999279807411	0.01069953386	0.03080271743	1.019572854
1400051999368845320	0.01226615813	0.02526007965	1.014566541
1400051999404728395	0.01545563899	0.01906088367	1.00730288
1400051999510550737	0.01680054702	0.01336950809	0.9984258413
1400051999594439949	0.01792917028	0.01025012229	0.9885398746
1400051999600454967	0.02319642343	0.009310279042	0.9799702168
1400051999727397838	0.03041466698	0.005531358067	0.9734887481
1400051999734370922	0.02564989217	-0.004280408844	0.9680470824
1400051999832475420	0.01244639792	-0.01409763936	0.9642711282
1400051999838474682	0.004239570815	-0.01946444809	0.9621710777
1400051999904286821	-0.003677671775	-0.02718833648	0.9642618299
1400051999997124100	-0.009143183939	-0.03535026684	0.9695113897
1400052000016161099	-0.01432555169	-0.03558632359	0.9770407677
1400052000092097079	-0.01637949049	-0.02380113676	0.9864752889
1400052000141118112	-0.02459942736	-0.01540699415	0.9967971444
1400052000209040321	-0.04240140691	-0.01614387333	1.007948518
1400052000245458450	-0.04912488535	-0.01645482518	1.018580794
1400052000351114866	-0.04382741079	-0.01302548777	1.027736068
1400052000359256599	-0.03702928498	-0.002347702393	1.036326528
1400052000455934036	-0.03405008838	0.01513351873	1.044802308
1400052000571788729	-0.02308484167	0.03545623645	1.052532673
1400052000580777729	-0.006212140433	0.04179153964	1.058980346
1400052000653719896	0.009860847145	0.03303078189	1.063170075
1400052000667722666	0.01490598544	0.01461727079	1.064381719
1400052000729736660	0.01475115679	0.0004189833999	1.06456852
1400052000847642324	0.01418674458	-0.001173667843	1.066017389
1400052000853655165	0.01337727532	0.006926692557	1.067753315
1400052000988513919	0.0140576167	0.01335504092	1.068842649
1400052000994524845	0.01056623552	0.01162251551	1.070162535
1400052001051480651	0.00165095937	0.007179090753	1.072488785
1400052001087458580	-0.006822949275	-0.0003753304482	1.075689316
1400052001156448975	-0.01214308664	-0.005619818345	1.07901895
1400052001195459348	-0.01221636683	-0.007210823707	1.08160913
1400052001296327111	-0.0101677198	-0.008260563947	1.083003044
1400052001365481822	-0.01205848996	-0.009566866793	1.082597256
1400052001380578909	-0.0173572693	-0.01132346503	1.080454826
1400052001514341043	-0.01701238565	-0.01363707148	1.076365829
1400052001520207008	-0.007390878629	-0.01706006005	1.070744514
1400052001583154666	-0.001307493309	-0.01569196954	1.064306378
1400052001678161047	-0.006893457379	-0.01422591601	1.059302211
1400052001689243668	-0.008690577932	-0.01518353447	1.056760907
1400052001786132188	-0.007654859219	-0.01504059229	1.053761244
1400052001801036341	-0.01029799879	-0.01211471669	1.050843239
1400052001933866402	-0.01078975294	-0.01099699736	1.048802018
1400052001940801440	-0.007052864879	-0.007662984077	1.047055364
1400052002012734888	-0.002449165098	-0.002773776418	1.04670155
1400052002251642481	-0.01691843942	-0.004613881465	1.051270127
1400052002257625625	-0.02596641891	-0.01332086045	1.054755449
1400052002312634206	-0.02284693532	-0.01637127437	1.059100986
1400052002348624196	-0.01330758352	-0.003834102303	1.062476039
1400052002453636715	-0.004772710148	0.01088460069	1.064420938
1400052002461579710	0.0008520775591	0.01490290835	1.064562201
1400052002564481670	0.008055798709	0.01595203765	1.063310623
1400052002671387087	0.01674703881	0.01462006848	1.060394764
1400052002677335298	0.02158092521	0.008091132157	1.055762529
1400052002777370612	0.01697867736	0.00284674787	1.051265121
1400052002783315289	0.008197671734	0.001600724412	1.048081636
1400052002841276353	-0.002186090453	-0.00110986107	1.046158791
1400052002877292306	-0.0141194975	0.0002088323236	1.04681325
1400052002982191932	-0.02192678675	-0.0001682303846	1.05011189
1400052002997136335	-0.0222050231	-0.007282252423	1.056881666
1400052003087099784	-0.01865309663	-0.01202050131	1.065581322
1400052003199007973	-0.01716876589	-0.01258646604	1.07567656
1400052003205119030	-0.01877925359	-0.01014969219	1.085772276
1400052003262946574	-0.02243276499	-0.005662331823	1.094568133
1400052003297927429	-0.0214447286	0.005485878792	1.102534533
1400052003403859194	-0.01833427884	0.0215284545	1.110448122
1400052003418840678	-0.01231260784	0.03030005284	1.117279291
1400052003475840563	-0.001572362264	0.0324440524	1.122390985
1400052003585733834	0.006458193995	0.0353417024	1.125689507
1400052003599676830	0.007899298333	0.03139773756	1.125965953
1400052003670660884	0.002301176311	0.02189564891	1.123273849
1400052003719646672	-0.01326554175	0.008134346455	1.118561983
1400052003824594997	-0.02608882263	-0.005847655237	1.113262057
1400052003839650440	-0.02999865264	-0.01051414385	1.107555747
1400052003896432568	-0.0240364261	-0.01115517877	1.103557467
1400052003999480854	-0.007665066049	-0.01430248842	1.101868391
1400052004035413136	0.00612890441	-0.01806955785	1.101285577
1400052004148395657	0.01212555543	-0.02295441926	1.102165818
1400052004154356646	0.01442683395	-0.02546289004	1.105477452
1400052004211315490	0.01139216218	-0.02270252258	1.112544894
1400052004309308704	0.00425219303	-0.01284020487	1.122517467
1400052004316260196	0.006232957356	-0.0004320330918	1.133204699
1400052004419336885	0.01372955088	0.01218592748	1.142359853
1400052004456231387	0.01729963906	0.01620009169	1.150256515
1400052004536288724	0.0163648501	0.01523465011	1.156826258
1400052004560220553	0.01162646152	0.009675437585	1.16155827
1400052004666623047	0.003764679888	0.01108467951	1.164703012
1400052004681051112	0.0005127746263	0.01953567378	1.167069674
1400052004771126068	-0.001956597669	0.02714181133	1.168543458
1400052004839029109	-0.007761980407	0.02598031424	1.168746352
1400052004874995573	-0.01494748332	0.01921167597	1.167089939
1400052004986901149	-0.02264705114	0.01045664866	1.162790179
1400052004993782933	-0.02988056093	0.00505215954	1.158503175
1400052005040827765	-0.03308632225	0.003915442619	1.154956818
1400052005152820682	-0.03218906373	0.001877204631	1.152204156
1400052005163746672	-0.03131315857	-0.00204414269	1.150233507
1400052005268797686	-0.03514730185	-0.002693976741	1.148029327
1400052005296825466	-0.03986276314	9.852275252e-05	1.145734191
1400052005408744369	-0.04254863411	0.008124694228	1.144705296
1400052005414767394	-0.04500329122	0.01251986157	1.14440763
1400052005507665973	-0.04571639001	0.009207725525	1.143962383
1400052005619568014	-0.04185824096	0.005298434291	1.142642736
1400052005625625288	-0.03455734253	0.001138035441	1.138911843
1400052005682539843	-0.02452090941	-0.006226356141	1.133996367
1400052005697461800	-0.01294682547	-0.01119787525	1.129764438
1400052005831399078	0.0009251906886	-0.01478434354	1.125923753
1400052005837332787	0.01041414775	-0.01804739796	1.123280048
1400052005928358161	0.01458072104	-0.01816092804	1.123570681
1400052005935556944	0.01900963485	-0.02411382832	1.124981999
1400052005996289230	0.02433417924	-0.03423490375	1.126614571
1400052006144166636	0.02680890821	-0.04051845521	1.128235936
1400052006150233117	0.0289280992	-0.04156220704	1.13009429
1400052006223020859	0.03064190783	-0.03685576469	1.133530617
1400052006244368020	0.02790393122	-0.02899420261	1.138272643
1400052006310991786	0.02229882404	-0.01956877299	1.144449592
1400052006421931433	0.01435338706	-0.01194042061	1.152288318
1400052006428896186	-0.002145676175	-0.005457595922	1.162061214
1400052006567895788	-0.02106009983	0.003688239492	1.172981739
1400052006576773218	-0.03868126497	0.01525584143	1.182358861
1400052006628841025	-0.04768085107	0.02350370213	1.189260006
1400052006664748094	-0.05043777451	0.02757443115	1.1941787
1400052006732666478	-0.04847051948	0.02795501612	1.197833657
1400052006843597982	-0.0381471552	0.02186547033	1.199976325
1400052006849566381	-0.02395042777	0.01774301752	1.199640989
1400052006934616478	-0.02017624304	0.02326656692	1.197407246
1400052006977497857	-0.0215558596	0.02857805043	1.194483161
1400052007045493485	-0.0186137706	0.02592749894	1.190837979
1400052007082247192	-0.007564488798	0.01388685312	1.18769002
1400052007150461094	0.003736153943	0.0007426925586	1.185188055
1400052007299473160	0.0100608645	-0.01026327256	1.183745384
1400052007305468992	0.01395540219	-0.01457793638	1.182564855
1400052007320387588	0.009597500786	-0.01077935286	1.18185997
1400052007399286932	-0.0005651807296	-0.004893754609	1.181170464
1400052007467382630	-0.006114688702	-0.006270501763	1.180452943
1400052007503383363	-0.005721497349	-0.008290654048	1.180056095
1400052007608220253	-0.006072022952	-0.01091085933	1.180099607
1400052007616268061	-0.009283100255	-0.01767451875	1.180426598
1400052007714124636	-0.01483700611	-0.02503198199	1.180660248
1400052007822973639	-0.02391126007	-0.02748354152	1.179027557
1400052007894007994	-0.01990178786	-0.02477338351	1.17758441
1400052007923056594	-0.01774494164	-0.02005424351	1.176195979
1400052008105737572	-0.02815314382	-0.01228262298	1.177123904
1400052008111685950	-0.02559808455	-0.007707836106	1.180436134
1400052008209666102	-0.01619902439	-0.004041159526	1.184898734
1400052008217655123	-0.01316250488	-0.002698417287	1.188539505
1400052008350694014	-0.02159027196	-0.002102365484	1.190445304
1400052008356704907	-0.0349359028	0.005662303884	1.189940453
1400052008449525861	-0.04348004237	0.02006100491	1.187734604
1400052008457487528	-0.04316440225	0.02932717837	1.185218215
1400052008524418459	-0.035527803	0.02300019003	1.184036493
1400052008666395807	-0.02732448839	0.01159974094	1.185626388
1400052008672351987	-0.01772561111	0.004595776554	1.187258005
1400052008773307042	-0.004082979634	-0.003224978223	1.190095663
1400052008779267992	0.004221485928	-0.00690688286	1.195750237
1400052008836235793	0.004910880234	0.001141276443	1.204996586
1400052008875134722	0.005293609109	0.007881846279	1.216378689
1400052008940295455	0.0004353006661	0.01073339302	1.228824377
1400052009048227788	-0.003791984636	0.005228651222	1.241706491
1400052009056181300	-0.003930953797	-0.003811478615	1.253801584
1400052009151137192	-0.005802481901	-0.00667523127	1.264149904
1400052009187132071	-0.01132312324	-0.005887248088	1.27159071
1400052009293078744	-0.009212366305	-0.007437772583	1.27571857
1400052009301054121	-0.009577604011	-0.0068886769	1.277694821
1400052009361084286	-0.01763323694	-0.009911552072	1.277876496
1400052009508936591	-0.0248850584	-0.01819742844	1.275899649
1400052009514980791	-0.02662059106	-0.02870445698	1.272145748
1400052009577950126	-0.02123793028	-0.03385849297	1.267751932
1400052009607903053	-0.009728434496	-0.0361366868	1.263825655
1400052009678957822	-0.004315757658	-0.03790833056	1.259966016
1400052009787750336	-0.006497227121	-0.03688507527	1.255696774
1400052009793585355	-0.00839884486	-0.032129094	1.251793861
1400052009888715734	-0.01130715944	-0.02374079265	1.248102784
1400052009896577607	-0.01645137928	-0.01563900337	1.24485445
1400052009991734772	-0.01625334471	-0.01230456028	1.242149353
1400052010027559022	-0.01434748713	-0.0100899674	1.239871621
1400052010132506184	-0.01381206326	-0.004069827497	1.238682628
1400052010140478790	-0.01069528889	0.004775888752	1.239198923
1400052010348379521	-0.002662321785	0.014639345	1.24667573
1400052010354256395	-0.01476371195	0.01397300139	1.253537893
1400052010446184752	-0.03568332642	0.01438657288	1.269231081
1400052010556193135	-0.03923267499	0.01850427501	1.276999712
1400052010658198140	-0.01673807576	0.02990261838	1.287451744
1400052010767056155	0.03288521245	0.03330379352	1.298891068
1400052010834849274	0.03995773569	0.02273588255	1.306085467
1400052010870855306	0.03696893528	0.006734403316	1.313153505
1400052010937819612	0.02775019966	-0.001716283034	1.320110202
1400052010974773988	0.01656527258	-0.006130916066	1.326728106
1400052011079703369	0.01041154843	-0.01298220456	1.331989169
1400052011094774736	0.007775099948	-0.01325077936	1.335567236
1400052011184643125	0.001862161793	-0.01011281367	1.337312698
1400052011295748719	-0.00674507767	-0.01586299017	1.337563276
1400052011301639549	-0.01385409571	-0.02549940534	1.336296439
1400052011346662265	-0.02404975891	-0.02912195399	1.333565593
1400052011395813516	-0.03576951846	-0.02421439998	1.329375267
1400052011500585344	-0.04315416142	-0.01450155489	1.323720455
1400052011520608103	-0.04722403362	-0.004030374344	1.317249179
1400052011607600465	-0.04986826703	-0.002849441255	1.311230898
1400052011720582684	-0.04483248293	-0.01188841555	1.30563736
1400052011726513955	-0.03522857651	-0.01800542884	1.300670028
1400052011783348498	-0.03072106838	-0.01403764542	1.296419144
1400052011819356891	-0.02991902269	-0.005298601929	1.293475389
1400052011887340559	-0.02294582129	-0.00120033347	1.292692065
1400052012008326866	-0.01463966817	-0.0008926020237	1.293225527
1400052012015275600	-0.01230573002	-0.005023407284	1.294816494
1400052012098321853	-0.009836663492	-0.01533508953	1.297876835
1400052012134332271	-0.007227675058	-0.02165818587	1.301204205
1400052012203173134	-0.007949083112	-0.01953516901	1.30461359
1400052012239093510	-0.005332939792	-0.01514674164	1.307726622
1400052012323084674	0.00128268206	-0.009980592877	1.309893847
1400052012398998137	0.01094765682	-0.002429472748	1.311956882
1400052012447924698	0.02140827291	0.003601532662	1.313343883
1400052012528983497	0.0306579452	0.003342128126	1.313457251
1400052012538014532	0.03866486624	-0.00306341541	1.314727902
1400052012619924319	0.0408780463	-0.004505277146	1.318443298
1400052012656920856	0.02988779545	0.0006210357533	1.32462728
1400052012761836328	0.0143827619	0.005521604791	1.332262754
1400052012776822186	0.007557506207	0.009555604309	1.339705229
1400052012866703381	0.0160138011	0.01154050883	1.345773578
1400052012934891476	0.02150053158	0.007375784218	1.350590825
1400052012970755058	0.007494613063	-0.003218362108	1.353452563
1400052013084082894	-0.02280111238	-0.01459033228	1.354947329
1400052013088584653	-0.05265947804	-0.01637972519	1.355653644
1400052013153569817	-0.0684171617	-0.006315865554	1.354863524
1400052013243570411	-0.07112790644	0.005222299602	1.353892207
1400052013258476598	-0.06184903532	0.01460778154	1.352110624
1400052013354475148	-0.05390967801	0.0214924328	1.349395752
1400052013390301500	-0.06537774205	0.02070422471	1.346400142
1400052013458230901	-0.08684309572	0.01685127988	1.343109369
1400052013494194857	-0.09859552979	0.001948488294	1.340856671
1400052013569373031	-0.09317202866	-0.01745283604	1.340553045
1400052013667257569	-0.07867179811	-0.02709968574	1.340419531
1400052013674218755	-0.06274451315	-0.0293438565	1.340829492
1400052013814122801	-0.04252747074	-0.03514901549	1.342663765
1400052013819944502	-0.02813542634	-0.04500755668	1.345174909
1400052013914058939	-0.01792867482	-0.04990015924	1.347844362
1400052013921010410	-0.006965202279	-0.04683915153	1.351262212
1400052013983991079	0.002297918312	-0.04093070328	1.356116891
1400052014088024997	0.01125478093	-0.03632749245	1.360924602
1400052014095823994	0.0175561402	-0.02936102822	1.364593863
1400052014185758726	0.01612082683	-0.02310428955	1.367434263
1400052014228871339	0.01624989323	-0.0153041007	1.37029326
1400052014333830149	0.02442714758	-0.00486140186	1.373590469
1400052014341796823	0.03458853438	0.002479708521	1.375769019
1400052014401783785	0.03325876966	0.00564929517	1.376835108
1400052014505777253	0.02104643174	0.01151078288	1.377120137
1400052014527696106	0.009235465899	0.01980946958	1.376876116
1400052014611573006	0.0004177093506	0.02841543593	1.375988722
1400052014647511922	-0.003591335844	0.0390625447	1.373977304
1400052014753554201	-0.001460761996	0.03957772627	1.370952368
1400052014760579796	-0.003080655588	0.03105504066	1.367249012
1400052014858331849	-0.01145661715	0.02288837545	1.363592625
1400052014926247027	-0.01415758859	0.01368939038	1.360419869
1400052014934261443	-0.0152665088	0.007480549626	1.357975483
1400052015030444676	-0.02301133052	0.00567451166	1.356447339
1400052015067270389	-0.03123163432	0.004114229698	1.355159998
1400052015172069459	-0.03157968447	0.002276407555	1.353342295
1400052015180115463	-0.02577883378	-0.002566452138	1.350566506
1400052015277018291	-0.02435167693	-0.01890661009	1.348915815
1400052015360966476	-0.02667791955	-0.0409815833	1.349436402
1400052015366928958	-0.02618957497	-0.05320513621	1.353688598
1400052015493854324	-0.01857268997	-0.05164108053	1.36090064
1400052015499824016	-0.005444054957	-0.04084471613	1.370787144
1400052015591825939	0.007718027569	-0.03076907992	1.382495403
1400052015599772312	0.01447701082	-0.0301316157	1.39449656
1400052015697729352	0.007798209321	-0.03418053687	1.405148149
1400052015764663038	-0.001141497516	-0.02951731533	1.41554451
1400052015780648086	-0.008834182285	-0.01740994677	1.42535615
1400052015913599029	-0.0249813702	-0.007846761495	1.433367133
1400052015919599938	-0.03718412295	0.0002765320241	1.438394189
1400052015976624342	-0.04081661254	0.009810493328	1.440887094
1400052016016528980	-0.03621758148	0.02464106865	1.4415797
1400052016081564085	-0.02450925298	0.03393604234	1.44078958
1400052016178461781	-0.01906660199	0.0332823433	1.43837595
1400052016195716811	-0.02328655124	0.02721839026	1.43465507
1400052016398227251	-0.03920737654	0.0001832768321	1.416669846
1400052016496399594	-0.03303863481	-0.006637547631	1.411424875
1400052016508192403	-0.0175340455	-0.01630729996	1.407073617
1400052016604291118	-0.004116244614	-0.02577238902	1.40243566
1400052016619193921	0.001820057747	-0.03040536493	1.397663832
1400052016696172832	-0.003978499211	-0.0309008304	1.394117951
1400052016745280947	-0.01744654961	-0.02656711265	1.391992807
1400052016850936231	-0.02797570638	-0.02602556162	1.391362548
1400052016857964363	-0.03279255331	-0.03120299801	1.391052842
1400052016955902335	-0.03319209069	-0.034197703	1.392151475
1400052017045788245	-0.03553427383	-0.03326739371	1.395475507
1400052017052723788	-0.04049571604	-0.03389532492	1.40051055
1400052017172734594	-0.03879515827	-0.03330362216	1.406787395
1400052017178719220	-0.0276782047	-0.03007359058	1.41348958
1400052017235859311	-0.01383686438	-0.02545720711	1.419103146
1400052017347724432	-0.0008137814002	-0.01861355267	1.424102187
1400052017353736909	0.01271852199	-0.01242227759	1.430438876
1400052017434567061	0.02393447235	-0.003671250073	1.437403202
1400052017480659944	0.03000967205	0.006744219922	1.444105268
1400052017599466249	0.03105263971	0.01293905824	1.449406266
1400052017605569882	0.03153492138	0.01634343527	1.452279568
1400052017692606843	0.03213267773	0.02026679181	1.452528238
1400052017700581117	0.02571799979	0.02155768126	1.450468779
1400052017798492947	0.01702876203	0.02166077308	1.447716236
1400052017868430229	0.01636470482	0.02256538346	1.443291426
1400052017879362133	0.01866845042	0.02737801895	1.437353253
1400052017972373010	0.01086972374	0.02762549743	1.430483222
1400052018008320901	0.002014406025	0.02190005407	1.423012614
1400052018112232962	-0.009671719745	0.01476795226	1.416522145
1400052018120253620	-0.02820081264	0.008797893301	1.411009073
1400052018183112394	-0.04749016091	0.008791742846	1.406340241
1400052018287032639	-0.06416700035	0.01347775571	1.402106047
1400052018293997166	-0.07606407255	0.01228034031	1.399432778
1400052018380919310	-0.07871857285	0.008668617345	1.397446871
1400052018427444456	-0.07404369861	0.001696010004	1.395919085
1400052018495811189	-0.0700956136	-0.005717735272	1.394986629
1400052018536771706	-0.07254480571	-0.01194245089	1.395237803
1400052018637722192	-0.0743091777	-0.01309236884	1.396521688
1400052018707779924	-0.06781284511	-0.01107302774	1.399720073
1400052018718863718	-0.06134520471	-0.01397529989	1.404438019
1400052018804664920	-0.04917662218	-0.02493752912	1.411880255
1400052018847733286	-0.02604661137	-0.03861252964	1.419555664
1400052018930615715	-0.007739535067	-0.0458406955	1.427008152
1400052019026755228	-0.004903226625	-0.04743108526	1.435145736
1400052019032737328	-0.01361905131	-0.04091661796	1.443355203
1400052019117498614	-0.01891660877	-0.026453536	1.450449944
1400052019160607801	-0.0126011353	-0.01645088382	1.45527494
1400052019272653723	-0.001543506514	-0.01323412824	1.45675981
1400052019279463572	0.01164160855	-0.008786679246	1.455705166
1400052019335426234	0.02110000327	-0.007260974962	1.453262329
1400052019484395146	0.02236208506	-0.006816162262	1.449323416
1400052019490306021	0.01975954697	-0.002258284017	1.443008065
1400052019550334663	0.01272621378	0.0003983639181	1.433821559
1400052019560458493	0.007218964398	-0.00063517323	1.424350381
1400052019645100040	0.007633401081	0.001051772619	1.416988611
1400052019687045161	0.005989862606	-0.0001730024815	1.412037849
1400052019792007858	-0.003011075081	-0.002651336836	1.408671379
1400052019800095094	-0.01498942729	-0.001102984184	1.405260444
1400052019896949695	-0.02020620741	0.005638282746	1.401622176
1400052019968995131	-0.01815512218	0.01573173702	1.397753477
1400052019976007323	-0.01534991153	0.02185688913	1.394839525
1400052020069789227	-0.01952787489	0.01690305397	1.393904567
1400052020105760146	-0.02489978634	0.006843113806	1.394415617
1400052020173742835	-0.02908069268	0.003845041851	1.396327376
1400052020284897083	-0.03117853217	0.004587636795	1.400073647
1400052020290720902	-0.03060227819	0.004990866408	1.405139923
1400052020426503111	-0.0277787298	0.004802376032	1.411658883
1400052020432649810	-0.02282404341	0.000150129199	1.417553544
1400052020505509956	-0.01710205339	-0.004682768602	1.420773625
1400052020532586866	-0.0154022919	-0.008123831823	1.42053318
1400052020594685076	-0.01963349059	-0.01103776228	1.41798377
1400052020633379629	-0.02248787694	-0.01039694529	1.413149953
1400052020702430333	-0.02327004448	-0.00965848472	1.407040477
1400052020793347314	-0.02423083037	-0.01525932737	1.400737524
1400052020842309469	-0.02402676083	-0.02305404842	1.393751383
1400052020910255496	-0.0197610762	-0.02740222029	1.386368632
1400052020946348199	-0.0131921405	-0.02659752592	1.379709125
1400052021051249335	-0.008461774327	-0.02606479451	1.374419212
1400052021059217335	-0.006455807947	-0.02009277418	1.370030522
1400052021224152082	-0.01131153107	-0.02119790204	1.367749095
1400052021238981794	-0.02117128111	-0.02724190056	1.370208979
1400052021328000085	-0.03028624691	-0.02407799847	1.37484324
1400052021363952463	-0.03684929386	-0.01596686803	1.38117373
1400052021433083332	-0.03488834947	-0.0116218878	1.390194178
1400052021531040324	-0.03232932091	-0.009913282469	1.401166916
1400052021549976773	-0.03559974208	-0.00987332128	1.413074017
1400052021684786480	-0.04123614356	-0.009373669513	1.424459457
1400052021690962057	-0.04345305637	-0.005815961398	1.434015274
1400052021788854609	-0.03991761059	0.002853907878	1.442157269
1400052021795938163	-0.03259536996	0.009331827052	1.44906354
1400052021851756285	-0.03083158657	0.009938850999	1.455494523
1400052021963570963	-0.03366480768	0.006744741462	1.461103082
1400052021969644603	-0.03207808733	0.004470773041	1.464601994
1400052022103575832	-0.02491607331	0.002739138668	1.464367151
1400052022110532707	-0.02198421024	0.005870752037	1.46056664
1400052022166516298	-0.02445497736	0.007940055802	1.454545975
1400052022203588304	-0.0257714875	0.005585833453	1.446975589
1400052022280416641	-0.02413255535	0.003541629761	1.438793302
1400052022382333931	-0.02122328244	0.0007004961953	1.430777907
1400052022388299222	-0.01704014651	-0.005675537977	1.423851609
1400052022479298054	-0.01012212224	-0.01659956761	1.419072628
1400052022494203346	0.0001467538386	-0.03126795962	1.414985895
1400052022599197910	0.003723484231	-0.04261427	1.410205007
1400052022620178478	-0.001453372533	-0.04681926593	1.40595293
1400052022687046518	-0.006821052171	-0.0417285189	1.404109597
1400052022835953284	-0.006182999816	-0.02787888423	1.403548121
1400052022842952211	0.004036457278	-0.0164844431	1.403572559
1400052022900002274	0.02004859224	-0.01169208251	1.403945565
1400052022914924300	0.02718985081	-0.0125004556	1.404565215
1400052023024964993	0.01713137887	-0.01191632729	1.405169964
1400052023039977344	-0.005266588647	-0.01038153283	1.406820297
1400052023108925429	-0.0254721567	-0.003133238759	1.409429908
1400052023212907485	-0.03435270116	0.009011573158	1.413569093
1400052023220720899	-0.03932889551	0.01852010936	1.41721344
1400052023316816991	-0.04556861147	0.02423547581	1.419073939
1400052023352817670	-0.05286552757	0.0268105343	1.420112371
1400052023465748319	-0.05996249616	0.02290239744	1.421551585
1400052023471766077	-0.06799583137	0.01463662926	1.423458099
1400052023566555265	-0.07235053927	0.006918333005	1.425678372
1400052023581481298	-0.06624487787	0.001883351477	1.428228974
1400052023636524143	-0.0531443134	-0.0009837934049	1.431469917
1400052023727352496	-0.03618203104	-0.00311445957	1.43526423
1400052023777283312	-0.0290702004	-0.003602806712	1.438890696
1400052023832276113	-0.02850320563	-0.002679083031	1.441413164
1400052023881271039	-0.02632306144	-0.003237472847	1.442548871
1400052023986302801	-0.01950659789	-0.005333998241	1.442858696
1400052023994478868	-0.01598913409	-0.00647202367	1.443297744
1400052024078326764	-0.01610477641	-0.005283682141	1.444584131
1400052024160172004	-0.01125363261	-0.005297061522	1.445728421
1400052024175157372	-0.01023854781	-0.01350833382	1.44585681
1400052024264207917	-0.009763067588	-0.02896704897	1.445285916
1400052024300144664	-0.004297391977	-0.04140992835	1.443122149
1400052024406063780	0.004743607249	-0.0443883054	1.439949393
1400052024481035395	0.01400164887	-0.04457013682	1.437061548
1400052024487373315	0.01129610278	-0.0401003398	1.43609488
1400052024584826346	0.001933094347	-0.03252190724	1.437240124
1400052024598901492	-0.00102721632	-0.03005131707	1.438688517
1400052024682673456	-0.002102661412	-0.02929293923	1.438592315
1400052024718660277	-0.004057663027	-0.02271670103	1.43759656
1400052024823644204	-0.008241793141	-0.009902644902	1.434966207
1400052024838605934	-0.01172059122	0.008570292033	1.430998325
1400052024895643887	-0.01022333186	0.02523388341	1.426413059
1400052024992525125	-0.01338140015	0.03151389956	1.421815991
1400052025035422588	-0.02404332533	0.03352278098	1.416098833
1400052025103489758	-0.03731124476	0.03527519852	1.409129262
1400052025139422012	-0.04817435518	0.03320943937	1.402231812
1400052025232403348	-0.05826374143	0.0264095515	1.396459103
1400052025313510106	-0.06915397197	0.01617935486	1.392397404
1400052025321440094	-0.07503324747	0.007367256563	1.38903749
1400052025464419548	-0.07051803172	-0.000766888319	1.386562467
1400052025470409375	-0.05642585829	-0.005272962153	1.384482384
1400052025530479623	-0.04355617985	-0.003782516113	1.383479118
1400052025563310163	-0.04358625785	-0.005993599538	1.385132194
1400052025668266937	-0.05114988983	-0.01736642048	1.390235543
1400052025676239389	-0.05622359738	-0.03072134405	1.398203611
1400052025752670563	-0.05566066131	-0.04422090948	1.408943653
1400052025844024742	-0.04733121023	-0.05230371282	1.420088291
1400052025859016244	-0.0338123925	-0.04731219262	1.430091739
1400052025934899137	-0.02780156396	-0.03329961374	1.438966513
1400052025983859409	-0.02873852849	-0.02369832247	1.445878267
1400052026051818978	-0.033230111	-0.02552166767	1.449747205
1400052026150843061	-0.03666815534	-0.02989721857	1.450814962
1400052026162814167	-0.03207921237	-0.02571226098	1.448659301
1400052026304682338	-0.02085061744	-0.01331428811	1.442142963
1400052026310649751	-0.008529077284	-0.0004506893747	1.432350874
1400052026365665792	-0.001812206116	0.004041273147	1.420214653
1400052026401574498	-3.030402877e-05	0.0006734170602	1.407636523
1400052026507487181	0.0003341574629	-0.005810442381	1.396407127
1400052026582531988	-0.002091321629	-0.01381492242	1.387308478
1400052026588424640	-0.003127880394	-0.0192192588	1.380621433
1400052026723313970	-0.0008148522465	-0.01685589552	1.377929688
1400052026729333835	0.0001592589833	-0.008414666168	1.379850626
1400052026827328915	0.001780057442	-0.002363207052	1.384386539
1400052026833278025	0.0029443081	-0.002467925427	1.390645862
1400052026878284206	-0.0003197293554	-0.003508925205	1.398197532
1400052026934265645	-0.006728982553	-0.004787377547	1.406858444
1400052026998194310	-0.007225784007	-0.002871301258	1.41636467
1400052027104143653	-0.001240151469	0.002691994887	1.425495744
1400052027120170811	0.001382446499	0.008790610358	1.433908463
1400052027250021560	-0.006305582821	0.01520267967	1.441354275
1400052027257036137	-0.01936144754	0.02094596252	1.446899891
1400052027348903777	-0.03034042008	0.02341731824	1.449656606
1400052027364163050	-0.0385088101	0.02227182314	1.450079918
1400052027419914235	-0.03973587602	0.02211148851	1.449449658
1400052027510849042	-0.0385783501	0.02241988853	1.449167728
1400052027565813162	-0.03571949154	0.01896163821	1.449774504
1400052027671779544	-0.03399759531	0.01177033409	1.450965405
1400052027678712074	-0.03614775464	0.007896214724	1.451230645
1400052027734693462	-0.04056079686	0.007572067436	1.448875427
1400052027774695291	-0.03971549496	-0.00117722922	1.444553733
1400052027839625605	-0.03126477823	-0.01888201013	1.439801574
1400052027931681721	-0.01909373701	-0.03434536606	1.435426235
1400052027979523227	-0.0102463495	-0.04393665865	1.432876825
1400052028059780999	-0.008534954861	-0.05141315609	1.433063865
1400052028086527824	-0.01609968767	-0.05833073705	1.435166478
1400052028191392112	-0.02695129067	-0.06042859703	1.438186884
1400052028199398056	-0.03410053626	-0.05461088568	1.441233635
1400052028259393341	-0.03447056562	-0.04849019274	1.445161104
1400052028363337959	-0.02962892875	-0.04762991145	1.45060575
1400052028379396143	-0.02877590433	-0.05140827596	1.455053568
1400052028468352366	-0.03567466512	-0.05629097298	1.457424879
1400052028504312911	-0.04742752388	-0.05352560058	1.458038449
1400052028608242447	-0.05920919403	-0.04243042693	1.456843376
1400052028616497823	-0.06431134045	-0.02916372381	1.455019593
1400052028693260440	-0.0606199801	-0.0193913281	1.453142285
1400052028824954320	-0.04638286307	-0.01067906804	1.449921489
1400052028831927992	-0.02604284324	0.006293435115	1.445321441
1400052028929880515	-0.006729338318	0.02728566155	1.439684749
1400052028935881299	0.01158664562	0.04345096648	1.433408022
1400052028992837078	0.02509714477	0.05284133554	1.426759481
1400052029103750164	0.02623034455	0.05602537841	1.420850873
1400052029109834409	0.01882588491	0.04913244769	1.414616346
1400052029244666946	0.01170492079	0.03846272826	1.40822053
1400052029250732646	0.01503353659	0.03218150139	1.402095556
1400052029307614459	0.02723555267	0.03091347776	1.397073746
1400052029343914892	0.0379011035	0.03060034662	1.393045902
1400052029411727943	0.03480744362	0.02457603067	1.389847159
1400052029530558722	0.01961286552	0.01270421874	1.3870399
1400052029539537167	0.003894767491	-0.0005131810904	1.385665417
1400052029668599862	-0.01210651919	-0.01400564983	1.386492014
1400052029674504754	-0.02390802465	-0.02283004485	1.388924718
1400052029774346133	-0.03235055506	-0.03530757502	1.393229008
1400052029780336002	-0.03588493168	-0.045335114	1.398108602
1400052029837573688	-0.03747250885	-0.04892147332	1.401933908
1400052029881414034	-0.04249617457	-0.05340968817	1.40564847
1400052029978223546	-0.05441449583	-0.05509290099	1.408020258
1400052030001197133	-0.06744974852	-0.05160415545	1.40868783
1400052030083108044	-0.08120683581	-0.0443014577	1.409486532
1400052030151096297	-0.09180191159	-0.0361812003	1.410530806
1400052030188089869	-0.08559112251	-0.02913573198	1.410536408
1400052030255998930	-0.06778409332	-0.02412733808	1.4104774
1400052030357967770	-0.05192202702	-0.02784054354	1.411863327
1400052030368992353	-0.04331050813	-0.03366113454	1.41454649
1400052030465892232	-0.04048210755	-0.02773731388	1.417464137
1400052030501896905	-0.03719546273	-0.01896326616	1.422442794
1400052030611808403	-0.0286862161	-0.02225142717	1.436840534
1400052030673755617	-0.01866848394	-0.03291641176	1.444679379
1400052030800624773	-0.008323865943	-0.04323921353	1.452687144
1400052030806727567	-0.0007450866397	-0.04270821065	1.460220098
1400052030886702438	0.006312679499	-0.02993907034	1.46838665
1400052030894656203	0.01422117278	-0.01745728031	1.476916432
1400052030983533352	0.02043683082	-0.01690695621	1.484730482
1400052031026686632	0.02698132209	-0.01955286972	1.491255522
1400052031132540710	0.03195773438	-0.009404436685	1.494342566
1400052031139513369	0.03595560417	0.009770191275	1.495585799
1400052031203597689	0.03584152088	0.02472008765	1.495545983
1400052031350523230	0.02926957048	0.03555789217	1.492309809
1400052031356454576	0.01997146755	0.03793716058	1.485155702
1400052031455510407	0.013946319	0.03424827382	1.474928856
1400052031461288994	0.006615896244	0.02497956343	1.462906957
1400052031505309164	-0.005715238396	0.01423350349	1.450503111
1400052031560164918	-0.01930730045	0.01301771682	1.438016415
1400052031659127017	-0.03349586204	0.01892977394	1.426001668
1400052031674101733	-0.04099723697	0.0241668243	1.415567994
1400052031764056090	-0.04199352115	0.02385426126	1.406840205
1400052031836195521	-0.04350316152	0.01982161961	1.39972055
1400052031869057034	-0.05028709397	0.01162738074	1.394004345
1400052031981050021	-0.05778769776	-0.00785137061	1.390002012
1400052031987099103	-0.05955276266	-0.03511542454	1.387242556
1400052032044465928	-0.0514850989	-0.05428146198	1.385990262
1400052032147753292	-0.03869818151	-0.04950275645	1.385568261
1400052032155811390	-0.03161406517	-0.03607276827	1.386109591
1400052032254805976	-0.02793065645	-0.0341887176	1.388873696
1400052032288721920	-0.02545053326	-0.04816674441	1.393982649
1400052032356748760	-0.01937019452	-0.06489371508	1.400712013
1400052032392713561	-0.01125779562	-0.06971058249	1.407669544
1400052032498844633	-0.004930315539	-0.06096277013	1.414853215
1400052032518745269	-0.001196943107	-0.04643583298	1.420272112
1400052032603645809	-0.001024516183	-0.03345816955	1.424393654
1400052032671626403	-0.0008369648713	-0.02262009494	1.427229166
1400052032707647191	-0.0002850346209	-0.01465273928	1.428518414
1400052032776737909	-0.003283246187	-0.008481302299	1.427594423
1400052032887645385	-0.00576941669	8.298456669e-05	1.42370224
1400052032893590067	-0.01162085123	0.01034852676	1.417908072
1400052033232123202	-0.05731641501	0.01525473874	1.400630236
1400052033240231340	-0.04258761555	0.01551002264	1.399715424
1400052033344175308	-0.03079981729	0.009962999262	1.398762584
1400052033405318529	-0.01554358099	0.002418859396	1.397966146
1400052033420306962	-0.004713217728	-0.008848357946	1.39754498
1400052033509064849	-0.008874328807	-0.02297418378	1.397481203
1400052033534058172	-0.01719036326	-0.03274434432	1.397685051
1400052033613009414	-0.015726896	-0.03567034379	1.397578239
1400052033714954782	-0.006248147693	-0.04030593112	1.397137642
1400052033725939979	-0.00101521262	-0.04593831301	1.397017002
1400052033865880624	-0.002796872752	-0.05346989632	1.39881289
1400052033871686584	-0.007542906329	-0.061839737	1.400800347
1400052033928863224	-0.01443518791	-0.06401064992	1.402555704
1400052033964793036	-0.02154456452	-0.05755556002	1.402926445
1400052034032718147	-0.01787662506	-0.04276993126	1.401940823
1400052034147648224	0.001962722512	-0.02791499533	1.400846958
1400052034153683055	0.01888197847	-0.01911528967	1.399854422
1400052034237590755	0.01717778295	-0.01227825601	1.399749994
1400052034281584281	0.008496467955	-0.003648872254	1.400990844
1400052034348571103	-0.0003673208121	0.00524370186	1.404511452
1400052034384546555	0.002668513916	0.01654545777	1.410280704
1400052034490395235	0.02098342031	0.02726381086	1.417379141
1400052034497349074	0.03072290123	0.02723268606	1.425523281
1400052034561332460	0.02099688165	0.01467915438	1.43435216
1400052034664256523	0.003983669449	-0.0006789565668	1.443222404
1400052034679316622	-0.002732382622	-0.004578012042	1.452163339
1400052034814285357	-0.004159148782	-0.00285438844	1.460057855
1400052034820274583	-0.009950753301	-0.003706804477	1.466710687
1400052034912975269	-0.01996118762	-0.007263372187	1.472532988
1400052034920984674	-0.02265404351	-0.01006661635	1.476913452
1400052035016995781	-0.02183786035	-0.01953371428	1.47881794
1400052035087068249	-0.03044405393	-0.03845484555	1.479995966
1400052035099091525	-0.03912186995	-0.05268140137	1.480503201
1400052035233951612	-0.04159570858	-0.05650890619	1.480232596
1400052035240962779	-0.0435972698	-0.05100264773	1.478894949
1400052035340825174	-0.04885390028	-0.04240258783	1.476235867
1400052035346908146	-0.05654168874	-0.04014692083	1.471551418
1400052035403744195	-0.05868245289	-0.04193179309	1.46554935
1400052035501835834	-0.0489398092	-0.04046776146	1.459250689
1400052035522768097	-0.03031761944	-0.0337042287	1.453302383
1400052035612792964	-0.01332192961	-0.02173694968	1.448676229
1400052035648648640	-0.008693302982	-0.003330836538	1.446617246
1400052035716513446	-0.008258235641	0.00615827553	1.447154403
1400052035752526652	-0.008711121045	0.004864752758	1.450452685
1400052035821444629	-0.004102696199	0.001689785044	1.455149174
1400052035928477737	0.00445318874	0.001903229626	1.458779454
1400052035935553718	0.006377972197	0.005417448003	1.459477901
1400052036029507744	0.005349099636	0.007689052727	1.45542109
1400052036065503713	0.003515678691	0.001244381419	1.448261023
1400052036171409856	-0.002428171458	-0.01002804935	1.439200163
1400052036178369308	-0.009422539733	-0.02135048993	1.430069923
1400052036242346704	-0.01085213106	-0.03162686527	1.421064258
1400052036346136146	-0.01341596618	-0.03773071244	1.413904667
1400052036353106112	-0.01840171032	-0.04129637405	1.410116553
1400052036494143714	-0.02297820151	-0.04053034633	1.409790158
1400052036500163686	-0.02417267114	-0.03286448121	1.414116502
1400052036592151785	-0.02636837587	-0.02604993433	1.42298615
1400052036600109186	-0.02861560881	-0.02244020067	1.436074376
1400052036696884624	-0.03117981739	-0.02299596183	1.451816797
1400052036764821844	-0.03717618436	-0.02342889272	1.468536735
1400052036800816121	-0.04250099882	-0.01653213985	1.484702706
1400052036869928579	-0.05377881229	-0.004851280246	1.498065233
1400052036905918375	-0.06932384521	0.009861845523	1.506700397
1400052036967826808	-0.0805215463	0.01971609145	1.509892702
1400052037084610208	-0.07587835938	0.02381227165	1.508473396
1400052037091598205	-0.05795343965	0.02586950548	1.504453778
1400052037226637393	-0.03842501715	0.03267886117	1.499459624
1400052037232647256	-0.02898378856	0.03774168715	1.494330287
1400052037289829167	-0.0305824019	0.03392865881	1.489404678
1400052037325480505	-0.03706571832	0.02553891763	1.484423995
1400052037430537097	-0.0393730402	0.01765215024	1.477880597
1400052037438705383	-0.03274099156	0.006968718488	1.47061646
1400052037501435005	-0.02367600054	0.003502327716	1.461666346
1400052037605447015	-0.01457651705	0.001940292539	1.452546835
1400052037620367896	-0.003143355483	-0.001697939704	1.443282604
1400052037703316873	0.0114514567	-0.006969854701	1.432890177
1400052037745468181	0.03245155141	-0.01535298862	1.421919465
1400052037813261253	0.04820227996	-0.02627339214	1.411616206
1400052037912206742	0.04923842475	-0.03348325938	1.40275383
1400052037925233730	0.03857452422	-0.03168621659	1.395983934
1400052038066077432	0.01939979196	-0.02611491457	1.392708302
1400052038072069325	0.005550780799	-0.02013260312	1.392130613
1400052038171091772	-0.000777897425	-0.0151474122	1.393466115
1400052038176948720	-0.004815555178	-0.01253096573	1.397507548
1400052038271044143	-0.008375775069	-0.0160070695	1.403300166
1400052038279058837	-0.009479041211	-0.02660199255	1.41052711
1400052038376858947	-0.01169142593	-0.03387211636	1.418415666
1400052038555702730	-0.03141564876	-0.01605405658	1.442590952
1400052038585827246	-0.04207129404	-0.002341429004	1.450870037
1400052038653643248	-0.04864475504	0.006594325881	1.457079887
1400052038768657443	-0.04757864401	0.00520174671	1.460868597
1400052038775631216	-0.04679266736	-0.0003181919456	1.461959243
1400052038858634621	-0.05126944184	-0.005131445825	1.460132122
1400052038873592826	-0.0562055856	-0.0008779318305	1.45511806
1400052038969605775	-0.05991820619	0.009486914612	1.448899031
1400052039005412521	-0.05706238002	0.01670142077	1.442523479
1400052039110532682	-0.0456622839	0.01581095159	1.436203122
1400052039118406671	-0.02678312175	0.005690046586	1.431262851
1400052039182260492	-0.006935547106	-0.002783283358	1.427116394
1400052039285325501	0.007464510854	-0.003387819044	1.424206614
1400052039322176739	0.005794660654	0.0001080445945	1.420980453
1400052039390205619	-0.004721749108	0.005795686506	1.416939497
1400052039426228318	-0.01312980242	0.005010197405	1.411395073
1400052039495628594	-0.01709474809	-0.002612754004	1.403820992
1400052039535980238	-0.01615027338	-0.01169654541	1.396413445
1400052039636102885	-0.01451204158	-0.01603782736	1.390427589
1400052039704983619	-0.008593961596	-0.01587055251	1.386737347
1400052039719882542	-0.0005361675285	-0.01814370602	1.38618207
1400052039808951567	0.004152010195	-0.02347979136	1.388517499
1400052039844907940	0.00450723758	-0.03426171094	1.394187808
1400052039950741749	0.002076116158	-0.04608503357	1.401895761
1400052039957729976	-0.004773877561	-0.05280133337	1.409749031
1400052040034827108	-0.01158928871	-0.05082911626	1.417188644
1400052040167656686	-0.01483287383	-0.0396158807	1.423240423
1400052040173676367	-0.01466879062	-0.02658079751	1.427698851
1400052040230616886	-0.01864781044	-0.01761958189	1.429733992
1400052040266667395	-0.02912856266	-0.01198456436	1.429240227
1400052040371569116	-0.04103775695	-0.004442596342	1.426025867
1400052040379569216	-0.05019564554	0.004446435254	1.421483159
1400052040439423076	-0.05519890785	0.01349048596	1.416229367
1400052040569466247	-0.05614270642	0.01888457872	1.411284328
1400052040579425610	-0.04859985784	0.0178353861	1.407561064
1400052040694399033	-0.03386364132	0.01588707231	1.405242443
1400052040700263809	-0.01936075091	0.01360523235	1.403973341
1400052040744314369	-0.0100812111	0.009408378042	1.403670907
1400052040793190952	-0.004579302389	0.005233780947	1.405433297
1400052040899149641	-0.002326276386	-0.0007225834415	1.408644199
1400052040914176881	-0.005726962816	-0.009769194759	1.413239717
1400052041004219704	-0.009176027961	-0.01702684723	1.419539452
1400052041074988321	-0.01196618471	-0.02173321135	1.427135825
1400052041109207744	-0.01616532542	-0.0243817009	1.434921384
1400052041221001802	-0.01490008086	-0.02640657872	1.442491531
1400052041226956309	-0.008837452158	-0.02976245061	1.449574471
1400052041284083329	-0.005254751071	-0.02759319916	1.45470643
1400052041391884009	-0.01227881014	-0.01801903173	1.458093286
1400052041399942677	-0.02333139628	-0.008513472974	1.459413528
1400052041541791190	-0.02577171661	-0.001112513477	1.458130956
1400052041550721561	-0.02254150435	0.003913561348	1.454837561
1400052041646717903	-0.01657020673	0.004331028555	1.449619055
1400052041652710670	-0.01289092191	0.0002732612193	1.443622351
1400052041744609714	-0.01476544887	0.001701504807	1.43634522
1400052041759524127	-0.02362729795	0.0009776131483	1.428646326
1400052041834390922	-0.03363443166	-0.008515028283	1.421751142
1400052041961509193	-0.03726056591	-0.01380391326	1.415314913
1400052041967513295	-0.03291290626	-0.009185747243	1.409581661
1400052042024414415	-0.024722673	0.000237096101	1.405537963
1400052042060370527	-0.01727354899	0.007628835272	1.403380513
1400052042128418802	-0.01650860719	0.007895149291	1.402401447
1400052042240223137	-0.02261488512	0.006795208901	1.400455713
1400052042246317522	-0.02422205545	0.004666401073	1.39771843
1400052042381313430	-0.01666936465	-0.003248440335	1.393695831
1400052042387155121	-0.003824667074	-0.01649231836	1.388481855
1400052042444191676	0.004250704776	-0.03296035901	1.383034706
1400052042480341192	-2.194130684e-05	-0.04458720237	1.378279686
1400052042555030085	-0.01306159887	-0.04265213758	1.376632452
1400052042696988204	-0.0197318662	-0.03226387501	1.378790975
1400052042703007170	-0.01288872771	-0.02536375076	1.384207487
1400052042718023127	-5.585889448e-05	-0.03132622689	1.39200747
1400052042794782026	0.008110568859	-0.04422756284	1.399900317
1400052042862679038	0.006631759461	-0.0543198213	1.407886505
1400052042898731052	-0.004971746355	-0.05754627287	1.414358616
1400052043004776633	-0.01932653412	-0.05080662295	1.418460369
1400052043019776219	-0.02346409857	-0.03453906626	1.419655323
1400052043109765664	-0.01545277331	-0.01918774471	1.419513226
1400052043177446453	-0.002903532237	-0.01283186302	1.417312622
1400052043213609239	0.0002059947146	-0.01687803119	1.413777471
1400052043281567516	-0.007651668973	-0.0214937292	1.40991044
1400052043317632341	-0.02367378958	-0.0179513786	1.406629801
1400052043423492303	-0.03574411944	-0.008593408391	1.404999018
1400052043438502597	-0.04071079567	0.003233471885	1.405158758
1400052043532405884	-0.03968245164	0.01554678008	1.406872749
1400052043642385448	-0.0389441438	0.02339893952	1.409890652
1400052043648304159	-0.04432929307	0.02239349298	1.41422534
1400052043718123771	-0.05472913012	0.01330530457	1.418728828
1400052043739174421	-0.0622737892	0.0004936233163	1.422300339
1400052043807111537	-0.06517292559	-0.009815697558	1.424804211
1400052043922033193	-0.06501539052	-0.01404931024	1.426159382
1400052043929008002	-0.05780470744	-0.01178155933	1.426140547
1400052044061981271	-0.03972774372	-0.007501210552	1.424885154
1400052044069091940	-0.01826372184	-0.01193629578	1.423920751
1400052044128085430	-0.006453356706	-0.01745284908	1.421976805
1400052044162007979	-0.009210241958	-0.01214484591	1.41821301
1400052044229047787	-0.01663810015	-0.0002478100359	1.413395762
1400052044377916640	-0.01718922704	0.006702216342	1.409695864
1400052044384836192	-0.005734180566	0.009791083634	1.40687871
1400052044441885853	0.01013677381	0.01232305821	1.404251099
1400052044456878687	0.01710631512	0.00899280794	1.402332544
1400052044551735294	0.0177181717	-0.002435876522	1.401731491
1400052044581688769	0.01129136514	-0.01711979508	1.404343128
1400052044674621639	0.003403247567	-0.02787792869	1.411174536
1400052044693715830	0.004410464782	-0.02631400526	1.420948863
1400052044753577182	0.01059311628	-0.02030182071	1.431098461
1400052044858425881	0.01728448085	-0.01075710077	1.440257907
1400052044873570679	0.01986189932	-0.004881287925	1.448538542
1400052044984676903	0.01606171019	-0.007845487446	1.455565691
1400052044998578734	0.005849563051	-0.01345268451	1.460756183
1400052045081499089	-0.0114389779	-0.01560139284	1.46259582
1400052045215366335	-0.02541050874	-0.01558787748	1.461454988
1400052045222333684	-0.0249998197	-0.01906955801	1.460020065
1400052045237271089	-0.01739202067	-0.02306998894	1.45775497
1400052045314269371	-0.01097157225	-0.02296203934	1.453452587
1400052045383162434	-0.009442224167	-0.01610490493	1.446172714
1400052045419207798	-0.01368931867	-0.004117317963	1.435425639
1400052045486990947	-0.02321714908	0.008077653125	1.424318075
1400052045584944522	-0.03716044873	0.01325466577	1.413511872
1400052045592934334	-0.04839004204	0.009608282708	1.402525544
1400052045686066244	-0.04770146683	0.003807330504	1.391681314
1400052045732064951	-0.02944317646	-0.005106439814	1.38084197
1400052045844828989	-0.007173355669	-0.01569469832	1.369941592
1400052045850819737	0.003321076976	-0.02568783797	1.359805584
1400052045907814826	-0.002664381871	-0.03255164251	1.349957347
1400052046011847718	-0.01876535639	-0.03348328173	1.342501163
1400052046019837521	-0.02981401049	-0.02801348455	1.335923672
1400052046160736791	-0.0293269828	-0.01891825348	1.329990864
1400052046166719892	-0.02223873883	-0.01941153221	1.326454639
1400052046230725946	-0.02113832161	-0.02718159743	1.32593441
1400052046257647094	-0.0197631456	-0.03279463947	1.328499556
1400052046335549667	-0.01684356667	-0.03482192382	1.333509088
1400052046474491706	-0.009566374123	-0.0327809602	1.340732813
1400052046480446499	0.001175045269	-0.02964912914	1.34954524
1400052046555311053	0.003511839313	-0.02887975238	1.358731508
1400052046564555009	-0.005609097891	-0.0289246738	1.36774826
1400052046630311111	-0.01584825665	-0.02593237534	1.375725985
1400052046679377660	-0.02113775536	-0.01989597268	1.382457018
1400052046784363384	-0.02223707177	-0.01106788311	1.386512518
1400052046859351800	-0.02624522708	-0.0001524202526	1.387145162
1400052046865293688	-0.03420477733	0.01198649779	1.385916471
1400052047001230151	-0.0404394865	0.01749262027	1.383492351
1400052047007263841	-0.04238571599	0.01328224596	1.379961371
1400052047064217534	-0.04047949612	0.01033616625	1.374874115
1400052047100114762	-0.03009675443	0.01805355586	1.368225813
1400052047169023885	-0.01965116151	0.02718700841	1.35991919
1400052047279836936	-0.01142226532	0.03119215928	1.351052761
1400052047285819563	-0.005345741753	0.03074782528	1.341712952
1400052047377765215	0.0005651279353	0.02708431333	1.33310473
1400052047412914681	0.00841263961	0.01865561493	1.326164126
1400052047481839902	0.01223982777	0.01023062319	1.322850585
1400052047523744308	0.01043724734	0.002569555305	1.323868513
1400052047585744242	0.002823323011	-0.005045074038	1.328112721
1400052047749647993	-0.001219361904	-0.009848176502	1.334414363
1400052047755629460	0.004311518278	-0.01477290969	1.341547012
1400052047763522350	0.0145172663	-0.02527858503	1.34969914
1400052047835610331	0.02188041247	-0.0347722955	1.357787132
1400052047891685072	0.01867103763	-0.03765638173	1.366066813
1400052047948397785	0.007565360051	-0.03478004783	1.3735497
1400052048046442624	-0.00420590071	-0.03066375852	1.379204035
1400052048053496590	-0.01133585349	-0.02678545378	1.382627249
1400052048113502324	-0.01409820188	-0.02251776867	1.383572102
1400052048262395071	-0.01312226616	-0.01838180609	1.382840872
1400052048268359479	-0.01317452267	-0.02121658064	1.38165164
1400052048368294180	-0.01805171929	-0.03030739911	1.381975651
1400052048374315794	-0.03020291217	-0.03673797101	1.383953691
1400052048419352617	-0.03848180175	-0.04310210794	1.386806607
1400052048475219887	-0.03873537481	-0.04936647415	1.389577508
1400052048542179166	-0.03699709475	-0.04921518639	1.392642617
1400052048640079023	-0.03799176961	-0.04234419763	1.396013379
1400052048655245540	-0.04007657617	-0.03029547818	1.399248004
1400052048787988818	-0.04051786661	-0.01638340577	1.40173912
1400052048794959839	-0.02875213139	-0.01066231076	1.404025197
1400052048885928054	-0.01150960848	-0.01427231357	1.405096889
1400052048893944787	0.003659679322	-0.02605462447	1.403512716
1400052048953917214	0.011960309	-0.03653309867	1.400551081
1400052049057888997	0.01261074655	-0.03670128435	1.397532344
1400052049073865130	0.004798582289	-0.03179260716	1.396440625
1400052049206737407	0.0007114321925	-0.02822928503	1.39601326
1400052049212810185	0.008676037192	-0.02559498325	1.395678163
1400052049259753775	0.01778607629	-0.02260115929	1.394442439
1400052049313710529	0.01785099879	-0.009716460481	1.392632008
1400052049409685054	0.01203237474	0.01252268162	1.390725613
1400052049478578014	0.008050069213	0.02715244703	1.388334036
1400052049493540641	0.00231130654	0.02802479081	1.386241913
1400052049626446064	-0.005089448765	0.02622367814	1.383559823
1400052049632428996	-0.01032383554	0.02133070305	1.381131411
1400052049689311828	-0.01094020344	0.01412350684	1.378474832
1400052049815402937	-0.007429294754	0.01083953679	1.375541925
1400052049821343394	-0.008591409773	0.009186963551	1.371860027
1400052049897295457	-0.01723665372	0.006386837456	1.369125485
1400052049934270625	-0.03017012589	0.009706418961	1.366433978
1400052050024283911	-0.03848762438	0.01899974421	1.363133311
1400052050038256167	-0.04600851238	0.02454470284	1.360810399
1400052050107230137	-0.05248730257	0.0198053252	1.359981298
1400052050211186993	-0.05424854159	-0.001719069551	1.359087706
1400052050219091723	-0.05075998604	-0.02676094696	1.359380007
1400052050325020348	-0.04638586193	-0.03798263147	1.361315131
1400052050351979285	-0.04047912732	-0.03273246437	1.365577102
1400052050419942998	-0.03307284042	-0.01975848526	1.37064147
1400052050455978640	-0.02661677822	-0.01701985858	1.37598753
1400052050533992737	-0.02505150251	-0.0302014444	1.381414056
1400052050618850988	-0.02170982771	-0.04856839031	1.386027217
1400052050667838080	-0.01515217591	-0.05788622797	1.389302373
1400052050735636255	-0.006611044053	-0.05700495839	1.389971495
1400052050771670573	0.001077662339	-0.04943262786	1.388068914
1400052050883519205	0.02062517591	-0.03032731451	1.377747059
1400052050981540484	0.02476632595	-0.02432625555	1.369853377
1400052050996773576	0.01773143373	-0.02156835049	1.360628128
1400052051087469332	0.005960942246	-0.01836478524	1.351015329
1400052051155589655	-0.002034520498	-0.01132812351	1.341026425
1400052051192492995	-0.002293865662	-0.00638014311	1.329958797
1400052051260477279	0.003470811294	-0.005263097584	1.319867492
1400052051296503650	0.004229923245	-0.003902806668	1.311193466
1400052051378277623	-8.689683568e-07	0.002354046563	1.304912806
1400052051469235105	-0.001180581399	0.01196735259	1.301077962
1400052051477297530	0.003066619858	0.01744650118	1.29777503
1400052051580501532	0.01226730365	0.01746832766	1.295486212
1400052051594284598	0.01575163007	0.0174556151	1.293407679
1400052051678173400	0.01304063853	0.01892986335	1.291830063
1400052051714143357	0.005572061054	0.02487622388	1.291370153
1400052051819181737	-0.004143140279	0.02888105996	1.292562842
1400052051834052681	-0.01261092816	0.02761491761	1.294983864
1400052051925034676	-0.01615642384	0.0233202707	1.297420263
1400052052037906355	-0.01617599092	0.01885141619	1.298286676
1400052052043929151	-0.01631096192	0.01328375097	1.297227859
1400052052100903698	-0.02564544231	0.006259497255	1.294834256
1400052052136925288	-0.03579959646	0.0001955218613	1.290540695
1400052052204847466	-0.03980086371	-0.002348629991	1.284677029
1400052052319787577	-0.03880764917	0.006895529572	1.276316643
1400052052325815544	-0.03707845137	0.01996785775	1.266262174
1400052052413637596	-0.03166557848	0.02193630114	1.255220294
1400052052449702664	-0.0245463457	0.01494104508	1.244705677
1400052052565695575	-0.01762905158	0.002025210764	1.234421134
1400052052574634586	-0.01208943035	-0.01746411622	1.224281549
1400052052663558169	-0.003490281524	-0.04020532593	1.21572876
1400052052678559569	0.009055520408	-0.05577056855	1.210502744
1400052052748509819	0.01935185678	-0.05965834111	1.208886743
1400052052879544497	0.02629595809	-0.05587674677	1.210100412
1400052052885390542	0.03202282265	-0.04867099598	1.214185953
1400052052963292169	0.02683285438	-0.04172556102	1.221283674
1400052052977284846	0.01489897631	-0.03459494188	1.23020947
1400052053161263014	-0.002635074547	-0.02581437677	1.246513844
1400052053167187426	-0.01389166433	-0.02067419887	1.253880978
1400052053264096064	-0.02577259764	-0.01735716313	1.260611057
1400052053293089344	-0.03756941855	-0.01621817239	1.266578436
1400052053403941282	-0.04815986007	-0.01410513371	1.272521734
1400052053410168098	-0.06217318401	-0.01298791543	1.278681874
1400052053454970164	-0.07149580121	-0.01464013383	1.284954667
1400052053615785669	-0.06652720273	-0.01998151094	1.291393042
1400052053621717965	-0.05070967972	-0.02638103068	1.297324657
1400052053678970237	-0.03219945729	-0.02662209049	1.302226782
1400052053694082318	-0.01952583157	-0.01880446263	1.306844711
1400052053782695726	-0.01307325345	-0.005136305466	1.310305476
1400052053819805772	-0.01299165562	0.005849000067	1.312591076
1400052053887709328	-0.01338900067	0.004046183079	1.312996149
1400052053998701530	-0.007417081855	-0.008008334786	1.311682701
1400052054004483735	-0.0004090353032	-0.02256898396	1.308807611
1400052054099464348	0.003758567618	-0.0327215381	1.304581881
1400052054114595109	0.009004019201	-0.02875449508	1.300303221
1400052054202558424	0.01313665975	-0.01798232272	1.297369838
1400052054238532533	0.0127981985	-0.009655254893	1.29474926
1400052054307297819	0.005820301361	-0.005766539369	1.291923285
1400052054421344478	-0.006027914584	-0.005765239242	1.288384438
1400052054427368028	-0.01490354817	-0.01000179816	1.284250379
1400052054503280402	-0.01682506129	-0.01213274151	1.279247999
1400052054558258658	-0.01532449387	-0.01166515797	1.27287364
1400052054665230052	-0.01419517584	-0.01099005528	1.264641404
1400052054671117948	-0.0156093929	-0.01039212663	1.254455566
1400052054728207844	-0.01976392604	-0.005890621338	1.243828535
1400052054877127012	-0.03180103004	-0.001857710187	1.234425902
1400052054882988331	-0.04499780759	0.001343172393	1.226651907
1400052054898029705	-0.05371933803	0.006274495274	1.220494986
1400052054974021872	-0.05617340282	0.01181080844	1.216554642
1400052055042991254	-0.05327742547	0.01674278826	1.213750362
1400052055078972776	-0.04805384204	0.01974294521	1.211136103
1400052055261804804	-0.02267391235	0.01542108878	1.207768202
1400052055267823453	-0.006439804565	0.003812296316	1.206707716
1400052055404639772	0.009195557795	-0.003205733374	1.206289053
1400052055410688568	0.01563927345	-0.003405836411	1.206040382
1400052055508486923	0.01410275791	0.000388674438	1.206803083
1400052055514580760	0.009557857178	0.005629234016	1.208012819
1400052055578498117	0.004626166075	0.01341484487	1.209384441
1400052055683493567	-0.0007894124719	0.016154835	1.212032676
1400052055689478783	-0.001746630878	0.007389165461	1.215721726
1400052055824272431	0.003478861647	-0.007562281098	1.219567537
1400052055830234301	0.01260543801	-0.01875247248	1.223219991
1400052055903206770	0.01713779196	-0.02730395459	1.225183606
1400052055924188649	0.00718303211	-0.03557692841	1.227526188
1400052055992107603	-0.008701279759	-0.04058871791	1.229516745
1400052056107099226	-0.02614749223	-0.04469761625	1.231078625
1400052056113066718	-0.04164334387	-0.05101333931	1.231763005
1400052056202034442	-0.04291890189	-0.05223523453	1.231343031
1400052056217991042	-0.03116612881	-0.04278375953	1.229504347
1400052056310944535	-0.02085051127	-0.02684979886	1.227531433
1400052056345926985	-0.01539882086	-0.01762527414	1.227229595
1400052056449876921	-0.01332166698	-0.01613829099	1.227153301
1400052056457815739	-0.01307972614	-0.015036745	1.225847363
1400052056561742241	-0.01169705298	-0.01193264313	1.22467804
1400052056667674374	-0.004880290944	-0.0126481913	1.224183321
1400052056674630671	0.005272885785	-0.01505494956	1.222175598
1400052056775722385	0.01070257183	-0.01320588402	1.218796253
1400052056781635438	0.01449003909	-0.006724535022	1.215357542
1400052056881606184	0.01375854574	0.0006103739724	1.211226225
1400052056887619681	-0.0009879373247	0.004999390338	1.20531249
1400052056959111568	-0.02414020896	0.001163196051	1.197538972
1400052057050402094	-0.04242701083	0.003658902599	1.18805778
1400052057058422068	-0.0441108942	7.006898522e-05	1.184664249
1400052057147340826	-0.03360649198	-0.01347127091	1.195922971
1400052057189350885	-0.03646130115	-0.01981114224	1.203496933
1400052057257283172	-0.0323997438	-0.01770253852	1.203855753
1400052057294172315	-0.01929397322	-0.02225532383	1.201130152
1400052057362492172	-0.007954877801	-0.03039289638	1.198393583
1400052057469312554	-0.009345391765	-0.03068584017	1.195768118
1400052057477307383	-0.009858856909	-0.02917697281	1.193023443
1400052057577287777	-0.008723794483	-0.03000142053	1.190373421
1400052057607262592	-0.008952889591	-0.03015859984	1.187688708
1400052057675148721	-0.008758543059	-0.03047348745	1.185013056
1400052057786162238	-0.008522875607	-0.03080924228	1.182606578
1400052057792174968	-0.008732405491	-0.03121272288	1.179776549
1400052057883150732	-0.008537125774	-0.03143386915	1.177192688
1400052057898976821	-0.008785013109	-0.03183754534	1.174633622
1400052057989966848	-0.008679355495	-0.03173692152	1.171966553
1400052058023947234	-0.008553205989	-0.03180865943	1.169719458
1400052058078948488	-0.008537233807	-0.03195944056	1.166844606
1400052058135895262	-0.00856317021	-0.03212515637	1.164323807
1400052058232822236	-0.008547060192	-0.03224735707	1.161848068
1400052058287785658	-0.008489328437	-0.03240206838	1.159297705
1400052058336747019	-0.008432036266	-0.03246562183	1.15703702
1400052058392692508	-0.008430100046	-0.03251353279	1.154389143
1400052058441634908	-0.008361624554	-0.03263802454	1.151856542
1400052058499632941	-0.00834519323	-0.03268686682	1.149279833
1400052058559508999	-0.008346755989	-0.03268407285	1.146898389
1400052058650513579	-0.008320542052	-0.03271339834	1.144735694
1400052058706449675	-0.008138182573	-0.03277667239	1.141986251
1400052058755408769	-0.008141148835	-0.03289667517	1.139532924
1400052058810201901	-0.008171032183	-0.03301981091	1.137215495
1400052058859399345	-0.008116072044	-0.03291374445	1.134764194
1400052058915304852	-0.00805964414	-0.03314377367	1.13243866
1400052058971153277	-0.008114986122	-0.03313018009	1.129934788
1400052059068294517	-0.007946339436	-0.03324571624	1.127586842
1400052059123212368	-0.008025910705	-0.03327829391	1.125241756
1400052059172279051	-0.007861677557	-0.03314584866	1.110041618
1400052059228174900	-0.007922612131	-0.03307048604	1.091387391
1400052059277135945	-0.007814547047	-0.03290091828	1.071777582
1400052059332217201	-0.007794254925	-0.03282660246	1.053946853
1400052059458904305	-0.007702586707	-0.03278453276	1.03619957
1400052059465966062	-0.007668420207	-0.03266617656	1.018787265
1400052059559858637	-0.007594922557	-0.03262475133	1.003053308
1400052059573881840	-0.00755847618	-0.0325846076	0.9865239859
1400052059657821891	-0.007527287118	-0.03258074448	0.9716545343
1400052059693878557	-0.007489918265	-0.03258452937	0.957182765
1400052059761759605	-0.007509147748	-0.03258724511	0.9430677891
1400052059866779855	-0.007491416298	-0.03262724355	0.9304124117
1400052059874775126	-0.007511036005	-0.03263501078	0.916683197
1400052059973641844	-0.007486622781	-0.03271275014	0.9045774341
1400052060006675504	-0.007453416474	-0.03275254369	0.8930180073
1400052060074619373	-0.007435180247	-0.0328348577	0.8814314604
1400052060185490371	-0.007425650023	-0.03293574229	0.8710703254
1400052060192481152	-0.007424233481	-0.03298780695	0.860278666
1400052060270505700	-0.007421613205	-0.03309853002	0.8505145311
1400052060319424694	-0.007406317163	-0.03321329504	0.8411095738
1400052060375339954	-0.0073729828	-0.03331232816	0.8316588402
1400052060424407289	-0.007357690018	-0.03342674673	0.8230366707
1400052060482353327	-0.007316926494	-0.03355598822	0.8139814734
1400052060533178459	-0.007278624456	-0.03368830308	0.8058804274
1400052060632211371	-0.007263051346	-0.03377961367	0.7979280949
1400052060688199237	-0.007216854021	-0.03390675038	0.7901537418
1400052060736993936	-0.007194969803	-0.03403978795	0.783141613
1400052060793113549	-0.00711820554	-0.03416874632	0.7758024931
1400052060841995055	-0.007034484297	-0.0343166925	0.76919204
1400052060897082061	-0.006974024232	-0.03443584591	0.7627165914
1400052060954082315	-0.006935485639	-0.03458400443	0.7565665841
