#Time	 SERVO_1	 SERVO_2	 SERVO_3	 SERVO_4
1399435192312456608	1175	1175	1175	1175
1399435192344541917	1175	1175	1175	1175
1399435192418237386	1175	1175	1175	1175
1399435192435311677	1175	1175	1175	1175
1399435192481237158	1175	1175	1175	1175
1399435192497212400	1175	1175	1175	1175
1399435192573232465	1175	1175	1175	1175
1399435192635190692	1175	1175	1175	1175
1399435192690109030	1175	1175	1175	1175
1399435192710140492	1175	1175	1175	1175
1399435192727099976	1175	1175	1175	1175
1399435192792154665	1175	1175	1175	1175
1399435192810039197	1175	1175	1175	1175
1399435192843124159	1175	1175	1175	1175
1399435192954037987	1175	1175	1175	1175
1399435192970021204	1175	1175	1175	1175
1399435192987000575	1175	1175	1175	1175
1399435193016004194	1175	1175	1175	1175
1399435193042991061	1175	1175	1175	1175
1399435193141916496	1175	1175	1175	1175
1399435193163937605	1175	1175	1175	1175
1399435193202930697	1175	1175	1175	1175
1399435193243905587	1175	1175	1175	1175
1399435193308818229	1175	1175	1175	1175
1399435193361860733	1175	1175	1175	1175
1399435193377833592	1175	1175	1175	1175
1399435193404795728	1175	1175	1175	1175
1399435193481821109	1175	1175	1175	1175
1399435193497774970	1175	1175	1175	1175
1399435193596733415	1175	1175	1175	1175
1399435193612691119	1175	1175	1175	1175
1399435193629690908	1175	1175	1175	1175
1399435193650682670	1175	1175	1175	1175
1399435193724691246	1175	1175	1175	1175
1399435193786680748	1175	1175	1175	1175
1399435193826726937	1175	1175	1175	1175
1399435193892527116	1175	1175	1175	1175
1399435193924506838	1175	1175	1175	1175
1399435193944556253	1175	1175	1175	1175
1399435194011516016	1175	1175	1175	1175
1399435194027443928	1175	1175	1175	1175
1399435194098481874	1175	1175	1175	1175
1399435194114514550	1175	1175	1175	1175
1399435194210470681	1175	1175	1175	1175
1399435194250526308	1175	1175	1175	1175
1399435194279511479	1175	1175	1175	1175
1399435194298393926	1175	1175	1175	1175
1399435194360441919	1175	1175	1175	1175
1399435194482410230	1175	1175	1175	1175
1399435194498312724	1175	1175	1175	1175
1399435194518343541	1175	1175	1175	1175
1399435194616406238	1175	1175	1175	1175
1399435194728360404	1175	1175	1175	1175
1399435194745402144	1175	1175	1175	1175
1399435194781536942	1175	1175	1175	1175
1399435194801276884	1175	1175	1175	1175
1399435194915126178	1175	1175	1175	1175
1399435194931027292	1175	1175	1175	1175
1399435194949060801	1175	1175	1175	1175
1399435194966067695	1175	1175	1175	1175
1399435195004043648	1175	1175	1175	1175
1399435195091032134	1175	1175	1175	1175
1399435195176938943	1175	1175	1175	1175
1399435195193937680	1175	1175	1175	1175
1399435195217969967	1175	1175	1175	1175
1399435195233937028	1175	1175	1175	1175
1399435195268031742	1175	1175	1175	1175
1399435195341931607	1175	1175	1175	1175
1399435195361879921	1175	1175	1175	1175
1399435195401206085	1175	1175	1175	1175
1399435195455890227	1175	1175	1175	1175
1399435195519912386	1175	1175	1175	1175
1399435195584925045	1175	1175	1175	1175
1399435195618913325	1175	1175	1175	1175
1399435195673913647	1175	1175	1175	1175
1399435195705859545	1175	1175	1175	1175
1399435195805758857	1175	1175	1175	1175
1399435195822661496	1175	1175	1175	1175
1399435195848624664	1175	1175	1175	1175
1399435195864601994	1175	1175	1175	1175
1399435196019533115	1175	1175	1175	1175
1399435196036484167	1175	1175	1175	1175
1399435196054487972	1175	1175	1175	1175
1399435196204532335	1175	1175	1175	1175
1399435196268408932	1175	1175	1175	1175
1399435196285377186	1175	1175	1175	1175
1399435196366386942	1175	1175	1175	1175
1399435196389400009	1175	1175	1175	1175
1399435196460434505	1175	1175	1175	1175
1399435196522292488	1175	1175	1175	1175
1399435196539274694	1175	1175	1175	1175
1399435196567246789	1175	1175	1175	1175
1399435196643308595	1175	1175	1175	1175
1399435196670209748	1175	1175	1175	1175
1399435196732239650	1175	1175	1175	1175
1399435196749167557	1175	1175	1175	1175
1399435196837158750	1175	1175	1175	1175
1399435196885162794	1175	1175	1175	1175
1399435196909151567	1175	1175	1175	1175
1399435196994087261	1175	1175	1175	1175
1399435197011069376	1175	1175	1175	1175
1399435197075082708	1175	1175	1175	1175
1399435197104037863	1175	1175	1175	1175
1399435197124086265	1175	1175	1175	1175
1399435197246094110	1175	1175	1175	1175
1399435197385111386	1175	1175	1175	1175
1399435197427908548	1175	1175	1175	1175
1399435197443899468	1175	1175	1175	1175
1399435197547865191	1175	1175	1175	1175
1399435197574841583	1175	1175	1175	1175
1399435197613871240	1175	1175	1175	1175
1399435197676810632	1175	1175	1175	1175
1399435197692789799	1175	1175	1175	1175
1399435197754902719	1175	1175	1175	1175
1399435197771711208	1175	1175	1175	1175
1399435197841725341	1175	1175	1175	1175
1399435197880741020	1175	1175	1175	1175
1399435198033568192	1175	1175	1175	1175
1399435198052778869	1175	1175	1175	1175
1399435198083568520	1175	1175	1175	1175
1399435198201576551	1175	1175	1175	1175
1399435198218542029	1465	1469	1445	1460
1399435198309530933	1467	1471	1447	1453
1399435198332455774	1469	1473	1445	1451
1399435198348453886	1468	1472	1446	1452
1399435198446657692	1470	1474	1444	1450
1399435198523397038	1473	1478	1442	1446
1399435198540421565	1472	1474	1442	1450
1399435198629476887	1476	1476	1444	1444
1399435198749295015	1480	1482	1431	1442
1399435198765352278	1473	1488	1437	1440
1399435198837329964	1532	1537	1484	1490
1399435198854255680	1537	1534	1486	1486
1399435198870220573	1536	1519	1467	1492
1399435198971353720	1517	1531	1462	1506
1399435198987307555	1491	1543	1474	1504
1399435199061225566	1509	1509	1464	1513
1399435199078189044	1517	1491	1481	1506
1399435199094210508	1499	1478	1478	1499
1399435199171134503	1484	1486	1492	1482
1399435199273355788	1485	1485	1491	1483
1399435199290172078	1453	1474	1469	1488
1399435199306148269	1453	1479	1464	1489
1399435199379020874	1470	1449	1468	1481
1399435199395997869	1463	1444	1468	1468
1399435199493973734	1454	1454	1461	1473
1399435199514933061	1437	1457	1463	1457
1399435199588126064	1422	1466	1452	1461
1399435199604092051	1433	1457	1444	1467
1399435199620028884	1447	1441	1448	1469
1399435199692958505	1442	1444	1445	1462
1399435199735007992	1440	1442	1442	1461
1399435199804997483	1435	1450	1449	1453
1399435199828837361	1436	1449	1448	1454
1399435199844935424	1441	1449	1445	1453
1399435199919883913	1445	1447	1445	1455
1399435200015940607	1457	1440	1444	1452
1399435200032873934	1446	1454	1448	1448
1399435200048743850	1452	1452	1446	1450
1399435200123711326	1449	1458	1436	1458
1399435200140760804	1453	1458	1447	1447
1399435200156721612	1452	1459	1440	1454
1399435200258677583	1447	1466	1437	1463
1399435200274665760	1451	1466	1445	1460
1399435200348662910	1460	1453	1451	1458
1399435200365593853	1458	1458	1447	1460
1399435200381597322	1457	1463	1449	1462
1399435200479628537	1458	1458	1455	1455
1399435200548693495	1454	1465	1455	1455
1399435200572714961	1457	1461	1454	1459
1399435200589608169	1454	1467	1459	1459
1399435200670563405	1461	1461	1454	1463
1399435200686555805	1460	1462	1450	1467
1399435200784501523	1461	1461	1459	1459
1399435200800455919	1460	1460	1455	1464
1399435200880428331	1461	1461	1459	1459
1399435200896467348	1457	1465	1451	1470
1399435200913392445	1455	1466	1451	1470
1399435201013380708	1455	1464	1455	1464
1399435201088482571	1458	1462	1455	1464
1399435201105255808	1457	1463	1455	1464
1399435201121285399	1453	1468	1441	1481
1399435201192297591	1459	1461	1463	1461
1399435201242617573	1459	1459	1460	1466
1399435201314278909	1462	1462	1458	1470
1399435201330181899	1463	1463	1458	1472
1399435201347242163	1464	1464	1458	1470
1399435201445216224	1466	1462	1464	1464
1399435201517174796	1462	1466	1454	1478
1399435201533118438	1464	1462	1458	1472
1399435201550105699	1466	1458	1462	1466
1399435201651977101	1459	1465	1465	1471
1399435201668869161	1462	1462	1458	1479
1399435201747026951	1457	1465	1467	1471
1399435201763987882	1455	1470	1458	1481
1399435201866922042	1458	1466	1472	1464
1399435201882889048	1455	1468	1470	1466
1399435201952869379	1448	1473	1467	1471
1399435201969826258	1452	1471	1468	1477
1399435202067005511	1460	1462	1479	1464
1399435202082821716	1452	1467	1465	1480
1399435202099823122	1448	1473	1470	1481
1399435202171819739	1459	1461	1467	1486
1399435202266763303	1443	1477	1476	1482
1399435202283725356	1448	1473	1458	1498
1399435202299822182	1464	1464	1468	1481
1399435202373690357	1455	1489	1455	1485
1399435202415583666	1468	1489	1468	1460
1399435202493643464	1482	1486	1463	1454
1399435202512411688	1496	1487	1448	1467
1399435202526567554	1496	1494	1447	1462
1399435202622467630	1486	1503	1447	1462
1399435202694493465	1486	1503	1440	1469
1399435202710501299	1495	1497	1451	1455
1399435202727499287	1496	1500	1436	1466
1399435202829403622	1476	1518	1431	1473
1399435202845494180	1497	1492	1454	1454
1399435202921500752	1495	1492	1457	1454
1399435202937501173	1481	1510	1444	1463
1399435203042415924	1508	1489	1450	1450
1399435203058526493	1494	1506	1445	1453
1399435203127457973	1489	1506	1440	1463
1399435203149323405	1494	1500	1425	1480
1399435203265199808	1496	1496	1460	1447
1399435203339167441	1495	1495	1469	1440
1399435203359142647	1482	1505	1460	1451
1399435203445265984	1479	1504	1458	1458
1399435203487248620	1487	1496	1449	1466
1399435203558003567	1487	1496	1459	1457
1399435203574004591	1479	1498	1436	1481
1399435203590059784	1486	1486	1411	1510
1399435203664995212	1470	1500	1447	1477
1399435203680981056	1469	1499	1473	1452
1399435203784098033	1470	1489	1462	1468
1399435203800015449	1476	1482	1448	1488
1399435203871977916	1483	1472	1453	1485
1399435203889071117	1476	1476	1473	1465
1399435203904859630	1469	1482	1482	1457
1399435204007070066	1471	1480	1472	1466
1399435204022931312	1476	1471	1449	1489
1399435204092947468	1485	1464	1429	1507
1399435204109944586	1472	1472	1451	1485
1399435204125932849	1454	1486	1474	1466
1399435204202897361	1447	1494	1476	1465
1399435204300839527	1466	1474	1453	1487
1399435204316871102	1470	1470	1437	1499
1399435204333748679	1478	1465	1445	1489
1399435204409833353	1468	1477	1451	1485
1399435204428557526	1472	1477	1464	1468
1399435204529714543	1471	1480	1469	1461
1399435204545706722	1476	1476	1474	1455
1399435204562581003	1470	1481	1460	1470
1399435204634624741	1468	1487	1455	1470
1399435204651602075	1485	1472	1462	1462
1399435204667542547	1491	1466	1457	1467
1399435204769652171	1487	1485	1446	1471
1399435204843526527	1489	1485	1453	1462
1399435204859534490	1502	1477	1454	1457
1399435204875553112	1513	1474	1453	1458
1399435204951581949	1505	1486	1444	1463
1399435205050479508	1498	1489	1420	1483
1399435205067423398	1492	1492	1432	1468
1399435205083332020	1485	1502	1451	1447
1399435205159427710	1496	1494	1448	1444
1399435205176392867	1496	1496	1444	1446
1399435205192423012	1509	1482	1439	1451
1399435205290340959	1503	1490	1448	1435
1399435205307272206	1490	1505	1450	1431
1399435205377349944	1464	1523	1457	1421
1399435205400226617	1481	1510	1435	1442
1399435205417188502	1497	1499	1417	1455
1399435205517205096	1498	1498	1431	1437
1399435205593273419	1503	1495	1432	1434
1399435205612242866	1508	1485	1433	1433
1399435205630994226	1504	1485	1435	1435
1399435205705122102	1503	1478	1430	1449
1399435205722111959	1510	1466	1413	1466
1399435205820993498	1494	1479	1432	1455
1399435205838065170	1461	1511	1453	1434
1399435205906986554	1469	1501	1450	1440
1399435205923973628	1491	1472	1434	1462
1399435205939935425	1498	1464	1435	1467
1399435206041914570	1457	1497	1468	1443
1399435206051878054	1461	1490	1461	1452
1399435206121963750	1474	1470	1460	1460
1399435206138889023	1483	1455	1469	1461
1399435206154740094	1481	1453	1464	1470
1399435206228855772	1423	1503	1489	1458
1399435206270831629	1451	1466	1463	1492
1399435206340689982	1479	1430	1450	1514
1399435206364167639	1487	1422	1471	1501
1399435206379648040	1457	1450	1487	1483
1399435206455563799	1439	1466	1483	1489
1399435206556525320	1470	1430	1434	1533
1399435206576482098	1459	1440	1450	1520
1399435206592622755	1464	1430	1465	1505
1399435206669540862	1452	1440	1486	1486
1399435206685641764	1437	1459	1494	1474
1399435206702598847	1445	1449	1455	1506
1399435206805456882	1439	1462	1462	1494
1399435206879551277	1427	1478	1468	1483
1399435206895582891	1446	1471	1477	1462
1399435206911618762	1463	1459	1464	1470
1399435206984498619	1450	1476	1454	1471
1399435207025519674	1443	1489	1468	1451
1399435207097441382	1479	1458	1437	1478
1399435207113421333	1470	1470	1450	1461
1399435207130385609	1487	1453	1441	1470
1399435207204374259	1492	1454	1440	1473
1399435207221407780	1487	1458	1441	1479
1399435207319323913	1468	1472	1451	1472
1399435207336320347	1503	1440	1445	1485
1399435207408534444	1478	1469	1450	1476
1399435207424230763	1519	1439	1431	1492
1399435207526133783	1470	1491	1464	1455
1399435207543190381	1470	1498	1457	1461
1399435207559057164	1492	1476	1436	1481
1399435207628092862	1488	1488	1437	1480
1399435207669053227	1506	1481	1441	1466
1399435207740022869	1505	1495	1467	1435
1399435207762058535	1484	1524	1488	1418
1399435207835959684	1520	1490	1440	1469
1399435207877944814	1545	1461	1443	1466
1399435207948920476	1502	1502	1441	1474
1399435207965844822	1500	1498	1443	1474
1399435207981905406	1523	1472	1416	1503
1399435208082012021	1517	1474	1430	1494
1399435208155872125	1568	1402	1381	1548
1399435208172948584	1472	1504	1484	1454
1399435208188871041	1481	1496	1481	1462
1399435208290888377	1510	1466	1461	1478
1399435208306939333	1430	1541	1502	1443
1399435208380744018	1524	1454	1443	1498
1399435208397686211	1476	1497	1502	1445
1399435208494648932	1511	1457	1444	1503
1399435208511625619	1500	1460	1448	1507
1399435208588602881	1487	1462	1490	1476
1399435208605508787	1487	1453	1461	1505
1399435208714496031	1439	1494	1499	1480
1399435208804518736	1417	1519	1469	1505
1399435208933411683	1513	1453	1437	1507
1399435208949590325	1495	1484	1489	1443
1399435209052405913	1492	1482	1466	1474
1399435209127417568	1491	1483	1440	1501
1399435209144391608	1499	1463	1454	1499
1399435209160413005	1468	1500	1483	1468
1399435209257299878	1480	1488	1469	1478
1399435209274257604	1466	1506	1464	1483
1399435209346394147	1520	1452	1452	1490
1399435209368243428	1502	1477	1459	1478
1399435209467243107	1505	1476	1470	1464
1399435209483132531	1496	1487	1433	1499
1399435209552098834	1559	1407	1404	1528
1399435209575165713	1504	1464	1449	1489
1399435209592296814	1445	1513	1506	1439
1399435209692252301	1445	1510	1514	1437
1399435209763232885	1482	1471	1485	1468
1399435209780172444	1486	1467	1460	1494
1399435209796273667	1497	1459	1458	1498
1399435209871036131	1496	1460	1461	1495
1399435209887000235	1453	1500	1525	1436
1399435209987100995	1487	1468	1480	1480
1399435210004012343	1502	1451	1444	1518
1399435210020133976	1516	1431	1435	1528
1399435210089981354	1476	1467	1466	1502
1399435210107116486	1453	1498	1484	1476
1399435210205017125	1463	1492	1468	1487
1399435210221022968	1480	1486	1462	1483
1399435210241021645	1502	1468	1450	1490
1399435210313807837	1494	1479	1463	1467
1399435210329802428	1459	1516	1494	1434
1399435210404796415	1473	1503	1472	1449
1399435210446733728	1499	1482	1463	1454
1399435210522625101	1515	1468	1428	1487
1399435210542632013	1535	1451	1417	1494
1399435210558679883	1508	1472	1431	1486
1399435210631628309	1520	1450	1416	1507
1399435210726617027	1467	1497	1461	1469
1399435210743701172	1455	1500	1483	1455
1399435210759511119	1468	1483	1445	1498
1399435210836601280	1481	1468	1470	1479
1399435210852532724	1468	1483	1481	1466
1399435210869512103	1467	1486	1486	1467
1399435210968570952	1492	1463	1463	1488
1399435210984564411	1472	1481	1487	1466
1399435211055450693	1486	1469	1480	1476
1399435211072417101	1501	1454	1447	1508
1399435211088334625	1497	1461	1451	1510
1399435211186411131	1503	1448	1447	1521
1399435211203368138	1524	1416	1447	1531
1399435211274309601	1521	1411	1434	1548
1399435211291376652	1469	1461	1496	1494
1399435211307359913	1455	1474	1509	1480
1399435211381316108	1469	1459	1481	1510
1399435211477237856	1480	1448	1477	1515
1399435211493252500	1436	1487	1490	1505
1399435211510216224	1461	1457	1486	1516
1399435211587185143	1469	1448	1477	1525
1399435211607161610	1445	1470	1502	1502
1399435211702189103	1450	1465	1495	1509
1399435211718105488	1416	1497	1534	1467
1399435211735132890	1458	1455	1491	1510
1399435211805083453	1486	1429	1476	1524
1399435211822048165	1470	1441	1499	1501
1399435211838131486	1471	1440	1487	1513
1399435211935101323	1447	1462	1482	1520
1399435211952036867	1491	1426	1447	1549
1399435212027950116	1468	1451	1465	1534
1399435212045117089	1482	1440	1465	1528
1399435212119110885	1477	1449	1469	1520
1399435212161103488	1455	1474	1509	1476
1399435212230963723	1465	1476	1497	1478
1399435212253971348	1474	1474	1477	1485
1399435212269916951	1489	1466	1450	1505
1399435212345003341	1455	1513	1465	1473
1399435212361972210	1481	1496	1434	1496
1399435212459940248	1483	1498	1453	1468
1399435212475769736	1484	1503	1446	1469
1399435212569879336	1510	1485	1425	1478
1399435212587225253	1514	1484	1423	1482
1399435212686906494	1514	1480	1425	1480
1399435212703783251	1517	1477	1409	1496
1399435212781799483	1498	1498	1425	1478
1399435212797707458	1519	1485	1412	1486
1399435212870753706	1527	1485	1410	1488
1399435212886581285	1502	1508	1447	1453
1399435212988540099	1520	1492	1423	1480
1399435213005571243	1515	1502	1451	1451
1399435213021506417	1529	1491	1457	1442
1399435213090471713	1524	1507	1451	1449
1399435213106493389	1519	1517	1431	1465
1399435213207479421	1476	1555	1495	1404
1399435213224452799	1516	1524	1452	1448
1399435213298739977	1538	1494	1431	1476
1399435213315403167	1511	1516	1461	1448
1399435213331393138	1528	1492	1443	1472
1399435213524384635	1535	1472	1440	1488
1399435213540338240	1503	1501	1458	1474
1399435213638293037	1486	1516	1467	1467
1399435213655331964	1542	1454	1399	1535
1399435213724286690	1520	1486	1448	1486
1399435213754330178	1491	1519	1486	1444
1399435213847234814	1504	1508	1455	1472
1399435213863178807	1509	1505	1474	1451
1399435213879260681	1511	1507	1455	1466
1399435213956267766	1503	1522	1472	1443
1399435214060273211	1539	1484	1431	1488
1399435214076233258	1526	1492	1459	1463
1399435214093297749	1454	1557	1506	1415
1399435214162305454	1514	1499	1427	1497
1399435214203421447	1542	1459	1416	1516
1399435214275268131	1492	1509	1466	1468
1399435214292142740	1516	1486	1416	1522
1399435214308246595	1499	1499	1469	1469
1399435214408236820	1518	1480	1448	1495
1399435214483969961	1499	1499	1481	1462
1399435214499992652	1506	1491	1469	1482
1399435214515935760	1503	1495	1485	1470
1399435214621050302	1506	1481	1461	1505
1399435214691992664	1447	1533	1568	1393
1399435214707997904	1483	1496	1500	1470
1399435214724924142	1520	1452	1403	1558
1399435214827027080	1485	1481	1437	1532
1399435214842960296	1519	1441	1390	1571
1399435214912885296	1468	1496	1484	1484
1399435214929879945	1515	1455	1389	1560
1399435215025965728	1482	1486	1495	1465
1399435215041941570	1479	1489	1485	1474
1399435215058788430	1474	1494	1553	1404
1399435215128724192	1515	1458	1469	1495
1399435215168838928	1467	1528	1637	1281
1399435215240861099	1506	1485	1443	1506
1399435215257674743	1521	1451	1417	1540
1399435215273654511	1471	1480	1467	1518
1399435215377596408	1497	1446	1431	1552
1399435215449617629	1472	1460	1444	1550
1399435215466506138	1454	1469	1544	1461
1399435215482525825	1497	1435	1499	1501
1399435215584568377	1499	1448	1467	1518
1399435215655497990	1516	1440	1414	1555
1399435215672510692	1470	1489	1471	1501
1399435215763340977	1483	1487	1474	1483
1399435215803383479	1490	1495	1400	1540
1399435215881369993	1495	1509	1441	1483
1399435215898427693	1510	1515	1496	1407
1399435215980409790	1536	1500	1445	1445
1399435216105284906	1538	1504	1431	1452
1399435216121192559	1552	1482	1467	1412
1399435216194272572	1518	1516	1403	1483
1399435216210210542	1507	1522	1424	1474
1399435216320278699	1517	1498	1468	1445
1399435216340250196	1514	1488	1469	1457
1399435216412329073	1466	1519	1478	1469
1399435216429162643	1487	1496	1462	1487
1399435216506228895	1487	1487	1488	1473
1399435216549437885	1492	1482	1479	1483
1399435216619174590	1484	1492	1484	1480
1399435216642070108	1478	1503	1469	1495
1399435216658053193	1480	1503	1468	1494
1399435216733351980	1477	1498	1470	1491
1399435216749102087	1481	1494	1474	1487
1399435216847060411	1491	1479	1459	1507
1399435216863027279	1487	1481	1460	1508
1399435216932996832	1495	1476	1473	1492
1399435216957972874	1483	1483	1480	1486
1399435216973895052	1482	1482	1481	1483
1399435217074989812	1483	1487	1466	1491
1399435217149981105	1497	1476	1450	1505
1399435217166941948	1480	1486	1457	1497
1399435217182760280	1470	1498	1479	1472
1399435217256756763	1465	1499	1464	1491
1399435217273611847	1474	1494	1459	1492
1399435217375615421	1474	1494	1451	1496
1399435217391810809	1484	1484	1448	1499
1399435217408642328	1480	1490	1463	1482
1399435217487646979	1482	1492	1450	1490
1399435217504690737	1492	1482	1458	1483
1399435217603826059	1510	1466	1464	1474
1399435217620700909	1508	1470	1457	1476
1399435217690534557	1499	1484	1449	1479
1399435217706656417	1491	1494	1443	1474
1399435217723496736	1479	1504	1450	1469
1399435217798537644	1479	1502	1452	1469
1399435217897438240	1504	1479	1458	1462
1399435217914378243	1481	1502	1441	1474
1399435217930368580	1466	1521	1426	1485
1399435218004378093	1482	1509	1436	1470
1399435218020357641	1496	1496	1443	1464
1399435218123293133	1494	1502	1445	1458
1399435218139336607	1451	1544	1420	1474
1399435218155271548	1490	1514	1428	1462
1399435218229256434	1504	1504	1443	1447
1399435218245281589	1519	1485	1453	1441
1399435218262296724	1505	1495	1447	1451
1399435218362219990	1525	1474	1431	1467
1399435218432179637	1500	1500	1416	1482
1399435218448119534	1517	1483	1447	1455
1399435218465097690	1502	1494	1452	1459
1399435218541120842	1486	1503	1450	1467
1399435218581076212	1484	1501	1450	1480
1399435218663194821	1483	1494	1448	1486
1399435218680161538	1488	1484	1464	1479
1399435218752106511	1480	1490	1462	1487
1399435218769162258	1489	1474	1458	1498
1399435218785113408	1464	1494	1441	1521
1399435218887066314	1472	1481	1461	1505
1399435218903991330	1486	1467	1483	1483
1399435218973046621	1486	1465	1483	1498
1399435218989991967	1482	1469	1490	1490
1399435219005926691	1481	1472	1485	1494
1399435219105886692	1502	1449	1505	1480
1399435219181831245	1485	1470	1470	1510
1399435219198834444	1487	1472	1469	1507
1399435219215911906	1470	1489	1470	1510
1399435219317907712	1485	1468	1476	1507
1399435219334870637	1477	1479	1459	1526
1399435219407744729	1472	1485	1462	1521
1399435219424814680	1462	1508	1470	1504
1399435219531679159	1495	1478	1469	1503
1399435219549039753	1481	1500	1404	1553
1399435219624721363	1494	1494	1447	1510
1399435219640631823	1502	1487	1478	1478
1399435219738646791	1497	1495	1484	1473
1399435219755684493	1509	1480	1473	1478
1399435219825695981	1537	1448	1498	1451
1399435219841786804	1489	1489	1469	1488
1399435219943465594	1499	1467	1483	1483
1399435219959477038	1483	1472	1473	1503
1399435219976344805	1466	1474	1470	1521
1399435220045351611	1437	1492	1462	1538
1399435220086382274	1472	1460	1502	1502
1399435220158386092	1467	1467	1428	1561
1399435220175273468	1483	1451	1480	1518
1399435220191321073	1506	1424	1519	1479
1399435220292334763	1467	1467	1476	1526
1399435220368189110	1482	1454	1501	1495
1399435220384351810	1465	1480	1464	1519
1399435220403350290	1485	1470	1490	1482
1399435220504296434	1444	1509	1440	1534
1399435220575320376	1474	1483	1459	1511
1399435220591378207	1470	1496	1460	1506
1399435220608356641	1498	1474	1463	1501
1399435220708368806	1532	1448	1485	1470
1399435220724285407	1488	1503	1470	1479
1399435220795297042	1484	1511	1466	1479
1399435220812219904	1476	1528	1455	1489
1399435220915094134	1496	1510	1483	1455
1399435220931151557	1524	1486	1445	1489
1399435221000176443	1500	1515	1437	1492
1399435221020078617	1534	1480	1440	1486
1399435221140997903	1504	1508	1464	1464
1399435221218062130	1515	1496	1450	1480
1399435221233971128	1513	1500	1459	1473
1399435221325966360	1504	1513	1439	1489
1399435221430949209	1500	1523	1445	1477
1399435221446947853	1534	1492	1445	1472
1399435221463894822	1525	1504	1458	1458
1399435221539963213	1515	1513	1431	1482
1399435221555819297	1515	1513	1430	1483
1399435221572856361	1524	1503	1442	1471
1399435221670855861	1520	1505	1462	1453
1399435221687749940	1517	1510	1460	1453
1399435221758688079	1518	1507	1454	1457
1399435221774797654	1519	1500	1445	1472
1399435221791657353	1508	1500	1448	1480
1399435221888643031	1502	1500	1466	1468
1399435221904680603	1496	1500	1470	1470
1399435221976583599	1509	1476	1480	1471
1399435221992664795	1497	1478	1471	1490
1399435222009617716	1477	1491	1484	1484
1399435222083483989	1476	1484	1488	1488
1399435222178599724	1497	1463	1476	1501
1399435222195512610	1503	1452	1476	1505
1399435222211532288	1486	1461	1503	1486
1399435222287564364	1468	1472	1496	1500
1399435222304431298	1468	1468	1477	1523
1399435222401325925	1488	1444	1480	1524
1399435222421336326	1488	1442	1491	1515
1399435222442309767	1476	1446	1503	1511
1399435222512286169	1460	1455	1507	1509
1399435222529307025	1462	1449	1507	1514
1399435222545277515	1452	1461	1485	1529
1399435222644382735	1462	1451	1478	1528
1399435222716481507	1463	1459	1477	1521
1399435222732283748	1467	1467	1482	1503
1399435222749239653	1476	1476	1482	1486
1399435222824194089	1478	1486	1473	1482
1399435222864221088	1492	1490	1464	1481
1399435222942247209	1494	1494	1458	1483
1399435222958400721	1487	1515	1448	1482
1399435222975224465	1489	1517	1461	1465
1399435223053233118	1501	1507	1459	1465
1399435223070232474	1510	1506	1460	1460
1399435223172086259	1514	1503	1448	1467
1399435223189209748	1511	1503	1450	1471
1399435223262126723	1513	1504	1451	1468
1399435223279119973	1511	1501	1466	1458
1399435223295157528	1521	1489	1461	1461
1399435223394997786	1506	1506	1446	1473
1399435223465998212	1503	1507	1442	1480
1399435223481938888	1517	1485	1449	1481
1399435223498962267	1501	1497	1465	1469
1399435223576061104	1494	1498	1468	1472
1399435223594949088	1495	1492	1461	1484
1399435223690985148	1500	1485	1461	1486
1399435223706936451	1470	1502	1447	1500
1399435223723745751	1496	1470	1467	1486
1399435223792828794	1495	1465	1478	1482
1399435223808680187	1482	1467	1488	1478
1399435223909896009	1469	1476	1480	1486
1399435223925880684	1469	1469	1480	1488
1399435224000848457	1471	1463	1478	1495
1399435224017801739	1478	1457	1479	1494
1399435224033683818	1501	1421	1490	1490
1399435224110713445	1488	1425	1495	1499
1399435224150781376	1474	1434	1487	1510
1399435224227524581	1467	1433	1496	1510
1399435224243786276	1447	1453	1496	1510
1399435224260599001	1444	1454	1487	1521
1399435224333533213	1458	1439	1489	1525
1399435224429663116	1453	1439	1492	1526
1399435224445545600	1412	1484	1471	1544
1399435224462511716	1427	1467	1498	1523
1399435224536601570	1447	1453	1509	1505
1399435224553597510	1434	1466	1476	1540
1399435224569524192	1465	1437	1494	1523
1399435224671506404	1453	1451	1506	1508
1399435224688428528	1451	1462	1500	1515
1399435224768368769	1467	1452	1491	1517
1399435224784383107	1494	1434	1498	1502
1399435224858354311	1472	1458	1487	1515
1399435224900430564	1454	1473	1480	1520
1399435224978450431	1473	1465	1500	1494
1399435224995375395	1484	1454	1495	1495
1399435225011363264	1477	1466	1487	1498
1399435225085268535	1463	1478	1484	1503
1399435225180356785	1476	1461	1490	1492
1399435225197130687	1480	1463	1481	1496
1399435225213295971	1480	1465	1470	1504
1399435225288399188	1462	1489	1439	1529
1399435225304301393	1487	1464	1471	1497
1399435225407354620	1472	1481	1468	1498
1399435225424112763	1463	1488	1467	1501
1399435225440079275	1476	1476	1474	1494
1399435225513109786	1481	1466	1482	1486
1399435225609003207	1483	1464	1480	1484
1399435225624993136	1477	1468	1481	1485
1399435225641947626	1457	1480	1479	1496
1399435225717048915	1509	1421	1521	1460
1399435225762048025	1470	1453	1474	1513
1399435225837002121	1466	1458	1491	1500
1399435225853970165	1461	1461	1479	1515
1399435225869986963	1457	1461	1481	1517
1399435225966886804	1449	1468	1463	1534
1399435226038762988	1465	1459	1469	1526
1399435226054847380	1465	1471	1482	1501
1399435226071803637	1477	1477	1485	1489
1399435226173679939	1500	1472	1470	1485
1399435226189649737	1506	1483	1457	1482
1399435226258715677	1513	1487	1464	1455
1399435226275610045	1549	1452	1497	1416
1399435226376748933	1508	1502	1449	1455
1399435226393715753	1508	1500	1455	1447
1399435226472703784	1507	1490	1443	1474
1399435226491533744	1455	1531	1406	1522
1399435226585657450	1492	1476	1471	1476
1399435226605649804	1474	1479	1463	1499
1399435226621595923	1440	1509	1437	1532
1399435226694676100	1470	1474	1480	1495
1399435226790608814	1514	1429	1521	1455
1399435226807390726	1482	1469	1463	1505
1399435226823338933	1478	1484	1444	1522
1399435226897355581	1499	1467	1487	1479
1399435226939287489	1484	1490	1451	1510
1399435227010305562	1477	1504	1439	1517
1399435227027296393	1463	1520	1411	1536
1399435227043297080	1518	1473	1479	1462
1399435227143299071	1509	1497	1461	1461
1399435227217287358	1527	1491	1449	1464
1399435227234270476	1534	1484	1470	1439
1399435227326201181	1496	1525	1437	1469
1399435227369144669	1489	1525	1434	1483
1399435227443863204	1467	1534	1430	1500
1399435227460172573	1501	1488	1482	1461
1399435227539131090	1481	1510	1472	1477
1399435227582049109	1506	1487	1483	1464
1399435227652210242	1509	1484	1494	1453
1399435227668389588	1505	1497	1474	1472
1399435227685151754	1510	1498	1458	1483
1399435227762160719	1531	1483	1477	1462
1399435227778704907	1504	1519	1454	1476
1399435227879064778	1489	1536	1443	1483
1399435227895982000	1500	1525	1453	1474
1399435227966895830	1514	1511	1451	1477
1399435227983960046	1500	1525	1420	1508
1399435228000862572	1499	1528	1428	1498
1399435228102852545	1523	1502	1457	1471
1399435228118815157	1513	1515	1462	1464
1399435228192774028	1515	1510	1443	1485
1399435228209770143	1523	1500	1461	1469
1399435228225743528	1531	1492	1478	1452
1399435228301015358	1527	1498	1463	1469
1399435228404853883	1509	1511	1441	1496
1399435228421833749	1540	1472	1482	1457
1399435228437749146	1517	1496	1474	1466
1399435228513670798	1506	1506	1470	1470
1399435228529759075	1507	1505	1463	1478
1399435228626660706	1504	1510	1451	1487
1399435228643724413	1468	1544	1412	1520
1399435228714580935	1502	1521	1445	1481
1399435228730744482	1531	1492	1468	1458
1399435228747634018	1513	1517	1452	1471
1399435228823569384	1528	1503	1469	1452
1399435229044540744	1523	1523	1445	1445
1399435229142362164	1517	1527	1447	1449
1399435229159277231	1537	1505	1465	1427
1399435229176256511	1527	1519	1443	1451
1399435229252334575	1504	1543	1422	1464
1399435229268287551	1517	1535	1415	1468
1399435229285296360	1540	1510	1423	1461
1399435229383399564	1535	1519	1413	1468
1399435229399369110	1535	1524	1434	1441
1399435229473405419	1525	1533	1434	1443
1399435229489357064	1522	1532	1395	1482
1399435229506233516	1523	1523	1439	1447
1399435229603468746	1531	1507	1457	1437
1399435229680518994	1535	1498	1453	1449
1399435229697247919	1521	1513	1433	1469
1399435229713154749	1528	1503	1446	1459
1399435229784661498	1529	1500	1441	1466
1399435229809108886	1543	1481	1473	1440
1399435229905974214	1532	1495	1478	1444
1399435229923004576	1508	1519	1448	1473
1399435229938901915	1498	1527	1441	1487
1399435230009008354	1510	1515	1436	1496
1399435230024948127	1525	1494	1444	1495
1399435230126838484	1520	1495	1463	1480
1399435230142849557	1497	1511	1453	1496
1399435230219872446	1492	1514	1448	1507
1399435230235819385	1501	1497	1472	1487
1399435230252841219	1519	1479	1482	1482
1399435230324776821	1517	1483	1482	1480
1399435230366685437	1483	1508	1467	1499
1399435230437718426	1474	1517	1483	1483
1399435230454703231	1500	1491	1506	1460
1399435230470757741	1502	1489	1477	1489
1399435230544628177	1500	1496	1451	1510
1399435230585711156	1505	1499	1476	1482
1399435230656647705	1515	1494	1484	1465
1399435230672553163	1515	1496	1463	1484
1399435230689560136	1524	1488	1463	1482
1399435230768565378	1522	1495	1452	1488
1399435230785642243	1519	1502	1460	1477
1399435230885565836	1522	1505	1447	1479
1399435230902434111	1526	1503	1452	1471
1399435230972491082	1516	1511	1387	1526
1399435230989507421	1532	1492	1443	1472
1399435231005474208	1526	1497	1473	1444
1399435231103583429	1523	1504	1429	1484
1399435231120392412	1513	1513	1455	1460
1399435231191339060	1516	1507	1469	1444
1399435231208372660	1523	1498	1452	1463
1399435231224354298	1534	1488	1440	1473
1399435231299322015	1535	1489	1458	1458
1399435231395293035	1509	1509	1453	1472
1399435231411313036	1513	1502	1474	1451
1399435231428319549	1531	1486	1454	1473
1399435231503367519	1509	1509	1433	1492
1399435231543273297	1518	1514	1443	1479
1399435231621230193	1526	1514	1457	1461
1399435231637210371	1522	1526	1452	1457
1399435231654250159	1529	1529	1436	1466
1399435231759132525	1525	1540	1404	1495
1399435231830240625	1537	1524	1449	1453
1399435231846204824	1542	1518	1431	1480
1399435231862176436	1535	1517	1478	1444
1399435231963188968	1532	1511	1477	1458
1399435232039138068	1556	1472	1509	1433
1399435232055174997	1521	1506	1476	1480
1399435232071104126	1501	1509	1466	1506
1399435232174092585	1505	1495	1490	1488
1399435232190001950	1499	1490	1468	1521
1399435232264919249	1499	1490	1482	1507
1399435232281860331	1490	1488	1478	1522
1399435232378819625	1500	1485	1451	1540
1399435232395834085	1504	1485	1485	1504
1399435232464870160	1507	1490	1467	1514
1399435232489898420	1513	1496	1495	1476
1399435232589813316	1543	1479	1521	1432
1399435232605902261	1525	1504	1464	1485
1399435232681825720	1520	1514	1480	1461
1399435232697859888	1524	1501	1518	1423
1399435232799848234	1518	1488	1474	1477
1399435232815812743	1478	1507	1429	1537
1399435232832803271	1489	1487	1472	1504
1399435232902815528	1486	1490	1429	1540
1399435232942668200	1501	1463	1492	1488
1399435233014672733	1473	1482	1413	1566
1399435233031662055	1482	1467	1498	1498
1399435233047610693	1553	1397	1622	1347
1399435233145500334	1487	1489	1485	1496
1399435233217531133	1489	1498	1495	1476
1399435233233488838	1500	1481	1467	1505
1399435233250480640	1491	1477	1447	1529
1399435233352452859	1491	1470	1473	1509
1399435233371351305	1503	1463	1499	1484
1399435233444400174	1526	1442	1488	1484
1399435233461345355	1502	1472	1492	1482
1399435233564494329	1526	1461	1561	1392
1399435233580412818	1495	1503	1478	1473
1399435233649430848	1499	1505	1466	1474
1399435233672402667	1437	1553	1350	1576
1399435233689417625	1485	1519	1396	1535
1399435233789254412	1520	1486	1429	1501
1399435233859312581	1542	1459	1483	1449
1399435233876165044	1535	1472	1489	1439
1399435233892218789	1491	1517	1409	1515
1399435233965151609	1492	1509	1446	1484
1399435233982113618	1574	1409	1506	1426
1399435234083363237	1549	1447	1471	1459
1399435234100166135	1525	1487	1443	1481
1399435234116232066	1526	1495	1477	1439
1399435234185292309	1510	1513	1435	1473
1399435234202221822	1513	1508	1433	1478
1399435234299097098	1520	1499	1446	1471
1399435234316260972	1518	1495	1445	1479
1399435234332083075	1491	1519	1409	1517
1399435234409006333	1491	1517	1430	1498
1399435234428976444	1501	1501	1460	1474
1399435234476101085	1501	1497	1462	1481
1399435234537062617	1507	1488	1474	1474
1399435234608049809	1528	1471	1474	1470
1399435234623918035	1540	1462	1491	1453
1399435234641027934	1511	1497	1459	1486
1399435234717123229	1503	1507	1437	1505
1399435234759986291	1527	1485	1470	1474
1399435234828930788	1521	1487	1460	1489
1399435234845914775	1539	1465	1494	1462
1399435234861975330	1518	1484	1469	1495
1399435234936917963	1502	1498	1472	1494
1399435234953823295	1489	1510	1464	1506
1399435235049707525	1496	1504	1465	1505
1399435235065724398	1472	1529	1464	1508
1399435235082659418	1492	1505	1478	1499
1399435235159669935	1520	1476	1497	1482
1399435235175626003	1509	1482	1487	1487
1399435235276616954	1509	1480	1471	1505
1399435235292631200	1507	1480	1464	1515
1399435235366590971	1510	1472	1499	1484
1399435235382591974	1490	1490	1486	1499
1399435235399520195	1526	1457	1490	1492
1399435235477508089	1507	1467	1487	1496
1399435235581540135	1494	1483	1482	1499
1399435235598420636	1504	1474	1483	1496
1399435235617418885	1494	1485	1470	1508
1399435235688384875	1503	1473	1483	1498
1399435235705456003	1487	1491	1474	1504
1399435235802356804	1492	1486	1486	1492
1399435235819337365	1488	1495	1481	1494
1399435235890332830	1486	1501	1474	1491
1399435235907377159	1492	1495	1476	1486
1399435235923471977	1506	1487	1473	1482
1399435235997361667	1513	1487	1487	1462
1399435236039355743	1519	1485	1471	1473
1399435236110297346	1516	1486	1466	1472
1399435236133354623	1514	1488	1470	1468
1399435236149298346	1526	1480	1484	1459
1399435236225274769	1546	1449	1480	1461
1399435236321331727	1520	1480	1463	1478
1399435236338232475	1502	1491	1459	1488
1399435236354252320	1505	1490	1462	1487
1399435236428235211	1507	1488	1472	1477
1399435236444046861	1504	1496	1449	1504
1399435236461096738	1501	1497	1476	1480
1399435236561039214	1498	1500	1480	1476
1399435236578004339	1492	1509	1469	1486
1399435236648080596	1499	1503	1474	1481
1399435236665208155	1505	1499	1477	1477
1399435236681124405	1503	1503	1470	1485
1399435236781904395	1511	1497	1470	1483
1399435236857953145	1505	1507	1476	1478
1399435236873847679	1517	1502	1478	1478
1399435236890879103	1517	1502	1476	1480
1399435236968875170	1539	1482	1478	1478
1399435236985833536	1524	1499	1470	1485
1399435237086834914	1540	1478	1496	1462
1399435237102772165	1547	1465	1487	1474
1399435237177778427	1506	1517	1466	1489
1399435237194748739	1505	1520	1460	1489
1399435237210719884	1516	1507	1450	1501
1399435237311650607	1528	1492	1466	1487
1399435237328706377	1519	1500	1450	1505
1399435237399693441	1510	1502	1482	1480
1399435237416623545	1501	1505	1462	1502
1399435237517602166	1481	1517	1465	1507
1399435237533597833	1490	1497	1487	1491
1399435237609580461	1473	1511	1490	1490
1399435237625549323	1487	1491	1487	1496
1399435237727648745	1505	1469	1487	1496
1399435237744574198	1489	1481	1496	1491
1399435237763566538	1555	1404	1537	1452
1399435237835601852	1486	1471	1483	1517
1399435237940385785	1469	1480	1483	1521
1399435237956490421	1477	1468	1491	1517
1399435237972438944	1488	1448	1473	1537
1399435238042531493	1466	1479	1486	1522
1399435238083390460	1477	1477	1484	1516
1399435238154295979	1469	1486	1469	1528
1399435238171306127	1503	1454	1494	1502
1399435238187351142	1480	1488	1488	1492
1399435238288163128	1487	1487	1468	1502
1399435238365178774	1496	1491	1473	1488
1399435238381269490	1534	1463	1473	1478
1399435238398352551	1534	1480	1458	1481
1399435238495431060	1534	1490	1473	1454
1399435238511144123	1522	1516	1433	1482
1399435238589191133	1556	1483	1434	1468
1399435238605169754	1514	1531	1436	1468
1399435238696166995	1504	1533	1424	1479
1399435238712114091	1509	1518	1424	1485
1399435238783184386	1483	1533	1432	1487
1399435238862058095	1467	1535	1471	1457
1399435238921004099	1524	1478	1446	1480
1399435238938023412	1509	1492	1440	1495
1399435239011938590	1533	1466	1485	1460
1399435239106997985	1535	1451	1455	1515
1399435239124087937	1448	1528	1468	1513
1399435239139974246	1461	1497	1503	1497
1399435239214906246	1508	1436	1468	1544
1399435239257918293	1432	1500	1483	1546
1399435239327901984	1428	1491	1534	1516
1399435239345499288	1408	1509	1567	1483
1399435239363867155	1510	1424	1497	1544
1399435239464876512	1556	1384	1537	1497
1399435239535732934	1458	1494	1490	1539
1399435239551753215	1478	1473	1494	1533
1399435239568763955	1450	1503	1510	1515
1399435239642747228	1494	1466	1449	1558
1399435239659614553	1494	1468	1471	1535
1399435239761651042	1483	1479	1504	1504
1399435239778509397	1350	1600	1467	1532
1399435239794626309	1439	1535	1516	1476
1399435239868374242	1506	1468	1507	1484
1399435239884570430	1534	1446	1479	1502
1399435240077539633	1484	1499	1489	1485
1399435240094491076	1468	1521	1459	1509
1399435240110487014	1553	1433	1435	1528
1399435240184317791	1537	1452	1433	1524
1399435240225278116	1488	1507	1467	1486
1399435240297306970	1463	1535	1465	1484
1399435240313400545	1502	1496	1471	1471
1399435240330178832	1519	1481	1463	1482
1399435240404218383	1508	1489	1462	1477
1399435240503206395	1495	1501	1464	1477
1399435240523157937	1452	1537	1471	1473
1399435240539163267	1511	1488	1462	1479
1399435240613165778	1535	1466	1452	1486
1399435240629350644	1532	1471	1501	1435
1399435240646156587	1525	1481	1463	1471
1399435240747062085	1478	1531	1435	1497
1399435240822059353	1486	1526	1436	1491
1399435240838605119	1503	1511	1443	1483
1399435240855188816	1540	1472	1407	1519
1399435240929005521	1508	1506	1433	1492
1399435240972010148	1499	1518	1469	1454
1399435241042963937	1510	1510	1462	1462
1399435241058964725	1491	1521	1454	1469
1399435241075852597	1523	1498	1453	1466
1399435241149867193	1488	1531	1470	1451
1399435241166897907	1509	1511	1459	1461
1399435241263877869	1516	1511	1473	1448
1399435241280834397	1526	1501	1473	1448
1399435241296926080	1514	1509	1444	1482
1399435241368804414	1529	1500	1464	1464
1399435241384768244	1500	1525	1447	1481
1399435241483860660	1508	1515	1443	1491
1399435241499813993	1527	1487	1393	1545
1399435241571941355	1507	1503	1453	1494
1399435241590824519	1491	1517	1489	1464
1399435241610651892	1487	1517	1485	1472
1399435241685812036	1492	1507	1476	1486
1399435241784691884	1458	1540	1437	1535
1399435241801742897	1514	1484	1473	1503
1399435241817710162	1528	1469	1484	1488
1399435241891722150	1515	1489	1490	1480
1399435241908632777	1500	1504	1477	1494
1399435242010571497	1466	1533	1459	1511
1399435242026589217	1513	1483	1507	1463
1399435242043604612	1520	1473	1484	1488
1399435242112576959	1526	1465	1482	1492
1399435242129573127	1497	1492	1452	1528
1399435242145457512	1468	1517	1448	1532
1399435242245520110	1491	1487	1467	1520
1399435242319522723	1490	1486	1491	1498
1399435242336422458	1499	1480	1503	1484
1399435242352424546	1467	1501	1429	1553
1399435242428384232	1468	1502	1488	1499
1399435242468447316	1479	1494	1500	1489
1399435242546316756	1484	1488	1490	1495
1399435242563292557	1505	1471	1494	1487
1399435242579253198	1492	1488	1502	1474
1399435242655203855	1487	1500	1487	1483
1399435242672223580	1491	1500	1501	1469
1399435242776098378	1482	1507	1499	1469
1399435242795133646	1490	1497	1474	1496
1399435242867165245	1503	1486	1522	1446
1399435242884044709	1498	1494	1477	1489
1399435242900053217	1506	1491	1450	1514
1399435243001048075	1516	1476	1468	1498
1399435243075974873	1495	1497	1474	1491
1399435243091955385	1514	1482	1458	1504
1399435243108976616	1504	1489	1450	1509
1399435243183994474	1492	1499	1474	1487
1399435243199996100	1502	1489	1447	1519
1399435243297031979	1508	1477	1479	1494
1399435243312928044	1496	1487	1500	1474
1399435243329978913	1482	1499	1433	1540
1399435243400943210	1488	1490	1478	1501
1399435243417984921	1465	1509	1505	1486
1399435243515864031	1505	1471	1487	1502
1399435243532801309	1497	1488	1490	1495
1399435243600864962	1485	1504	1492	1497
1399435243625899357	1507	1492	1531	1455
1399435243725843547	1522	1482	1471	1507
1399435243741831290	1495	1516	1490	1490
1399435243818799076	1500	1508	1474	1504
1399435243835741458	1510	1504	1462	1510
1399435243937797521	1522	1499	1403	1549
1399435243953726961	1514	1511	1472	1481
1399435243970707979	1529	1500	1375	1558
1399435244044745633	1506	1521	1480	1463
1399435244139678795	1510	1510	1466	1474
1399435244156588901	1492	1518	1496	1455
1399435244172618160	1507	1503	1477	1483
1399435244274560898	1500	1517	1505	1452
1399435244290558751	1502	1513	1531	1425
1399435244360337234	1505	1490	1439	1535
1399435244377381795	1479	1502	1464	1517
1399435244477953702	1498	1479	1467	1514
1399435244497707829	1494	1485	1406	1563
1399435244569494174	1485	1496	1492	1484
1399435244611464781	1502	1494	1461	1509
1399435244681366714	1466	1517	1527	1455
1399435244704370728	1511	1507	1588	1368
1399435244802513105	1520	1514	1431	1537
1399435244818223213	1505	1524	1457	1497
1399435244889331347	1546	1500	1211	1728
1399435245008239982	1506	1525	1484	1459
1399435245024242748	1517	1504	1547	1402
1399435245102269536	1523	1504	1527	1407
1399435245210207812	1535	1495	1403	1523
1399435245253182554	1526	1488	1321	1594
1399435245329275775	1501	1509	1445	1489
1399435245424955196	1505	1497	1514	1433
1399435245464909881	1522	1488	1473	1469
1399435245542919003	1516	1514	1464	1464
1399435245559886960	1535	1501	1521	1407
1399435245649080285	1514	1507	1430	1506
1399435245760942499	1505	1507	1462	1487
1399435245776940254	1499	1507	1378	1567
1399435245846010787	1513	1483	1490	1476
1399435245862931991	1506	1487	1533	1443
1399435245980718613	1489	1506	1482	1492
1399435245996658782	1496	1515	1507	1461
1399435246072681095	1501	1509	1462	1506
1399435246168667292	1507	1501	1479	1491
1399435246210667069	1499	1505	1490	1484
1399435246282665041	1481	1529	1471	1505
1399435246301675324	1519	1504	1488	1480
1399435246381741255	1531	1501	1490	1469
1399435246489578603	1535	1497	1474	1483
1399435246505550844	1526	1507	1480	1478
1399435246522534534	1513	1521	1471	1486
1399435246598435963	1511	1518	1476	1482
1399435246615536100	1520	1511	1468	1487
1399435246631482625	1518	1514	1476	1480
1399435246734423224	1516	1516	1461	1499
1399435246750367368	1511	1516	1482	1482
1399435246821306612	1505	1518	1491	1477
1399435246838304111	1481	1531	1497	1478
1399435246854292738	1500	1506	1495	1486
1399435246955395723	1517	1485	1492	1497
1399435247029348416	1506	1491	1491	1502
1399435247046285603	1504	1491	1485	1510
1399435247062284196	1495	1495	1501	1501
1399435247138395295	1494	1494	1504	1504
1399435247154359875	1480	1499	1506	1506
1399435247255292020	1499	1480	1499	1518
1399435247272155433	1487	1496	1508	1504
1399435247348138809	1487	1498	1509	1501
1399435247365072222	1488	1495	1501	1507
1399435247381218929	1488	1499	1490	1514
1399435247480241386	1481	1508	1491	1506
1399435247499132371	1492	1497	1497	1501
1399435247573121898	1509	1480	1499	1499
1399435247589117558	1518	1473	1497	1499
1399435247605221692	1499	1495	1497	1497
1399435247679047326	1501	1497	1488	1492
1399435247774012763	1510	1494	1478	1497
1399435247791132622	1499	1507	1486	1486
1399435247806882405	1504	1500	1492	1478
1399435247881081259	1500	1504	1492	1478
1399435247897003713	1499	1505	1489	1481
1399435247998932795	1499	1507	1496	1477
1399435248015915021	1516	1488	1483	1491
1399435248031820771	1500	1498	1485	1496
1399435248100916009	1492	1497	1495	1490
1399435248117834795	1507	1480	1500	1487
1399435248134879800	1511	1471	1501	1495
1399435248232864472	1497	1478	1500	1500
1399435248249578580	1486	1486	1494	1508
1399435248326795646	1524	1433	1489	1515
1399435248342764266	1503	1459	1494	1519
1399435248416774679	1476	1484	1507	1507
1399435248459764368	1473	1482	1504	1506
1399435248530652066	1473	1482	1496	1515
1399435248546752466	1482	1469	1488	1522
1399435248563697545	1466	1485	1496	1515
1399435248644631355	1481	1479	1497	1505
1399435248660610539	1487	1479	1496	1504
1399435248758684254	1488	1488	1492	1497
1399435248775609388	1494	1485	1497	1490
1399435248845441445	1491	1494	1492	1492
1399435248861526388	1500	1485	1487	1498
1399435248878361780	1501	1486	1489	1489
1399435248980408390	1508	1483	1487	1487
1399435248996400125	1496	1494	1477	1500
1399435249070297674	1513	1474	1472	1506
1399435249087277471	1486	1492	1491	1491
1399435249103191519	1490	1482	1495	1486
1399435249203336193	1490	1484	1491	1496
1399435249274269407	1484	1488	1488	1497
1399435249290412047	1466	1504	1490	1492
1399435249307233042	1491	1479	1484	1499
1399435249407108265	1465	1505	1477	1502
1399435249424242943	1501	1476	1486	1486
1399435249492246193	1494	1487	1476	1488
1399435249515247365	1494	1494	1479	1479
1399435249615190200	1503	1486	1487	1468
1399435249632121350	1485	1500	1478	1478
1399435249704111032	1491	1500	1480	1478
1399435249720126364	1481	1510	1478	1480
1399435249823060434	1488	1509	1483	1477
1399435249839023449	1472	1527	1480	1482
1399435249856027809	1491	1510	1484	1480
1399435249928050365	1486	1520	1485	1483
1399435250024012852	1513	1498	1484	1480
1399435250041042957	1524	1490	1482	1482
1399435250056956297	1533	1485	1484	1484
1399435250132017841	1486	1526	1479	1487
1399435250173912641	1526	1488	1499	1482
1399435250243964230	1510	1502	1491	1496
1399435250266925235	1466	1536	1484	1511
1399435250283780317	1474	1523	1498	1504
1399435250493647461	1496	1502	1501	1505
1399435250589794227	1535	1460	1516	1497
1399435250605730115	1491	1506	1505	1505
1399435250676648470	1503	1495	1506	1500
1399435250693653824	1494	1502	1497	1507
1399435250709706798	1485	1515	1486	1514
1399435250784695564	1444	1545	1462	1531
1399435250880657697	1474	1515	1489	1508
1399435250896532734	1492	1495	1502	1498
1399435250913752437	1484	1499	1488	1507
1399435250988581046	1492	1492	1471	1514
1399435251005574542	1510	1479	1478	1503
1399435251107599718	1503	1495	1488	1488
1399435251123566117	1484	1516	1489	1485
1399435251139592546	1469	1534	1488	1482
1399435251209559557	1504	1502	1489	1479
1399435251225446668	1489	1517	1481	1487
1399435251242515423	1499	1509	1488	1478
1399435251342282552	1488	1516	1477	1489
1399435251416461287	1484	1518	1477	1491
1399435251435417273	1478	1526	1485	1485
1399435251455314542	1504	1506	1472	1491
1399435251528329009	1487	1529	1458	1500
1399435251569317778	1513	1515	1450	1501
1399435251641362289	1523	1508	1470	1477
1399435251658443142	1534	1499	1479	1474
1399435251674220746	1501	1531	1490	1469
1399435251748106745	1476	1549	1488	1469
1399435251765106647	1509	1524	1486	1471
1399435251862237509	1504	1523	1472	1491
1399435251879189216	1516	1507	1469	1495
1399435251947130756	1517	1506	1470	1494
1399435251972252915	1521	1506	1463	1497
1399435251989083723	1498	1531	1466	1491
1399435252089044364	1498	1527	1462	1491
1399435252106076065	1489	1529	1447	1513
1399435252178064977	1538	1474	1435	1528
1399435252194001694	1540	1472	1489	1474
1399435252210986479	1518	1503	1499	1454
1399435252286928147	1496	1531	1469	1478
1399435252389961367	1497	1535	1445	1496
1399435252407018190	1543	1485	1436	1498
1399435252422857143	1524	1505	1450	1486
1399435252492947256	1517	1510	1479	1460
1399435252509921858	1497	1520	1476	1465
1399435252606917672	1506	1510	1464	1477
1399435252627874098	1515	1496	1461	1486
1399435252699858650	1510	1494	1464	1489
1399435252716822721	1505	1497	1461	1495
1399435252732824126	1477	1519	1470	1491
1399435252928690351	1516	1480	1491	1491
1399435252945700080	1503	1492	1504	1479
1399435252962643244	1527	1472	1489	1498
1399435253060683986	1509	1495	1484	1503
1399435253132695674	1520	1482	1490	1499
1399435253149590559	1523	1477	1482	1505
1399435253165525489	1515	1481	1479	1513
1399435253238544681	1499	1488	1504	1487
1399435253254647078	1487	1491	1492	1507
1399435253357581234	1474	1502	1496	1515
1399435253373514107	1476	1490	1501	1511
1399435253390498718	1489	1479	1490	1520
1399435253459457834	1482	1484	1500	1504
1399435253475471408	1484	1484	1508	1489
1399435253572383489	1511	1463	1483	1508
1399435253589441900	1486	1497	1457	1522
1399435253605659313	1506	1485	1468	1502
1399435253685459565	1507	1492	1450	1516
1399435253705345916	1520	1490	1468	1487
1399435253775376688	1520	1495	1476	1476
1399435253818299739	1547	1476	1467	1476
1399435253887334683	1549	1478	1484	1454
1399435253910296725	1511	1526	1469	1467
1399435253927266653	1515	1529	1461	1469
1399435254003218014	1524	1520	1448	1478
1399435254099221944	1569	1470	1489	1430
1399435254116279035	1553	1489	1484	1437
1399435254132205210	1536	1508	1458	1466
1399435254205301937	1520	1520	1452	1478
1399435254222200844	1488	1540	1465	1469
1399435254323400144	1498	1525	1473	1473
1399435254340147527	1540	1470	1464	1494
1399435254356021690	1514	1499	1481	1485
1399435254426122337	1500	1506	1477	1496
1399435254466126644	1529	1483	1452	1526
1399435254539023259	1527	1487	1474	1502
1399435254555058065	1562	1447	1488	1488
1399435254571957372	1510	1515	1487	1483
1399435254675040198	1522	1511	1487	1483
1399435254748877720	1531	1505	1504	1464
1399435254769012655	1518	1514	1489	1479
1399435254784937582	1505	1526	1483	1489
1399435254886884376	1502	1519	1469	1509
1399435254960836398	1474	1536	1522	1465
1399435254977781517	1517	1489	1492	1497
1399435254994801007	1503	1503	1473	1516
1399435255094766974	1517	1498	1481	1500
1399435255170763900	1520	1509	1454	1516
1399435255187679528	1540	1496	1514	1452
1399435255203639274	1553	1495	1496	1458
1399435255303760038	1596	1448	1446	1503
1399435255320648905	1501	1553	1463	1488
1399435255390651025	1517	1536	1497	1452
1399435255407658435	1523	1523	1454	1495
1399435255505429171	1508	1525	1443	1519
1399435255526636183	1472	1548	1492	1478
1399435255599538329	1467	1540	1488	1492
1399435255616494945	1486	1514	1442	1545
1399435255714224609	1543	1449	1503	1492
1399435255731292055	1626	1342	1468	1527
1399435255747306034	1510	1487	1500	1498
1399435255817315796	1566	1424	1544	1448
1399435255858261586	1466	1546	1462	1517
1399435255930248528	1476	1544	1478	1486
1399435255946220192	1479	1543	1451	1510
1399435255963229758	1505	1511	1467	1503
1399435256061292046	1443	1561	1437	1535
1399435256132196401	1508	1513	1483	1487
1399435256149276416	1576	1434	1480	1484
1399435256165202262	1525	1510	1498	1462
1399435256265185093	1551	1487	1486	1465
1399435256282091355	1519	1535	1496	1445
1399435256356320951	1440	1591	1413	1525
1399435256373408753	1542	1495	1452	1486
1399435256478996759	1544	1484	1490	1457
1399435256495935960	1479	1549	1425	1516
1399435256566116056	1548	1485	1468	1464
1399435256584617041	1519	1517	1468	1466
1399435256598911676	1515	1521	1471	1463
1399435256677076168	1487	1543	1444	1492
1399435256773010554	1485	1543	1440	1499
1399435256788890913	1499	1522	1467	1469
1399435256805893388	1502	1510	1474	1470
1399435256879807592	1439	1558	1449	1504
1399435256896772984	1479	1521	1465	1492
1399435256998764013	1519	1477	1481	1481
1399435257014713313	1529	1470	1482	1480
1399435257031704017	1513	1483	1478	1484
1399435257100676002	1502	1494	1479	1483
1399435257117664754	1571	1416	1511	1446
1399435257133684789	1524	1478	1481	1479
1399435257231604269	1484	1514	1460	1500
1399435257248528300	1488	1511	1468	1494
1399435257320593204	1497	1505	1472	1487
1399435257336537677	1495	1509	1452	1505
1399435257353541518	1524	1484	1459	1499
1399435257458556225	1528	1488	1465	1484
1399435257529620069	1481	1538	1447	1502
1399435257546578277	1518	1507	1472	1477
1399435257562575111	1535	1496	1468	1479
1399435257636592123	1560	1476	1464	1479
1399435257653570006	1538	1508	1467	1471
1399435257750519088	1552	1492	1479	1462
1399435257766484416	1535	1518	1472	1468
1399435257782351284	1506	1543	1462	1477
1399435257855473761	1502	1543	1473	1469
1399435257872289439	1501	1540	1471	1471
1399435257969333236	1499	1537	1470	1479
1399435257986279728	1472	1546	1458	1498
1399435258057375393	1525	1498	1471	1484
1399435258074342892	1541	1472	1487	1474
1399435258090395709	1516	1499	1477	1487
1399435258164152758	1510	1506	1481	1481
1399435258207114893	1550	1459	1489	1474
1399435258277131362	1517	1496	1479	1487
1399435258300170074	1494	1513	1480	1492
1399435258316024977	1507	1492	1483	1491
1399435258393222810	1489	1508	1481	1496
1399435258488021642	1517	1477	1498	1479
1399435258504144418	1495	1495	1490	1490
1399435258521108316	1488	1497	1480	1505
1399435258596129151	1471	1511	1478	1509
1399435258616939330	1495	1488	1476	1511
1399435258634082455	1531	1457	1481	1506
1399435258733011007	1487	1502	1476	1514
1399435258749903119	1499	1490	1496	1494
1399435258820857446	1498	1489	1509	1482
1399435258836846923	1506	1487	1499	1499
1399435258853842022	1509	1486	1499	1497
1399435258954935640	1553	1440	1502	1494
1399435259025939611	1539	1461	1495	1499
1399435259042898602	1499	1507	1479	1510
1399435259058893958	1519	1489	1489	1494
1399435259131861855	1500	1506	1485	1500
1399435259148823922	1497	1507	1484	1499
1399435259244869440	1490	1507	1499	1490
1399435259265756114	1507	1488	1492	1499
1399435259281962978	1457	1532	1480	1509
1399435259357694713	1496	1496	1487	1500
1399435259374705260	1509	1480	1489	1500
1399435259471788253	1471	1511	1463	1524
1399435259488678784	1505	1480	1481	1508
1399435259559779247	1503	1482	1487	1502
1399435259575610488	1505	1486	1487	1500
1399435259592653107	1500	1498	1491	1489
1399435259669492736	1533	1468	1496	1481
1399435259713518354	1507	1503	1478	1495
1399435259784585019	1543	1466	1485	1485
1399435259800468058	1533	1487	1487	1479
1399435259817418905	1501	1522	1482	1482
1399435259890710772	1509	1509	1489	1470
1399435259986528129	1498	1517	1482	1482
1399435260002473597	1498	1513	1477	1491
1399435260019380609	1476	1531	1477	1496
1399435260104423609	1531	1476	1483	1489
1399435260121355091	1495	1516	1484	1484
1399435260219364853	1521	1489	1479	1489
1399435260236343103	1525	1481	1473	1499
1399435260307352400	1523	1483	1495	1478
1399435260324266388	1506	1500	1484	1488
1399435260426218579	1516	1488	1474	1500
1399435260443238831	1506	1496	1480	1497
1399435260459158864	1547	1446	1507	1473
1399435260532218927	1508	1487	1487	1491
1399435260630177120	1519	1474	1490	1486
1399435260650125261	1471	1522	1488	1488
1399435260666037369	1439	1549	1498	1479
1399435260742093322	1471	1526	1473	1499
1399435260840106134	1538	1462	1471	1501
1399435260857172626	1501	1514	1462	1502
1399435260873093911	1496	1527	1473	1482
1399435260950138288	1553	1469	1479	1483
1399435260990025988	1519	1523	1477	1477
1399435261066911730	1541	1506	1467	1478
1399435261082891474	1563	1486	1467	1469
1399435261099848660	1546	1515	1458	1472
1399435261200933522	1527	1540	1447	1479
1399435261275665863	1519	1549	1446	1480
1399435261292821622	1429	1612	1461	1469
1399435261308755491	1566	1489	1458	1472
1399435261517825761	1583	1497	1455	1462
1399435261615543927	1562	1519	1448	1478
1399435261632569737	1551	1523	1443	1485
1399435261701630223	1501	1565	1441	1491
1399435261724451646	1277	1726	1431	1522
1399435261822671530	1491	1546	1494	1477
1399435261839641882	1519	1523	1497	1478
1399435261911577675	1567	1483	1478	1478
1399435261927582409	1582	1470	1486	1471
1399435262028570328	1588	1465	1462	1494
1399435262045604575	1507	1555	1466	1485
1399435262062481914	1444	1601	1418	1532
1399435262138426659	1544	1516	1485	1468
1399435262243436919	1483	1564	1470	1489
1399435262260460990	1553	1503	1465	1484
1399435262342236678	1558	1501	1478	1471
1399435262358357289	1617	1425	1486	1467
1399435262461265604	1522	1535	1471	1490
1399435262477282339	1499	1550	1448	1514
1399435262549284715	1522	1531	1474	1489
1399435262565204988	1537	1511	1489	1477
1399435262582275851	1521	1529	1486	1480
1399435262687207722	1534	1509	1481	1487
1399435262763274816	1549	1489	1471	1497
1399435262779111096	1541	1496	1484	1484
1399435262796190539	1535	1501	1474	1496
1399435262872204914	1559	1466	1476	1499
1399435262912124009	1537	1488	1479	1502
1399435262989174663	1511	1514	1484	1499
1399435263006146302	1535	1491	1463	1522
1399435263022172472	1517	1508	1468	1519
1399435263097085551	1518	1509	1485	1500
1399435263113111123	1504	1521	1497	1486
1399435263210814097	1520	1505	1488	1495
1399435263227162039	1532	1492	1484	1499
1399435263297974823	1501	1522	1474	1510
1399435263314908826	1517	1504	1482	1501
1399435263330908697	1514	1505	1479	1506
1399435263432902200	1544	1472	1472	1515
1399435263452925766	1528	1495	1478	1507
1399435263522834889	1515	1504	1473	1511
1399435263539814355	1504	1515	1487	1498
1399435263555887972	1500	1519	1491	1494
1399435263632812938	1501	1516	1488	1503
1399435263735800766	1514	1505	1495	1495
1399435263751775108	1514	1505	1494	1496
1399435263768723454	1514	1507	1491	1491
1399435263837730653	1517	1508	1477	1502
1399435263854685204	1514	1518	1486	1486
1399435263952638725	1518	1509	1471	1497
1399435263968514116	1520	1509	1466	1500
1399435263985506815	1540	1487	1453	1508
1399435264057602855	1523	1502	1466	1500
1399435264074534397	1527	1494	1473	1492
1399435264091561134	1526	1497	1482	1482
1399435264193548853	1517	1506	1484	1480
1399435264267398368	1518	1505	1464	1500
1399435264283526255	1516	1499	1473	1490
1399435264300502561	1504	1508	1491	1474
1399435264376427875	1521	1489	1489	1479
1399435264475438201	1518	1488	1478	1495
1399435264492443720	1502	1500	1489	1487
1399435264508454088	1505	1497	1487	1489
1399435264579213551	1513	1485	1478	1503
1399435264610215787	1525	1472	1486	1495
1399435264627202932	1520	1473	1477	1508
1399435264724309136	1513	1483	1477	1506
1399435264740263181	1504	1489	1488	1497
1399435264809274217	1507	1482	1478	1511
1399435264826173132	1498	1489	1498	1502
1399435264842237281	1515	1470	1473	1528
1399435264939054931	1511	1476	1500	1500
1399435265009967828	1517	1474	1500	1496
1399435265027151134	1511	1486	1497	1497
1399435265043034172	1501	1505	1485	1500
1399435265118140423	1504	1508	1494	1481
1399435265160064814	1499	1507	1488	1480
1399435265231012545	1525	1487	1465	1497
1399435265247973379	1531	1487	1482	1478
1399435265263912168	1526	1497	1471	1480
1399435265366879945	1529	1502	1459	1484
1399435265437843677	1516	1524	1473	1465
1399435265454833265	1522	1526	1454	1476
1399435265470951169	1541	1504	1448	1482
1399435265574767765	1520	1524	1480	1454
1399435265591268022	1492	1549	1507	1433
1399435265662799718	1520	1524	1461	1486
1399435265678819985	1507	1531	1492	1461
1399435265778783683	1523	1508	1465	1499
1399435265795791771	1527	1496	1457	1516
1399435265864785920	1506	1510	1489	1494
1399435265880744990	1495	1522	1501	1482
1399435265974700719	1521	1500	1447	1538
1399435265991745781	1496	1525	1494	1494
1399435266007710909	1480	1540	1501	1488
1399435266082689698	1504	1527	1481	1500
1399435266124577530	1531	1508	1481	1496
1399435266196612144	1526	1514	1466	1502
1399435266213495185	1513	1523	1482	1482
1399435266229554737	1544	1482	1473	1497
1399435266333497171	1520	1503	1482	1490
1399435266405520899	1549	1467	1472	1502
1399435266422491209	1514	1505	1486	1486
1399435266438425550	1446	1557	1528	1448
1399435266544424439	1466	1536	1506	1477
1399435266619380405	1498	1500	1478	1511
1399435266636356641	1520	1469	1467	1522
1399435266652348015	1518	1471	1487	1510
1399435266726400532	1500	1485	1495	1507
1399435266742309973	1513	1466	1483	1517
1399435266839323451	1496	1485	1490	1507
1399435266856270408	1527	1453	1482	1516
1399435266872179386	1510	1477	1503	1497
1399435266946239782	1498	1491	1509	1488
1399435266963471613	1495	1495	1504	1485
1399435267060094595	1499	1495	1488	1497
1399435267077138184	1509	1486	1477	1506
1399435267093142644	1503	1495	1477	1504
1399435267165088274	1502	1494	1484	1499
1399435267182082772	1504	1489	1495	1490
1399435267198039685	1507	1486	1492	1492
1399435267300095006	1516	1478	1484	1501
1399435267367042768	1535	1466	1460	1529
1399435267384061379	1511	1488	1491	1500
1399435267400011577	1500	1498	1511	1486
1399435267481951745	1501	1497	1514	1484
1399435267590967083	1508	1500	1508	1479
1399435267607922793	1506	1506	1492	1490
1399435267623867240	1508	1506	1490	1490
1399435267696906423	1501	1518	1509	1476
1399435267712855949	1510	1506	1496	1491
1399435267813911748	1531	1488	1472	1513
1399435267829794289	1527	1491	1478	1507
1399435267903694951	1521	1496	1500	1487
1399435267920787911	1504	1513	1506	1481
1399435267936671437	1504	1510	1492	1497
1399435268036788446	1504	1506	1496	1498
1399435268053521338	1545	1463	1490	1505
1399435268123743215	1521	1491	1504	1496
1399435268140694508	1505	1505	1504	1498
1399435268156646873	1486	1520	1522	1476
1399435268232602072	1498	1506	1504	1496
1399435268343608866	1497	1505	1501	1501
1399435268360510052	1520	1482	1494	1508
1399435268376352769	1503	1488	1490	1514
1399435268452384382	1483	1506	1503	1503
1399435268557465025	1478	1511	1498	1508
1399435268573462994	1497	1488	1479	1531
1399435268593424960	1499	1484	1504	1504
1399435268664399690	1509	1476	1509	1501
1399435268680316679	1494	1496	1503	1503
1399435268697237680	1487	1504	1503	1501
1399435268798211229	1505	1486	1492	1507
1399435268872381324	1500	1494	1489	1504
1399435268889271901	1486	1509	1514	1482
1399435268905315367	1491	1508	1488	1499
1399435268981306645	1500	1504	1480	1503
1399435269081218994	1481	1521	1490	1486
1399435269097202463	1498	1513	1480	1488
1399435269114142146	1509	1501	1481	1487
1399435269190209028	1502	1506	1481	1489
1399435269206211733	1502	1506	1483	1487
1399435269223081140	1486	1520	1468	1504
1399435269320107900	1500	1504	1485	1489
1399435269337056901	1509	1492	1497	1480
1399435269407874613	1520	1484	1487	1487
1399435269425065832	1517	1487	1484	1486
1399435269441137591	1499	1507	1477	1491
1399435269541884494	1494	1517	1473	1490
1399435269615030983	1513	1502	1485	1474
1399435269630978359	1509	1507	1470	1487
1399435269647884764	1520	1495	1471	1480
1399435269719846757	1511	1503	1473	1482
1399435269743914284	1503	1511	1477	1479
1399435269848886766	1480	1534	1483	1468
1399435269865819233	1496	1521	1473	1476
1399435269936858620	1498	1519	1460	1494
1399435269953770634	1518	1499	1458	1496
1399435269969748681	1521	1494	1468	1487
1399435270069729391	1501	1516	1474	1483
1399435270086758131	1488	1526	1486	1478
1399435270157690274	1490	1516	1488	1484
1399435270173535116	1496	1510	1498	1483
1399435270190649284	1500	1500	1498	1489
1399435270264610784	1495	1495	1499	1490
1399435270307526373	1498	1494	1499	1488
1399435270375450627	1501	1490	1488	1499
1399435270392481741	1495	1492	1487	1504
1399435270408495576	1482	1497	1488	1503
1399435270510470893	1476	1509	1483	1502
1399435270586427854	1492	1497	1468	1513
1399435270603444691	1496	1506	1482	1486
1399435270619423418	1488	1524	1483	1479
1399435270722284819	1520	1499	1478	1478
1399435270794427433	1515	1515	1470	1479
1399435270811193307	1514	1526	1442	1505
1399435270827310208	1511	1531	1466	1479
1399435270926344296	1527	1515	1474	1474
1399435270942304613	1541	1500	1473	1473
1399435271013131908	1545	1499	1499	1448
1399435271029226831	1517	1529	1462	1487
1399435271130995637	1534	1503	1469	1484
1399435271148079454	1504	1529	1465	1492
1399435271220112001	1513	1513	1467	1495
1399435271235996921	1483	1536	1459	1507
1399435271333019206	1504	1506	1474	1494
1399435271348937874	1490	1509	1464	1515
1399435271366074958	1505	1497	1486	1490
1399435271441937969	1489	1508	1481	1500
1399435271543015246	1517	1483	1480	1499
1399435271562794139	1519	1485	1488	1486
1399435271578891488	1545	1463	1505	1461
1399435271654900310	1502	1521	1470	1485
1399435271753849309	1536	1494	1469	1478
1399435271770861476	1511	1531	1454	1482
1399435271786850058	1480	1557	1411	1523
1399435271860876834	1540	1502	1474	1460
1399435271901839210	1531	1506	1485	1451
1399435271973699404	1495	1542	1439	1500
1399435271990744493	1529	1513	1452	1484
1399435272006639162	1557	1473	1503	1437
1399435272109616532	1517	1521	1465	1480
1399435272126622964	1549	1477	1464	1483
1399435272195652569	1499	1524	1447	1508
1399435272211633072	1496	1519	1465	1499
1399435272310563504	1444	1553	1425	1545
1399435272327526527	1505	1497	1484	1492
1399435272402544753	1540	1459	1503	1473
1399435272419541919	1504	1496	1464	1515
1399435272517373952	1510	1489	1476	1503
1399435272533538736	1539	1461	1515	1462
1399435272550463532	1520	1488	1485	1489
1399435272627395069	1556	1449	1485	1485
1399435272643477800	1509	1503	1462	1504
1399435272719495754	1488	1522	1459	1509
1399435272760424549	1481	1527	1458	1513
1399435272833281891	1502	1502	1474	1500
1399435272849176195	1520	1478	1495	1486
1399435272866254836	1488	1509	1476	1505
1399435272939213540	1499	1499	1489	1491
1399435272980205201	1499	1497	1515	1468
1399435273052159595	1488	1511	1506	1481
1399435273068145393	1487	1510	1483	1506
1399435273085165510	1527	1477	1507	1476
1399435273161089729	1502	1502	1484	1499
1399435273178124149	1487	1517	1477	1506
1399435273278215695	1472	1531	1460	1527
1399435273294134498	1501	1501	1481	1508
1399435273364025035	1505	1492	1497	1492
1399435273381062179	1501	1499	1495	1492
1399435273397048602	1506	1494	1501	1486
1399435273502069778	1504	1500	1481	1506
1399435273518055847	1519	1489	1483	1500
1399435273589983104	1526	1486	1497	1478
1399435273605938105	1528	1497	1481	1485
1399435273622951562	1524	1505	1452	1509
1399435273697018248	1542	1486	1458	1502
1399435273791930706	1545	1480	1485	1477
1399435273808900544	1523	1504	1482	1482
1399435273824946757	1509	1514	1472	1491
1399435273899903164	1522	1501	1469	1499
1399435273915884024	1518	1499	1495	1480
1399435274016838069	1505	1509	1466	1510
1399435274033858118	1506	1502	1484	1499
1399435274049828117	1504	1500	1491	1496
1399435274119893945	1484	1516	1499	1497
1399435274135634761	1507	1492	1500	1496
1399435274152638445	1521	1477	1510	1487
1399435274254498862	1523	1474	1499	1499
1399435274270534569	1502	1494	1478	1522
1399435274344648924	1518	1473	1479	1529
1399435274362269094	1491	1491	1491	1525
1399435274437646953	1484	1492	1503	1520
1399435274479565647	1503	1469	1499	1528
1399435274551495639	1509	1465	1498	1527
1399435274567574896	1515	1462	1484	1540
1399435274587573188	1492	1482	1504	1521
1399435274662569489	1494	1481	1522	1503
1399435274679454856	1491	1483	1509	1516
1399435274779485372	1505	1469	1508	1517
1399435274795457011	1478	1492	1501	1524
1399435274865506600	1491	1483	1494	1527
1399435274881392453	1511	1461	1486	1535
1399435274898297064	1502	1468	1533	1487
1399435275000363838	1494	1477	1516	1501
1399435275016293940	1490	1480	1491	1525
1399435275090143758	1514	1454	1481	1529
1399435275106411874	1506	1462	1482	1528
1399435275123373761	1498	1468	1506	1506
1399435275199231385	1495	1473	1495	1516
1399435275300174332	1490	1482	1505	1501
1399435275317196365	1499	1471	1502	1502
1399435275333217072	1509	1467	1490	1511
1399435275407190968	1510	1468	1492	1507
1399435275424045670	1503	1476	1492	1507
1399435275521015407	1491	1487	1509	1490
1399435275538110206	1485	1496	1518	1480
1399435275554000870	1468	1513	1525	1472
1399435275625932828	1494	1489	1496	1500
1399435275641891890	1514	1471	1476	1518
1399435275658883554	1497	1492	1503	1486
1399435275763900691	1508	1483	1483	1504
1399435275834795285	1485	1510	1497	1486
1399435275850787638	1499	1499	1471	1505
1399435275867770856	1503	1499	1464	1508
1399435275940809846	1527	1483	1430	1525
1399435275981749225	1520	1499	1461	1486
1399435276052701673	1507	1520	1447	1487
1399435276069709889	1508	1525	1442	1482
1399435276085711665	1517	1519	1462	1460
1399435276159658034	1526	1514	1444	1473
1399435276176647524	1522	1526	1449	1460
1399435276276616202	1528	1526	1442	1461
1399435276292596332	1532	1531	1427	1467
1399435276362591480	1535	1528	1442	1450
1399435276379547707	1544	1524	1460	1426
1399435276479479207	1533	1533	1445	1445
1399435276496490005	1534	1532	1424	1470
1399435276512467541	1529	1533	1442	1461
1399435276581434089	1537	1524	1434	1468
1399435276622469530	1531	1531	1437	1473
1399435276693392025	1532	1526	1454	1461
1399435276716289736	1538	1515	1457	1476
1399435276790367771	1520	1524	1433	1501
1399435276832288422	1528	1505	1460	1498
1399435276903371751	1511	1507	1486	1490
1399435276920402606	1507	1507	1490	1490
1399435276936357985	1506	1506	1490	1497
1399435277034352531	1516	1499	1489	1500
1399435277050273432	1513	1504	1537	1457
1399435277126312382	1517	1496	1486	1514
1399435277143243257	1519	1494	1513	1491
1399435277244187188	1511	1503	1494	1508
1399435277260135812	1506	1510	1494	1506
1399435277331117161	1538	1481	1452	1537
1399435277347077581	1524	1507	1486	1495
1399435277444055016	1510	1521	1463	1514
1399435277461022422	1505	1531	1499	1473
1399435277477031319	1507	1534	1514	1448
1399435277555068815	1526	1511	1481	1489
1399435277758960785	1538	1500	1468	1483
1399435277858963921	1532	1507	1471	1480
1399435277875917152	1558	1477	1433	1520
1399435277891957806	1515	1523	1494	1464
1399435277967054799	1515	1515	1483	1483
1399435278010030856	1518	1505	1497	1476
1399435278078928989	1516	1503	1485	1491
1399435278094798721	1442	1568	1599	1365
1399435278111761786	1518	1507	1513	1466
1399435278209811422	1558	1461	1427	1545
1399435278225749069	1537	1486	1449	1525
1399435278297691594	1535	1490	1430	1540
1399435278319761715	1554	1466	1413	1549
1399435278417670062	1518	1503	1487	1487
1399435278434743817	1490	1524	1520	1461
1399435278502697834	1398	1595	1617	1340
1399435278525637146	1486	1531	1518	1461
1399435278542600950	1544	1468	1444	1534
1399435278617590126	1549	1460	1443	1536
1399435278720595857	1540	1467	1454	1531
1399435278736587615	1513	1494	1485	1504
1399435278753532758	1526	1473	1472	1523
1399435278827549863	1503	1495	1514	1484
1399435278844554243	1510	1481	1503	1501
1399435278945507307	1502	1487	1508	1502
1399435278961502402	1494	1496	1504	1506
1399435279036379249	1464	1523	1541	1472
1399435279052424661	1488	1492	1506	1517
1399435279069390948	1468	1510	1538	1489
1399435279142535475	1487	1483	1524	1514
1399435279184514667	1513	1453	1504	1536
1399435279259483868	1507	1452	1497	1547
1399435279276363247	1500	1453	1526	1528
1399435279292440529	1514	1442	1505	1544
1399435279371381421	1487	1470	1518	1532
1399435279467335755	1471	1488	1532	1516
1399435279486382714	1508	1453	1513	1529
1399435279506326799	1504	1458	1506	1531
1399435279580276048	1500	1466	1504	1529
1399435279597242739	1450	1518	1547	1471
1399435279613146568	1483	1487	1513	1508
1399435279715058393	1507	1467	1490	1531
1399435279731099353	1513	1460	1483	1535
1399435279799117683	1487	1481	1503	1507
1399435279816028312	1472	1496	1507	1503
1399435279833106857	1496	1474	1477	1531
1399435279938134920	1491	1479	1480	1528
1399435280011981137	1487	1481	1494	1513
1399435280028989799	1501	1467	1486	1516
1399435280044960157	1489	1479	1496	1506
1399435280121916174	1491	1477	1488	1514
1399435280138164736	1481	1483	1489	1513
1399435280239983544	1483	1481	1491	1510
1399435280256855926	1495	1476	1495	1509
1399435280329908882	1497	1478	1490	1509
1399435280347114055	1482	1492	1500	1500
1399435280362822818	1481	1498	1484	1516
1399435280464786118	1501	1480	1467	1531
1399435280537963378	1502	1485	1483	1521
1399435280553762299	1508	1479	1495	1509
1399435280570822860	1505	1482	1508	1500
1399435280647728795	1505	1486	1496	1508
1399435280666711916	1496	1500	1502	1498
1399435280767646741	1501	1501	1494	1504
1399435280784634086	1491	1517	1481	1510
1399435280854709665	1495	1518	1482	1505
1399435280871606632	1506	1508	1484	1501
1399435280888563529	1523	1494	1488	1499
1399435280988505955	1521	1496	1484	1503
1399435281004496145	1513	1506	1499	1486
1399435281075540653	1516	1501	1494	1494
1399435281092474471	1525	1491	1494	1494
1399435281108482627	1513	1502	1489	1500
1399435281208463675	1520	1488	1486	1509
1399435281281370147	1518	1490	1496	1504
1399435281298295556	1520	1486	1500	1506
1399435281314440501	1499	1503	1505	1505
1399435281413271460	1503	1499	1498	1508
1399435281424198904	1487	1517	1506	1498
1399435281493290993	1492	1511	1506	1498
1399435281510327699	1478	1526	1500	1500
1399435281612367372	1497	1516	1486	1509
1399435281631368744	1523	1491	1486	1503
1399435281647275549	1516	1499	1495	1495
1399435281718349647	1508	1513	1489	1494
1399435281813410225	1531	1495	1470	1504
1399435281829152796	1536	1487	1471	1499
1399435281846487922	1511	1516	1471	1497
1399435281922105568	1526	1499	1472	1498
1399435281964050938	1492	1532	1485	1485
1399435282035067784	1506	1519	1481	1485
1399435282051073666	1494	1536	1498	1470
1399435282067991560	1550	1480	1474	1489
1399435282168098462	1501	1534	1486	1473
1399435282242287846	1504	1529	1474	1487
1399435282258060641	1531	1496	1473	1499
1399435282274920286	1544	1468	1486	1497
1399435282375810755	1520	1484	1502	1494
1399435282391843894	1552	1435	1489	1517
1399435282468958405	1482	1505	1515	1498
1399435282484858722	1466	1515	1524	1490
1399435282580733944	1500	1481	1502	1513
1399435282597694949	1498	1491	1506	1500
1399435282668789356	1509	1484	1501	1501
1399435282685692159	1497	1497	1497	1501
1399435282787631481	1544	1453	1444	1545
1399435282804678374	1510	1496	1485	1500
1399435282820763535	1503	1514	1495	1480
1399435282896788398	1506	1519	1463	1503
1399435283015631695	1492	1526	1474	1494
1399435283031670025	1518	1495	1483	1491
1399435283102632077	1503	1511	1486	1486
1399435283118512196	1524	1495	1461	1507
1399435283229530663	1535	1492	1454	1503
1399435283245530253	1518	1514	1471	1476
1399435283321638174	1519	1513	1466	1481
1399435283413471486	1532	1505	1465	1484
1399435283430451677	1532	1509	1462	1487
1399435283532291278	1517	1521	1487	1462
1399435283548253288	1514	1520	1473	1480
1399435283565310562	1513	1515	1472	1487
1399435283634284790	1517	1498	1465	1499
1399435283651266019	1518	1490	1478	1492
1399435283748238530	1524	1473	1485	1496
1399435283765221866	1510	1477	1494	1498
1399435283781197635	1505	1476	1484	1514
1399435283853138407	1501	1471	1486	1520
1399435283870163744	1507	1461	1497	1522
1399435283886150200	1481	1487	1492	1526
1399435283985152303	1483	1489	1490	1524
1399435284057057226	1480	1501	1486	1520
1399435284073190752	1490	1499	1486	1511
1399435284090141460	1496	1500	1484	1516
1399435284165125430	1518	1484	1474	1519
1399435284207312608	1513	1496	1463	1524
1399435284278922316	1509	1505	1468	1508
1399435284294945761	1519	1500	1479	1494
1399435284311956956	1535	1482	1483	1485
1399435284386918052	1531	1490	1480	1486
1399435284403938864	1526	1492	1476	1492
1399435284505050725	1536	1487	1474	1491
1399435284521929537	1517	1513	1472	1489
1399435284593017264	1507	1522	1466	1496
1399435284609074331	1515	1517	1467	1492
1399435284625965156	1526	1507	1465	1492
1399435284728009572	1533	1502	1462	1494
1399435284756913092	1516	1522	1466	1487
1399435284814733157	1533	1506	1465	1486
1399435284830910991	1497	1539	1443	1510
1399435284847698876	1528	1516	1459	1488
1399435284920746123	1546	1496	1468	1477
1399435284960696781	1550	1492	1467	1476
1399435285031732389	1543	1506	1467	1471
1399435285048666626	1564	1487	1467	1467
1399435285064627924	1557	1503	1459	1469
1399435285139564186	1525	1541	1442	1484
1399435285235533238	1535	1541	1446	1478
1399435285252508074	1533	1541	1437	1488
1399435285268529328	1542	1531	1439	1489
1399435285343470437	1544	1528	1455	1477
1399435285360450119	1557	1503	1465	1476
1399435285376411390	1525	1533	1450	1495
1399435285474453722	1523	1527	1462	1491
1399435285491422492	1538	1502	1479	1483
1399435285564359925	1546	1481	1483	1494
1399435285586379817	1546	1470	1490	1497
1399435285603294972	1544	1470	1489	1504
1399435285698263775	1536	1472	1487	1519
1399435285770288144	1504	1504	1477	1531
1399435285787217954	1569	1424	1520	1492
1399435285803180779	1535	1470	1500	1510
1399435285877188588	1510	1498	1487	1521
1399435285893223403	1487	1521	1474	1533
1399435285995222071	1488	1522	1484	1522
1399435286012110776	1503	1511	1496	1510
1399435286028255328	1526	1488	1499	1503
1399435286097295679	1541	1479	1497	1497
1399435286113195937	1459	1560	1461	1535
1399435286214086372	1469	1555	1479	1515
1399435286231115116	1529	1504	1502	1489
1399435286307171544	1549	1484	1506	1481
1399435286324085802	1536	1508	1499	1484
1399435286340000493	1535	1514	1499	1476
1399435286412177864	1524	1528	1507	1469
1399435286454035850	1521	1531	1488	1488
1399435286523886304	1524	1524	1484	1497
1399435286546799048	1548	1491	1497	1488
1399435286563854031	1531	1509	1480	1509
1399435286639825474	1541	1491	1491	1506
1399435286738821602	1517	1513	1492	1511
1399435286758882935	1511	1514	1503	1505
1399435286774853750	1511	1511	1476	1534
1399435286847722424	1529	1500	1487	1521
1399435286864828054	1522	1514	1473	1528
1399435286880788655	1499	1537	1468	1527
1399435286980692057	1532	1507	1501	1492
1399435286996719723	1526	1509	1483	1515
1399435287067600604	1553	1472	1490	1507
1399435287084613573	1554	1470	1495	1503
1399435287100628232	1553	1476	1504	1489
1399435287201662135	1524	1514	1486	1505
1399435287272818470	1540	1496	1497	1495
1399435287289654368	1544	1487	1494	1496
1399435287305733411	1522	1514	1482	1507
1399435287379592171	1531	1498	1513	1479
1399435287422506700	1510	1521	1465	1524
1399435287491436951	1519	1513	1473	1516
1399435287514436169	1494	1529	1471	1522
1399435287531367406	1537	1488	1495	1495
1399435287631516792	1537	1499	1465	1514
1399435287700461503	1540	1499	1500	1474
1399435287731485351	1453	1577	1434	1536
1399435287747419161	1531	1509	1496	1481
1399435287846274628	1536	1500	1497	1478
1399435287918206304	1549	1499	1479	1485
1399435287934303595	1539	1516	1472	1487
1399435287951132972	1594	1440	1522	1442
1399435288053439883	1543	1500	1478	1492
1399435288069468506	1555	1482	1511	1461
1399435288140195450	1496	1541	1452	1524
1399435288156147873	1468	1551	1450	1542
1399435288257214397	1484	1528	1460	1548
1399435288273979467	1502	1498	1506	1515
1399435288349019662	1460	1536	1485	1540
1399435288366057540	1503	1495	1500	1523
1399435288467954415	1494	1506	1527	1494
1399435288483926303	1510	1491	1517	1502
1399435288503914086	1532	1471	1541	1468
1399435288573852471	1479	1523	1502	1517
1399435288670054746	1511	1490	1532	1478
1399435288686026596	1496	1502	1495	1516
1399435288701995522	1458	1536	1471	1535
1399435288775969546	1420	1564	1417	1579
1399435288818882803	1478	1524	1502	1504
1399435288888897428	1506	1498	1502	1498
1399435288905873604	1551	1466	1504	1472
1399435288921789839	1500	1546	1450	1503
1399435289021958879	1649	1372	1597	1337
1399435289096868921	1573	1484	1491	1451
1399435289112808494	1491	1569	1408	1532
1399435289129681810	1542	1522	1459	1482
1399435289230592727	1469	1576	1366	1565
1399435289247655378	1534	1516	1455	1494
1399435289316614257	1500	1544	1413	1533
1399435289338554769	1555	1482	1498	1453
1399435289434592457	1574	1460	1523	1422
1399435289451498189	1540	1511	1486	1454
1399435289539501173	1520	1535	1453	1485
1399435289555584158	1474	1567	1421	1518
1399435289656435748	1506	1533	1440	1499
1399435289672433763	1521	1510	1458	1489
1399435289742590635	1432	1569	1392	1561
1399435289759582597	1478	1528	1446	1522
1399435289775467088	1516	1482	1516	1461
1399435289848485196	1528	1463	1541	1439
1399435289889301259	1505	1486	1499	1484
1399435289961314533	1526	1476	1496	1481
1399435289978290188	1554	1449	1540	1429
1399435289994253763	1504	1504	1463	1507
1399435290069344821	1486	1526	1439	1535
1399435290165321245	1492	1511	1469	1505
1399435290181383984	1509	1490	1487	1491
1399435290198145360	1489	1506	1468	1515
1399435290272180120	1504	1489	1502	1483
1399435290289124007	1458	1531	1458	1531
1399435290305105587	1479	1508	1480	1511
1399435290408270589	1503	1480	1514	1482
1399435290427179822	1513	1468	1523	1474
1399435290498180315	1531	1450	1557	1433
1399435290514190585	1502	1479	1500	1498
1399435290531089293	1481	1500	1470	1527
1399435290630097177	1497	1480	1509	1492
1399435290699104313	1483	1498	1490	1507
1399435290722912485	1489	1489	1485	1515
1399435290739937966	1478	1499	1490	1511
1399435290815972690	1483	1494	1497	1505
1399435290831957476	1485	1496	1487	1510
1399435290933764910	1496	1489	1504	1489
1399435290950739751	1430	1551	1439	1541
1399435291022925133	1481	1515	1465	1514
1399435291039823399	1510	1491	1490	1482
1399435291055940328	1527	1483	1511	1448
1399435291157957226	1528	1492	1487	1466
1399435291248747818	1542	1490	1491	1451
1399435291265829991	1504	1535	1454	1484
1399435291281783459	1525	1521	1453	1479
1399435291358677385	1526	1522	1445	1485
1399435291560587474	1524	1526	1472	1455
1399435291582561153	1502	1549	1424	1506
1399435291680591922	1520	1528	1465	1473
1399435291696488939	1505	1535	1467	1478
1399435291768528078	1525	1515	1471	1476
1399435291784470735	1538	1500	1464	1483
1399435291800477277	1519	1523	1474	1474
1399435291871530628	1522	1516	1474	1479
1399435291920483197	1560	1463	1517	1447
1399435291993441034	1544	1477	1491	1483
1399435292009453195	1514	1509	1459	1518
1399435292026454536	1526	1495	1469	1514
1399435292102403952	1568	1435	1515	1474
1399435292206406891	1531	1482	1498	1494
1399435292223432145	1511	1495	1470	1523
1399435292239311737	1483	1525	1470	1521
1399435292308381169	1492	1520	1428	1553
1399435292324352142	1508	1506	1468	1521
1399435292341306331	1524	1490	1513	1477
1399435292441247180	1520	1492	1521	1462
1399435292515204689	1484	1528	1479	1508
1399435292532226553	1515	1502	1487	1496
1399435292548168256	1495	1524	1505	1476
1399435292624179898	1532	1488	1480	1495
1399435292666197301	1542	1486	1470	1494
1399435292738107029	1546	1500	1527	1422
1399435292760089342	1538	1521	1472	1466
1399435292777073954	1568	1488	1478	1454
1399435292850047083	1548	1515	1439	1494
1399435292866986630	1535	1528	1432	1502
1399435292965015941	1563	1486	1454	1486
1399435292981005414	1557	1486	1476	1469
1399435293051960641	1539	1511	1451	1491
1399435293068979166	1515	1538	1443	1498
1399435293085006610	1506	1546	1468	1470
1399435293184941441	1521	1540	1441	1496
1399435293200892449	1525	1538	1451	1487
1399435293272873548	1547	1511	1476	1465
1399435293289926475	1500	1554	1473	1478
1399435293305796340	1534	1526	1485	1466
1399435293403793993	1515	1538	1485	1477
1399435293419775321	1545	1511	1480	1484
1399435293492862380	1531	1535	1496	1462
1399435293508925838	1552	1516	1470	1485
1399435293668739310	1563	1507	1516	1437
1399435293684684408	1533	1543	1452	1501
1399435293722640013	1614	1421	1491	1483
1399435293819681673	1531	1523	1509	1469
1399435293835595453	1500	1554	1471	1501
1399435293907606852	1520	1537	1472	1502
1399435293923558500	1470	1571	1427	1549
1399435294024510980	1464	1572	1467	1518
1399435294041623637	1498	1548	1508	1479
1399435294057650189	1519	1536	1521	1464
1399435294127564790	1581	1482	1468	1496
1399435294168555057	1563	1522	1522	1425
1399435294239423324	1540	1555	1528	1416
1399435294255381393	1584	1506	1496	1445
1399435294272355726	1548	1533	1421	1526
1399435294373448544	1561	1500	1445	1515
1399435294447438776	1492	1558	1480	1482
1399435294463390888	1513	1540	1441	1525
1399435294480244474	1525	1521	1378	1585
1399435294584427051	1518	1526	1474	1506
1399435294654373331	1449	1569	1536	1462
1399435294670361042	1553	1468	1525	1472
1399435294686307587	1562	1483	1631	1318
1399435294786309287	1558	1507	1454	1505
1399435294803413024	1553	1526	1434	1517
1399435294874243061	1668	1347	1558	1408
1399435294891250665	1538	1500	1492	1492
1399435294988360340	1535	1507	1322	1623
1399435295003995748	1467	1570	1464	1508
1399435295021025440	1426	1595	1395	1573
1399435295093054317	1520	1495	1549	1460
1399435295187948791	1532	1465	1581	1432
1399435295204960489	1459	1565	1676	1282
1399435295220884565	1528	1542	1495	1465
1399435295298403058	1558	1513	1367	1572
1399435295337934113	1588	1437	1446	1528
1399435295419845264	1542	1490	1421	1547
1399435295436840135	1436	1584	1482	1482
1399435295510000464	1420	1599	1324	1610
1399435295519946373	1515	1523	1439	1519
1399435295616893844	1406	1593	1532	1442
1399435295633936873	1437	1568	1616	1334
1399435295649971435	1563	1461	1549	1404
1399435295722872017	1703	1313	1553	1367
1399435295739803512	1622	1424	1465	1450
1399435295840776868	1550	1518	1396	1521
1399435295856583952	1570	1482	1425	1490
1399435295873657618	1489	1554	1429	1495
1399435295942696592	1479	1561	1332	1576
1399435295958673835	1516	1522	1414	1509
1399435295975532719	1535	1492	1488	1444
1399435296182667864	1527	1481	1511	1446
1399435296258620549	1549	1461	1455	1500
1399435296299566146	1631	1365	1553	1393
1399435296367706026	1554	1460	1506	1455
1399435296386387140	1494	1527	1457	1505
1399435296405469000	1549	1465	1479	1498
1399435296479447492	1497	1516	1464	1515
1399435296496408690	1520	1488	1469	1509
1399435296626389305	1446	1552	1468	1527
1399435296699326319	1414	1578	1492	1514
1399435296715277204	1505	1501	1518	1488
1399435296812261514	1548	1451	1511	1492
1399435296829215147	1547	1461	1519	1485
1399435296901331644	1585	1423	1553	1433
1399435296917326984	1579	1439	1544	1446
1399435296934187351	1519	1508	1469	1524
1399435297010226192	1489	1533	1463	1534
1399435297050179907	1502	1515	1495	1509
1399435297121138926	1513	1498	1516	1495
1399435297138064331	1560	1442	1441	1561
1399435297155092641	1500	1504	1472	1541
1399435297230117417	1488	1514	1526	1492
1399435297370856654	1508	1502	1559	1430
1399435297446918655	1541	1472	1503	1488
1399435297463962963	1533	1489	1492	1492
1399435297569917448	1540	1478	1494	1485
1399435297585953443	1516	1501	1469	1514
1399435297658732321	1546	1464	1487	1494
1399435297674934046	1502	1510	1486	1497
1399435297691946919	1485	1529	1490	1495
1399435297791963194	1513	1500	1464	1519
1399435297864908906	1516	1497	1499	1484
1399435297881833358	1525	1485	1430	1546
1399435297897666676	1510	1500	1478	1507
1399435297973676504	1515	1491	1531	1458
1399435297990658843	1459	1537	1526	1471
1399435298091839469	1507	1488	1527	1472
1399435298107842138	1534	1461	1519	1481
1399435298124786414	1514	1480	1510	1491
1399435298194742229	1499	1497	1509	1490
1399435298210714922	1524	1473	1529	1468
1399435298311528758	1509	1484	1478	1524
1399435298328458796	1495	1499	1471	1526
1399435298402718860	1531	1455	1513	1491
1399435298419510300	1515	1470	1482	1524
1399435298435480852	1483	1506	1484	1518
1399435298510572098	1519	1472	1429	1558
1399435298553407498	1503	1488	1483	1513
1399435298622466975	1495	1499	1508	1485
1399435298639429303	1505	1499	1433	1545
1399435298658508167	1501	1511	1483	1491
1399435298734319437	1455	1558	1421	1542
1399435298805339705	1497	1535	1471	1490
1399435298842367675	1531	1509	1502	1453
1399435298859321446	1453	1582	1552	1387
1399435298875316588	1540	1526	1490	1435
1399435298951368059	1580	1490	1442	1473
1399435298968316866	1581	1514	1514	1380
1399435299071284542	1564	1536	1436	1455
1399435299087219344	1618	1477	1486	1397
1399435299156264656	1555	1547	1421	1465
1399435299179234445	1563	1531	1408	1484
1399435299277097506	1541	1544	1433	1469
1399435299294228131	1532	1542	1398	1519
1399435299365095057	1517	1543	1487	1445
1399435299382110179	1503	1537	1458	1500
1399435299485178316	1511	1509	1515	1460
1399435299501084252	1492	1507	1498	1506
1399435299517979458	1449	1535	1516	1507
1399435299590996090	1514	1465	1526	1507
1399435299697854716	1522	1467	1566	1451
1399435299713940260	1523	1468	1474	1549
1399435299730892605	1518	1459	1580	1450
1399435299803929008	1470	1500	1484	1555
1399435299899952025	1626	1276	1519	1546
1399435299916912273	1466	1451	1521	1558
1399435299932806974	1457	1469	1465	1594
1399435300005946842	1428	1510	1554	1508
1399435300048658506	1470	1474	1505	1549
1399435300119926267	1336	1580	1415	1626
1399435300135729199	1403	1504	1552	1534
1399435300152763474	1510	1424	1567	1487
1399435300251585228	1571	1391	1481	1548
1399435300267680469	1599	1413	1683	1249
1399435300338723772	1637	1387	1537	1423
1399435300354635298	1571	1436	1393	1571
1399435300453604437	1470	1525	1380	1593
1399435300473559627	1471	1531	1454	1534
1399435300546654095	1288	1603	1351	1473
1399435300562586622	1461	1421	1481	1375
1399435300659412741	1544	1326	1492	1340
1399435300675380801	1531	1348	1454	1366
1399435300692336321	1446	1425	1395	1408
1399435300763308842	1389	1467	1373	1432
1399435300859300406	1384	1453	1396	1424
1399435300875268220	1413	1405	1418	1399
1399435300892248494	1442	1370	1422	1403
1399435300932218300	1424	1369	1403	1415
1399435300992391698	1408	1378	1400	1420
1399435301078289288	1397	1385	1407	1413
1399435301095286524	1383	1391	1408	1408
1399435301151296342	1374	1399	1408	1408
1399435304277841146	1371	1386	1397	1402
1399435304277872292	1379	1371	1379	1409
1399435304277893829	1225	1509	1211	1604
1399435304277914744	1403	1350	1428	1346
1399435304277944646	1381	1379	1359	1406
1399435304277962117	1371	1392	1334	1429
1399435304277979306	1373	1392	1333	1428
1399435304277996369	1377	1388	1335	1426
1399435304278013395	1383	1383	1346	1415
1399435304278030183	1387	1376	1369	1394
1399435304278051339	1386	1373	1384	1384
1399435304278068284	1386	1371	1392	1377
1399435304278085319	1389	1370	1447	1320
1399435304278102356	1383	1355	1414	1374
1399435304278118680	1386	1343	1418	1378
1399435304278148300	1362	1390	1340	1433
1399435304278165122	1374	1378	1385	1389
1399435304278181992	1410	1317	1485	1314
1399435304278198773	1175	1175	1175	1175
1399435304278216036	1175	1175	1175	1175
1399435304278236811	1175	1175	1175	1175
1399435304278253982	1175	1175	1175	1175
1399435304278272627	1175	1175	1175	1175
1399435304278289454	1175	1175	1175	1175
1399435304278309038	1175	1175	1175	1175
1399435304278330041	1175	1175	1175	1175
1399435304278347118	1175	1175	1175	1175
1399435304278363543	1175	1175	1175	1175
1399435304278380727	1175	1175	1175	1175
1399435304278397219	1175	1175	1175	1175
1399435304278413755	1175	1175	1175	1175
1399435304278434502	1175	1175	1175	1175
1399435304278451200	1175	1175	1175	1175
1399435304278467846	1175	1175	1175	1175
1399435304278484444	1175	1175	1175	1175
1399435304278501270	1175	1175	1175	1175
1399435304278521785	1175	1175	1175	1175
1399435304278538341	1175	1175	1175	1175
1399435304278554827	1175	1175	1175	1175
1399435304278571102	1175	1175	1175	1175
1399435304278587821	1175	1175	1175	1175
1399435304278604391	1175	1175	1175	1175
1399435304278625014	1175	1175	1175	1175
1399435304278641647	1175	1175	1175	1175
1399435304278660474	1175	1175	1175	1175
1399435304278691212	1175	1175	1175	1175
1399435304278719154	1175	1175	1175	1175
1399435304278735997	1175	1175	1175	1175
1399435304278743781	1175	1175	1175	1175
1399435304278760857	1175	1175	1175	1175
1399435304278777473	1175	1175	1175	1175
1399435304278794032	1175	1175	1175	1175
1399435304278814871	1175	1175	1175	1175
1399435304278831861	1175	1175	1175	1175
1399435304278848666	1175	1175	1175	1175
1399435304278865357	1175	1175	1175	1175
1399435304278871082	1175	1175	1175	1175
1399435304278892144	1175	1175	1175	1175
1399435304278909029	1175	1175	1175	1175
1399435304278925543	1175	1175	1175	1175
1399435304278942067	1175	1175	1175	1175
1399435304278958568	1175	1175	1175	1175
1399435304278979439	1175	1175	1175	1175
1399435304278996559	1175	1175	1175	1175
1399435304279013108	1175	1175	1175	1175
1399435304279029648	1105	1105	1105	1105
1399435304279045878	1105	1105	1105	1105
1399435304279066675	1105	1105	1105	1105
1399435304279083109	1105	1105	1105	1105
1399435304279099644	1105	1105	1105	1105
1399435304279116087	1105	1105	1105	1105
1399435304279136991	1105	1105	1105	1105
