#Time	 Roll 	 Pitch 	 Yaw
1399407257714423650	0.000176211	0.0258542	0.439569
1399407257784382653	0.000417611	0.0263968	0.439779
1399407257806399033	0.000660979	0.0269365	0.44005
1399407257854323147	0.000914352	0.0274774	0.440326
1399407257871288573	0.00115808	0.0280194	0.440578
1399407257898210312	0.00139485	0.0285832	0.440816
1399407257943287615	0.00161016	0.0291137	0.441063
1399407258043200043	0.00184893	0.0296459	0.441331
1399407258083125883	0.00207535	0.0301734	0.441605
1399407258111106245	0.00230517	0.0307065	0.441863
1399407258128094045	0.00253834	0.0312149	0.442127
1399407258158099960	0.00275815	0.0317232	0.442402
1399407258192034498	0.00298367	0.0322542	0.442667
1399407258262967439	0.00320393	0.032771	0.442947
1399407258305984804	0.00342429	0.0332791	0.443208
1399407258322953484	0.00366064	0.0337832	0.443462
1399407258357960873	0.00388001	0.0342985	0.443668
1399407258464897812	0.00410601	0.0348142	0.443907
1399407258481798472	0.00435033	0.035349	0.444174
1399407258533791124	0.00455871	0.0358714	0.444446
1399407258550694310	0.00477572	0.0363853	0.444715
1399407258580743326	0.00523468	0.0373927	0.445225
1399407258674853053	0.00545937	0.0378814	0.445487
1399407258691778582	0.00568632	0.0383664	0.445763
1399407258781588893	0.00591579	0.0388432	0.446014
1399407258797570985	0.00613816	0.0393564	0.446235
1399407258814574987	0.0063591	0.0398367	0.446469
1399407258836534860	0.00657106	0.0403196	0.446687
1399407258867503994	0.00679539	0.0407944	0.446929
1399407258941481594	0.00701872	0.041289	0.447151
1399407258964429654	0.00720929	0.0417464	0.447362
1399407259000387679	0.00741544	0.0422198	0.447565
1399407259038381717	0.00763396	0.0426953	0.44781
1399407259106366841	0.0078693	0.043172	0.448042
1399407259122324833	0.00808958	0.043652	0.448254
1399407259168273986	0.00826675	0.0441286	0.44847
1399407259190267046	0.00846849	0.0446046	0.448716
1399407259219225268	0.00865259	0.0450697	0.448907
1399407259260273641	0.00882973	0.0455379	0.449103
1399407259358239165	0.00903149	0.0460321	0.449314
1399407259404163025	0.00921376	0.0464715	0.449548
1399407259438137798	0.00961675	0.0473745	0.449981
1399407259517046877	0.00979978	0.0478205	0.450185
1399407259534016923	0.0100261	0.048284	0.45039
1399407259550010148	0.0102301	0.0487279	0.450599
1399407259610955310	0.0104355	0.0491911	0.450821
1399407259672960502	0.0106277	0.0496256	0.451035
1399407259689901742	0.0108194	0.0500869	0.451219
1399407259710885087	0.0110038	0.0505464	0.451445
1399407259744837556	0.0111887	0.0509805	0.451653
1399407259854762436	0.011414	0.0514146	0.451888
1399407259871775930	0.0116174	0.0518642	0.452126
1399407259889749648	0.0118141	0.0522941	0.452336
1399407259905762618	0.0120325	0.0527179	0.452554
1399407259986731444	0.0122323	0.0531487	0.452776
1399407260010675161	0.0124289	0.0535587	0.453021
1399407260059826474	0.0128125	0.0543917	0.453472
1399407260151592099	0.0129937	0.0548241	0.453703
1399407260167652130	0.0131428	0.0552211	0.453898
1399407260201638946	0.0133105	0.0556128	0.454089
1399407260272592419	0.0135004	0.0560237	0.454331
1399407260288511800	0.013678	0.0564469	0.45449
1399407260355510084	0.0138401	0.0568598	0.454725
1399407260372519613	0.0140176	0.0572826	0.454936
1399407260388512144	0.0142071	0.0576906	0.455141
1399407260421461207	0.0143834	0.0580866	0.45537
1399407260517262573	0.0145534	0.0584802	0.4556
1399407260540314788	0.0147419	0.0588841	0.455823
1399407260557315423	0.0149135	0.0592905	0.456005
1399407260585372584	0.0150904	0.0596826	0.4562
1399407260628367754	0.0152727	0.0600722	0.456388
1399407260708211883	0.0154802	0.0604921	0.456603
1399407260728241539	0.0156381	0.0608674	0.456822
1399407260744259150	0.0157969	0.06124	0.457029
1399407260782171018	0.0159788	0.0616332	0.457282
1399407260881127195	0.0161626	0.0620074	0.457504
1399407260898088900	0.0163232	0.062388	0.457706
1399407260940028662	0.0164807	0.0627592	0.457922
1399407260963125626	0.0166367	0.0631431	0.45811
1399407261012915325	0.0168242	0.0635194	0.458301
1399407261031058955	0.0169884	0.0638972	0.458515
1399407261101949995	0.0171703	0.0643019	0.458688
1399407261189791462	0.0176538	0.0654298	0.459284
1399407261301786502	0.0178028	0.0658018	0.459491
1399407261318791058	0.0179818	0.0661911	0.459681
1399407261335745944	0.0181476	0.0665591	0.45987
1399407261383685005	0.0183333	0.0669207	0.460072
1399407261413685981	0.0184884	0.0672946	0.46031
1399407261426577269	0.0186638	0.0676628	0.460507
1399407261511672691	0.0188046	0.0680575	0.46069
1399407261528650166	0.0189602	0.0684204	0.460883
1399407261586595779	0.0191396	0.0687845	0.461053
1399407261603596711	0.0193108	0.0691403	0.461246
1399407261668671393	0.0194752	0.0695144	0.461458
1399407261686444239	0.0196404	0.0698599	0.461639
1399407261709516184	0.0198014	0.0702078	0.461839
1399407261737305582	0.0199671	0.070561	0.462061
1399407261846427431	0.0201279	0.0709319	0.462241
1399407261862210847	0.0203173	0.0713048	0.462429
1399407261881362739	0.020471	0.071639	0.462601
1399407261908242566	0.0206275	0.071979	0.462795
1399407261985201224	0.0207921	0.0723168	0.462981
1399407262039060441	0.0211093	0.0729989	0.463307
1399407262061079758	0.0212626	0.0733486	0.463488
1399407262100065291	0.0214334	0.0736827	0.463657
1399407262192008491	0.02163	0.0740073	0.463817
1399407262215945576	0.0218226	0.0743392	0.463996
1399407262264915411	0.0219827	0.0746662	0.464162
1399407262280917716	0.0221343	0.0749993	0.464352
1399407262301939378	0.022293	0.0753339	0.464517
1399407262357790659	0.0224265	0.0756613	0.464668
1399407262391828156	0.0225649	0.0759812	0.464852
1399407262488686639	0.0227114	0.0762871	0.465004
1399407262505674488	0.0228485	0.0766118	0.465189
1399407262522760338	0.0229918	0.076939	0.465372
1399407262557748063	0.023134	0.0772587	0.465552
1399407262629707261	0.0232725	0.0775781	0.465741
1399407262646598187	0.0234034	0.0779006	0.465901
1399407262680580366	0.0235438	0.0782352	0.466063
1399407262768571756	0.0236761	0.0785466	0.466207
1399407262784569659	0.0238317	0.0788452	0.466356
1399407262801521587	0.0239471	0.0791357	0.466498
1399407262873440454	0.0240836	0.0794261	0.466668
1399407262913372131	0.0242151	0.0797208	0.466814
1399407262932355926	0.0243362	0.0800165	0.467002
1399407262948472923	0.0244716	0.0803242	0.46714
1399407262984463191	0.0246122	0.080612	0.467318
1399407263083342683	0.0247476	0.0809186	0.467481
1399407263100382502	0.0248616	0.0812086	0.467633
1399407263152275572	0.0250078	0.0815247	0.467794
1399407263169159950	0.0251541	0.0818322	0.467979
1399407263199185403	0.0253105	0.0821287	0.468145
1399407263234221414	0.0254656	0.0824401	0.468327
1399407263305112035	0.0255853	0.0827363	0.468463
1399407263348106364	0.0256971	0.0830382	0.468617
1399407263365063583	0.0258079	0.0833382	0.468775
1399407263389048347	0.0259333	0.0836448	0.468913
1399407263418048048	0.026022	0.0839392	0.46903
1399407263458034798	0.0261287	0.0842607	0.469156
1399407263555975780	0.0262514	0.0845629	0.469312
1399407263602921293	0.0263868	0.084848	0.469454
1399407263629908851	0.0266813	0.0854105	0.469741
1399407263671826103	0.0268128	0.0856976	0.469869
1399407263713846112	0.0269346	0.0859796	0.470001
1399407263807745064	0.027072	0.0862544	0.470126
1399407263825713670	0.0271885	0.0865337	0.470304
1399407263842733940	0.027357	0.0868006	0.470463
1399407263875728295	0.0274746	0.0871019	0.47058
1399407263901649131	0.0275806	0.087364	0.470717
1399407263937659651	0.0276964	0.0876539	0.470825
1399407264003558330	0.0278247	0.0879004	0.470953
1399407264039600970	0.0279652	0.0881809	0.471119
1399407264092515357	0.0280713	0.0884552	0.471276
1399407264110406526	0.0281937	0.0887127	0.471417
1399407264252374666	0.0283148	0.0889902	0.471511
1399407264347276546	0.0284177	0.0892623	0.471647
1399407264370365847	0.0285159	0.0895175	0.47186
1399407264386492433	0.0285999	0.0898268	0.471884
1399407264463401287	0.0286896	0.0904952	0.47219
1399407264480270739	0.0289119	0.0909475	0.472333
1399407264497411751	0.0289668	0.0914792	0.473485
1399407264593305401	0.0289723	0.0926829	0.47335
1399407264610371508	0.0292119	0.0938399	0.474572
1399407264779176265	0.0292811	0.0938587	0.474253
1399407264795121719	0.0290808	0.0931855	0.475884
1399407264812063431	0.0289933	0.0923459	0.476692
1399407264912917972	0.0291283	0.0915518	0.477873
1399407264931913358	0.029241	0.0904701	0.479122
1399407265003799844	0.0293743	0.0891707	0.480155
1399407265020814060	0.0284516	0.0887152	0.481344
1399407265036912146	0.0281326	0.0879744	0.482619
1399407265112807679	0.0285812	0.085341	0.483655
1399407265213902766	0.030209	0.0774412	0.484483
1399407265230799591	0.0301945	0.0618877	0.484168
1399407265246793583	0.0292981	0.0445757	0.482493
1399407265441740673	0.019389	0.0218461	0.479293
1399407265458673533	0.0177119	0.0340826	0.479264
1399407265532510945	0.0162141	0.0539449	0.480596
1399407265549412071	0.0142548	0.068379	0.481749
1399407265565503846	0.00933655	0.0794711	0.482501
1399407265641572916	0.00574624	0.0908516	0.483434
1399407265741402823	0.00587601	0.101877	0.484382
1399407265758423772	0.00488948	0.107587	0.485471
1399407265774410653	0.00229201	0.107646	0.485601
1399407265847522089	0.000523619	0.104895	0.484981
1399407265864239881	0.00103759	0.101526	0.484169
1399407265959309261	0.00401654	0.0975406	0.483686
1399407265981310059	0.0064116	0.0880921	0.483417
1399407265998196523	0.00350475	0.0746233	0.483131
1399407266074141168	0.000460818	0.0623669	0.48248
1399407266094220669	0.00160262	0.0538427	0.481447
1399407266170159902	0.00519559	0.0488797	0.480165
1399407266210026409	0.005265	0.0459312	0.478628
1399407266281778634	0.000894714	0.0449819	0.477268
1399407266299025629	-0.00355259	0.0502529	0.476184
1399407266314922730	-0.00477728	0.0692578	0.475462
1399407266391781106	-0.00285308	0.0963708	0.474873
1399407266490719728	0.000666127	0.119443	0.475006
1399407266506852324	0.0035234	0.134424	0.475193
1399407266523819990	0.00420463	0.143524	0.475271
1399407266599817558	0.00231877	0.144292	0.475028
1399407266615746712	0.000103744	0.137865	0.474181
1399407266632629053	-0.000573472	0.130506	0.473026
1399407266732457921	0.000102338	0.118696	0.470782
1399407266748619455	0.000820136	0.100472	0.469436
1399407266821607222	0.00202474	0.0708335	0.468123
1399407266838557791	0.00209068	0.0458038	0.467293
1399407266939502509	0.00505677	0.0271537	0.466754
1399407266955541347	0.0105979	0.0192119	0.465893
1399407267025479873	0.0135039	0.0283423	0.465873
1399407267042408675	0.011782	0.0627273	0.467027
1399407267141245349	0.0116664	0.109807	0.46933
1399407267160281006	0.0162122	0.143854	0.472265
1399407267177185078	0.0198817	0.165949	0.47449
1399407267250188258	0.0211757	0.162704	0.474503
1399407267347247157	0.020554	0.144423	0.473333
1399407267364985545	0.019845	0.118286	0.471521
1399407267380148008	0.0197784	0.083182	0.469294
1399407267455123856	0.0169774	0.0525317	0.467011
1399407267496045062	0.0154358	0.0389353	0.465427
1399407267566833537	0.0141879	0.0277699	0.464964
1399407267583962839	0.0123264	0.010782	0.465321
1399407267600941412	0.0154321	0.0159982	0.466308
1399407267707805345	0.0255152	0.07666	0.469145
1399407267776902408	0.03871	0.147525	0.475667
1399407267793840829	0.0427178	0.183725	0.479318
1399407267810793636	0.0324116	0.170152	0.47882
1399407267909745754	0.0198953	0.136815	0.477187
1399407267928731233	0.0147693	0.111372	0.47542
1399407267999722840	0.0139672	0.0853934	0.47372
1399407268016711613	0.0101464	0.0593517	0.472721
1399407268118626109	0.00382786	0.0430191	0.472769
1399407268134522303	0.000485103	0.0361969	0.474408
1399407268204608318	0.00262706	0.0327861	0.476797
1399407268222416955	0.00612742	0.0395171	0.479429
1399407268318440638	0.0117808	0.0787235	0.482529
1399407268334295331	0.0205624	0.112037	0.485695
1399407268350434424	0.0264904	0.0997605	0.48748
1399407268426360745	0.0268896	0.0668606	0.487303
1399407268466352894	0.0208078	0.0434678	0.483931
1399407268538251068	0.0108182	0.0355898	0.481812
1399407268555322630	0.00526667	0.0389394	0.481878
1399407268571303513	0.00372697	0.062635	0.484092
1399407268671122946	0.00428624	0.102436	0.48778
1399407268741139067	0.0130232	0.136007	0.493131
1399407268760173709	0.0228014	0.154044	0.497713
1399407268853034077	0.025561	0.139074	0.500173
1399407268892936194	0.0253785	0.122415	0.501215
1399407268964833698	0.0249862	0.110644	0.502027
1399407268980973858	0.0245785	0.105775	0.502907
1399407268997747166	0.0237875	0.105582	0.50291
1399407269073852404	0.0242146	0.112918	0.503342
1399407269173558894	0.0247675	0.122852	0.504725
1399407269189670880	0.0239284	0.128365	0.50635
1399407269206725201	0.0219414	0.129506	0.507836
1399407269282604821	0.0199688	0.128175	0.509205
1399407269298585174	0.0172445	0.122524	0.510289
1399407269315636677	0.0132548	0.114818	0.511048
1399407269420629327	0.00918871	0.105061	0.511546
1399407269490551572	0.00717093	0.0935065	0.511705
1399407269506474850	0.00869763	0.083996	0.512212
1399407269523510116	0.0125828	0.0790104	0.51296
1399407269599336033	0.014291	0.0747125	0.513828
1399407269640245063	0.0125457	0.0674134	0.514761
1399407269715317653	0.0116777	0.0611784	0.515582
1399407269732481121	0.012978	0.0640585	0.515834
1399407269748244632	0.0129778	0.0741811	0.515629
1399407269827324689	0.0101997	0.0842104	0.515031
1399407269844298785	0.00714124	0.0887969	0.513924
1399407269944252357	0.00577007	0.0888256	0.512346
1399407269961173561	0.00708987	0.0894978	0.511438
1399407270167060995	0.0227887	0.0826738	0.506425
1399407270239014793	0.0263745	0.0771922	0.504891
1399407270254948195	0.0280546	0.0744164	0.503741
1399407270350750827	0.0291709	0.0812534	0.502742
1399407270367823622	0.0273139	0.0889325	0.502553
1399407270559767502	0.0144365	0.113363	0.506155
1399407270576733071	0.0158846	0.114455	0.50691
1399407270593692981	0.0185368	0.1154	0.507768
1399407270690658397	0.0201218	0.115988	0.508723
1399407270706603100	0.0236612	0.113427	0.509482
1399407270778588194	0.0305228	0.107562	0.510091
1399407270795521853	0.0377626	0.0997482	0.510773
1399407270811494031	0.042145	0.0929833	0.51137
1399407270887522457	0.0425035	0.0903839	0.510575
1399407270983594259	0.0420211	0.0938727	0.51058
1399407271000440799	0.0429288	0.100196	0.511355
1399407271016212495	0.0436046	0.108471	0.512239
1399407271094479525	0.043764	0.114681	0.512589
1399407271111317458	0.0431914	0.117886	0.512739
1399407271207219090	0.0409768	0.123772	0.511518
1399407271223271403	0.0376617	0.132296	0.509101
1399407271239265803	0.0339679	0.139165	0.505523
1399407271314169754	0.0307582	0.143254	0.500945
1399407271330151053	0.0279935	0.145532	0.496301
1399407271347131279	0.023212	0.143171	0.492065
1399407271447120449	0.0177262	0.135202	0.488227
1399407271516063279	0.016159	0.124308	0.484273
1399407271539050012	0.019244	0.102958	0.478131
1399407271556011939	0.0185929	0.0854182	0.473894
1399407271656021804	0.0152074	0.0799899	0.471694
1399407271673074702	0.0155088	0.0794752	0.470351
1399407271749948213	0.00898647	0.0844681	0.470509
1399407271766936409	-0.00499558	0.0899423	0.472663
1399407271866793164	-0.0135692	0.0959224	0.478477
1399407271883769617	-0.0126801	0.107281	0.484293
1399407271954854387	-0.0155543	0.116953	0.489622
1399407271975766811	-0.0129411	0.113375	0.494707
1399407272076719467	-0.0039283	0.100583	0.497857
1399407272093664582	0.00386292	0.0886821	0.499793
1399407272168697278	0.00904824	0.0742898	0.502574
1399407272185619220	0.0197485	0.0585264	0.504737
1399407272279522248	0.021954	0.0527719	0.506521
1399407272296511778	0.00856265	0.0589376	0.508867
1399407272312458880	-0.00215832	0.0743143	0.510634
1399407272385436916	0.000479806	0.093883	0.511797
1399407272482536235	0.0022057	0.111791	0.511348
1399407272499438685	0.00391511	0.122229	0.510662
1399407272515372830	0.0144859	0.132955	0.51017
1399407272626218153	0.0390059	0.118395	0.503606
1399407272697560840	0.045459	0.0952238	0.498802
1399407272714158001	0.0517502	0.0802884	0.49509
1399407272730255997	0.050242	0.0816755	0.492926
1399407272837146958	0.0441356	0.0938776	0.492463
1399407272912920702	0.040598	0.106162	0.494827
1399407272928942852	0.042769	0.119037	0.49646
1399407272945980392	0.0420678	0.148788	0.498858
1399407273042842322	0.0447672	0.155797	0.499948
1399407273059031706	0.0558292	0.1341	0.496963
1399407273129919760	0.0501657	0.10974	0.491047
1399407273151943530	0.0285308	0.0971904	0.487602
1399407273255842069	0.013205	0.0969116	0.487085
1399407273272761927	0.00974718	0.112376	0.488344
1399407273346723037	0.000216171	0.133374	0.490108
1399407273362855478	-0.0107744	0.136784	0.492816
1399407273474785591	-0.0126895	0.129936	0.495977
1399407273490642708	-0.00899257	0.110477	0.498322
1399407273562605750	-0.00185062	0.0948301	0.498124
1399407273659541815	0.00961962	0.0933359	0.497417
1399407273700481318	0.0173297	0.10483	0.498813
1399407273782488291	0.0153831	0.124207	0.499447
1399407273798456217	0.0143657	0.124104	0.498388
1399407273883329813	0.0186269	0.110037	0.494842
1399407273980266770	0.0214602	0.0998871	0.491639
1399407273997436979	0.0222457	0.0938796	0.48912
1399407274013233044	0.0220096	0.0944139	0.487119
1399407274088063865	0.0219207	0.10146	0.485645
1399407274105199755	0.0232791	0.112868	0.485348
1399407274208152616	0.0270012	0.122596	0.484437
1399407274224150804	0.0295053	0.127638	0.482678
1399407274241004677	0.0277035	0.128255	0.480077
1399407274310972352	0.024308	0.124413	0.47688
1399407274327978747	0.0229788	0.116312	0.473913
1399407274344009116	0.0231995	0.108416	0.471264
1399407274442808843	0.0221742	0.102653	0.469213
1399407274513794294	0.01777	0.102227	0.4678
1399407274530834612	0.0118827	0.107282	0.467046
1399407274547841288	0.00731729	0.114876	0.468393
1399407274620676151	0.00469797	0.119973	0.470622
1399407274664697999	0.0037473	0.123302	0.473375
1399407274734626568	0.00258626	0.129074	0.476028
1399407274750624198	0.00152642	0.13401	0.47811
1399407274767707022	0.00404046	0.133529	0.479866
1399407274844583444	0.00950545	0.131206	0.481033
1399407274863558333	0.0142872	0.128238	0.482018
1399407274964556922	0.0174941	0.123839	0.483327
1399407274981440686	0.0196009	0.119273	0.484398
1399407275054482914	0.0198512	0.117326	0.484868
1399407275070443242	0.0190748	0.118855	0.485455
1399407275087443809	0.018657	0.123454	0.486578
1399407275188271081	0.0177964	0.130275	0.48797
1399407275369321931	0.0154939	0.144857	0.490926
1399407275386048586	0.0178447	0.144674	0.491752
1399407275402185397	0.0210936	0.13984	0.491843
1399407275480035138	0.0240138	0.132966	0.491427
1399407275579949579	0.0239575	0.128279	0.491032
1399407275596002742	0.0220769	0.126879	0.490922
1399407275612999509	0.0223555	0.124766	0.490359
1399407275685975125	0.0284927	0.121092	0.489308
1399407275702024775	0.0369761	0.119801	0.487626
1399407275800905733	0.0421234	0.121115	0.48557
1399407275818863647	0.0411844	0.124363	0.484098
1399407275835853440	0.0365102	0.126461	0.482821
1399407275909743074	0.0314818	0.124122	0.481875
1399407275926817221	0.0263515	0.119088	0.481205
1399407275942677916	0.0211548	0.116606	0.480644
1399407276043638377	0.0169059	0.11897	0.480448
1399407276113654721	0.0173066	0.12146	0.480113
1399407276136554151	0.0214241	0.122107	0.479987
1399407276152675439	0.0250588	0.121358	0.480233
1399407276228519305	0.0256168	0.122487	0.480954
1399407276328532565	0.0245431	0.128424	0.482591
1399407276344476758	0.0228029	0.137626	0.484483
1399407276361434411	0.0216954	0.143419	0.486545
1399407276437495860	0.0241379	0.141031	0.488128
1399407276453321337	0.0316821	0.134192	0.488831
1399407276470329821	0.0429103	0.128869	0.488644
1399407276570316451	0.0516695	0.124072	0.488269
1399407276586295258	0.0524042	0.11703	0.488588
1399407276658297936	0.0475639	0.10749	0.489875
1399407276675164969	0.0397702	0.0950425	0.493335
1399407276774094839	0.0307973	0.0912101	0.497949
1399407276790083118	0.0164093	0.0927029	0.502136
1399407276860968847	-0.00261089	0.0994844	0.505826
1399407276883044840	-0.00763448	0.111773	0.508223
1399407276983868247	-0.000620691	0.126147	0.51051
1399407276999956161	0.00680017	0.13806	0.512864
1399407277015773467	0.00895294	0.144153	0.51177
1399407277092830894	0.0114167	0.141226	0.507858
1399407277193791593	0.0139485	0.138079	0.502029
1399407277211778570	0.0192439	0.130761	0.495984
1399407277228695491	0.025445	0.118956	0.490847
1399407277305025409	0.0237652	0.106124	0.484421
1399407277400539312	0.0197911	0.0958734	0.478282
1399407277416503504	0.0156273	0.0920528	0.474576
1399407277433475897	0.0114702	0.0956731	0.471801
1399407277508443409	0.00447943	0.105671	0.469398
1399407277552586153	-0.0128338	0.122079	0.467507
1399407277621491498	-0.0220683	0.145417	0.466515
1399407277638458837	-0.0162658	0.164292	0.468488
1399407277654496353	-0.00403404	0.171485	0.470492
1399407277755480122	0.00779353	0.169165	0.471212
1399407277829344763	0.0248417	0.145198	0.470292
1399407277846337647	0.05	0.113135	0.467821
1399407277862475496	0.0669992	0.0870468	0.464384
1399407277965293234	0.0703991	0.0765226	0.462283
1399407277982553329	0.060114	0.0882864	0.46216
1399407278054241975	0.0399135	0.116712	0.463428
1399407278070138627	0.0226773	0.150905	0.464611
1399407278170113354	0.0249658	0.178013	0.46718
1399407278186062508	0.0307514	0.192136	0.469292
1399407278260952592	0.03847	0.17107	0.470398
1399407278278028858	0.0572784	0.12234	0.46644
1399407278378916552	0.0679427	0.0863522	0.461205
1399407278394907306	0.0601593	0.0735556	0.458908
1399407278470869546	0.0366959	0.0899824	0.46075
1399407278486864954	0.0107376	0.124869	0.465715
1399407278584806578	-0.00980176	0.159094	0.470834
1399407278602639530	-0.0191577	0.181543	0.474376
1399407278619747684	-0.0217333	0.187657	0.476242
1399407278693552241	-0.012987	0.156794	0.476839
1399407278793494821	0.000815472	0.109811	0.476098
1399407278813588899	0.0139206	0.0696277	0.472192
1399407278829561728	0.0140071	0.0669056	0.468737
1399407278902397738	0.00264936	0.112139	0.467641
1399407278919360219	-0.00285042	0.142656	0.467563
1399407279025374504	-0.00512477	0.160183	0.47091
1399407279041316472	-0.00784137	0.165909	0.473787
1399407279115216922	-0.00921458	0.159228	0.475379
1399407279131173229	-0.00468194	0.137081	0.475127
1399407279148137082	0.00546329	0.109901	0.474269
1399407279249096890	0.0192947	0.0943504	0.472925
1399407279323161260	0.0323337	0.0976547	0.472304
1399407279340245084	0.0406654	0.110666	0.472565
1399407279356202079	0.0454584	0.120055	0.472825
1399407279428173689	0.0501345	0.124428	0.472303
1399407279452099751	0.0549222	0.13374	0.473028
1399407279643990363	0.0574761	0.148014	0.473249
1399407279660047801	0.0568134	0.157276	0.47285
1399407279676963246	0.0526763	0.155268	0.471436
1399407279752840749	0.046387	0.142698	0.468526
1399407279768928735	0.0400228	0.125117	0.463815
1399407279866846367	0.0334916	0.111162	0.459013
1399407279884764284	0.0281569	0.104415	0.455099
1399407279900760227	0.0245828	0.103842	0.452283
1399407279981771623	0.0232395	0.106887	0.450569
1399407279997738903	0.025253	0.114514	0.451562
1399407280072679734	0.0299844	0.125186	0.453428
1399407280112660932	0.0376394	0.136066	0.456017
1399407280183528434	0.0480931	0.147274	0.459099
1399407280200557756	0.0574539	0.155835	0.461912
1399407280216567695	0.0620194	0.160674	0.46513
1399407280292570111	0.0619876	0.163449	0.468291
1399407280402402053	0.0550006	0.157672	0.473715
1399407280419390335	0.049662	0.145276	0.474929
1399407280435410099	0.0469491	0.132398	0.475021
1399407280511287890	0.0420242	0.11787	0.47441
1399407280528431616	0.0304718	0.100985	0.473463
1399407280629234834	0.0149443	0.0878849	0.472612
1399407280645268009	0.00213001	0.0833323	0.471831
1399407280714219871	-0.00157041	0.086719	0.471687
1399407280730303271	0.00354712	0.101808	0.471508
1399407280747226726	0.0136699	0.130632	0.472069
1399407280849096309	0.024573	0.159883	0.473253
1399407280865042851	0.0333712	0.177745	0.474661
1399407280934004044	0.0407788	0.185864	0.476034
1399407280950960239	0.0459887	0.191392	0.476761
1399407280966967042	0.0490845	0.195761	0.477085
1399407281041778018	0.050618	0.195358	0.477098
1399407281141802931	0.0482476	0.184971	0.476954
1399407281158801469	0.0397364	0.157992	0.477252
1399407281174770128	0.0284875	0.123895	0.477462
1399407281250785413	0.0173539	0.0908682	0.477067
1399407281267768853	0.00893711	0.0681727	0.476481
1399407281367726279	0.00371751	0.0596267	0.476463
1399407281383697884	-0.00183373	0.0615128	0.476856
1399407281400604144	-0.00772673	0.0640151	0.476602
1399407281473647918	-0.0107099	0.0732317	0.477033
1399407281489605691	-0.00873595	0.0959493	0.478436
1399407281505564793	-0.00220484	0.122339	0.480051
1399407281605537480	0.0200813	0.16403	0.484924
1399407281678558691	0.0452501	0.20324	0.488827
1399407281695498623	0.0549877	0.215999	0.490644
1399407281711347583	0.0557604	0.202205	0.491028
1399407281812568982	0.0489818	0.17079	0.490821
1399407281829378782	0.0355817	0.133534	0.490132
1399407281900463362	0.0167099	0.0856693	0.490091
1399407281916488745	0.00583932	0.0475688	0.491367
1399407282017564922	-0.0043982	0.0323445	0.491951
1399407282039263825	-0.0131013	0.0304891	0.491995
1399407282104017417	-0.00526402	0.0348415	0.493993
1399407282121196406	0.0198155	0.084513	0.493081
1399407282215210629	0.044362	0.152525	0.487835
1399407282238050497	0.0683612	0.203324	0.489946
1399407282254040795	0.0950534	0.235448	0.492828
1399407282330979667	0.104362	0.241829	0.491124
1399407282425928777	0.0889462	0.219599	0.486352
1399407282449775547	0.0553185	0.155405	0.481315
1399407282465946623	0.0264437	0.0961607	0.476475
1399407282542705057	0.00620089	0.0680178	0.473158
1399407282582827298	0.00135453	0.0645644	0.473415
1399407282653687990	0.0165254	0.0757611	0.47443
1399407282670769505	0.0450722	0.118989	0.474756
1399407282686695843	0.0789651	0.176571	0.479176
1399407282788705084	0.111017	0.224035	0.484686
1399407282861669554	0.118364	0.250441	0.494558
1399407282880521057	0.101488	0.253996	0.49888
1399407282897631899	0.0594483	0.192421	0.49726
1399407282994472734	0.00761594	0.110749	0.497419
1399407283010445094	-0.0374496	0.0680271	0.500916
1399407283082726989	-0.0514171	0.0586774	0.50271
1399407283099464593	-0.0269971	0.0571139	0.503466
1399407283199479483	0.0131771	0.0762315	0.504783
1399407283215415854	0.0504668	0.127528	0.504449
1399407283294364516	0.0719179	0.190274	0.505603
1399407283334250389	0.033472	0.142525	0.504498
1399407283406276807	-0.0133292	0.083814	0.508146
1399407283425211709	-0.0378162	0.0538568	0.510906
1399407283512161628	-0.0288059	0.047696	0.510589
1399407283617041775	-0.00415376	0.0492931	0.509136
1399407283634041591	0.0117628	0.0588739	0.507934
1399407283720984068	0.0283461	0.0896339	0.507922
1399407283740892573	0.0380493	0.106765	0.507546
1399407283863879065	0.0439884	0.106445	0.506261
1399407283934848998	0.0488888	0.105823	0.505609
1399407283950766096	0.0546118	0.107822	0.504641
1399407283967716134	0.0602068	0.113624	0.504178
1399407284041784941	0.0668741	0.124989	0.504034
1399407284138619170	0.0735073	0.139466	0.503862
1399407284154601752	0.0788013	0.156269	0.505837
1399407284170419937	0.0820519	0.170802	0.507566
1399407284245615606	0.0819994	0.178673	0.505078
1399407284261600913	0.0784073	0.179309	0.498458
1399407284357535249	0.0735437	0.177429	0.491877
1399407284374433476	0.0695218	0.173933	0.488853
1399407284390546769	0.0658613	0.16864	0.486183
1399407284466333347	0.0626831	0.163905	0.481618
1399407284483400252	0.0597902	0.162859	0.475662
1399407284499447664	0.0587555	0.168999	0.470722
1399407284604366925	0.0591713	0.179767	0.466568
1399407284675190410	0.0583904	0.189801	0.463505
1399407284691230631	0.0562359	0.195398	0.463489
1399407284708220373	0.0531104	0.198405	0.46595
1399407284781261828	0.0526434	0.200815	0.468127
1399407284821114056	0.0519776	0.2	0.466699
1399407284896239732	0.044595	0.189179	0.464946
1399407284915204027	0.030861	0.169364	0.464307
1399407284932022384	0.0153141	0.148828	0.465508
1399407284997078249	0.00379052	0.133616	0.467313
1399407285014049836	-0.00121606	0.124566	0.465439
1399407285109934577	0.000418912	0.120098	0.464383
1399407285126911012	0.00427531	0.119918	0.464804
1399407285142967476	0.00776392	0.121395	0.466282
1399407285218900662	0.0119312	0.126417	0.468271
1399407285235867239	0.0167161	0.134369	0.471687
1399407285338606486	0.0216711	0.141201	0.475041
1399407285354642106	0.0246438	0.146681	0.477614
1399407285429674324	0.0228024	0.152744	0.479334
1399407285446699520	0.0152149	0.15572	0.480621
1399407285462644371	0.0045237	0.1473	0.48394
1399407285537387589	-0.004147	0.131652	0.486291
1399407285577433489	-0.00935005	0.113388	0.486772
1399407285649382885	-0.0108125	0.0962726	0.485732
1399407285665337233	-0.00878686	0.0845921	0.484455
1399407285682318665	-0.00333745	0.0800211	0.483394
1399407285759477773	0.00216167	0.0788575	0.482789
1399407285858369235	0.00837355	0.083678	0.483235
1399407285875311173	0.0156031	0.0950527	0.484586
1399407285891266066	0.0229444	0.107093	0.485719
1399407285965302079	0.0317138	0.120675	0.486771
1399407285985214029	0.0415067	0.134402	0.487302
1399407286005298376	0.0494708	0.145429	0.487771
1399407286104121078	0.0516255	0.153752	0.488169
1399407286174113879	0.049444	0.160757	0.488155
1399407286197075852	0.0422783	0.163045	0.488435
1399407286213102732	0.0306579	0.153028	0.487636
1399407286283911233	0.0198359	0.13426	0.485696
1399407286404941649	0.00668351	0.10022	0.480693
1399407286420875664	0.00382222	0.0928945	0.478971
1399407286497807936	0.00569263	0.0892621	0.477309
1399407286513840691	0.0105962	0.0866908	0.47654
1399407286530757326	0.0192308	0.0910404	0.476613
1399407286626706330	0.0342301	0.107706	0.477136
1399407286643706330	0.0529304	0.131401	0.475261
1399407286714633333	0.0728651	0.154815	0.473744
1399407286731669873	0.0898159	0.175412	0.473878
1399407286748618350	0.101411	0.19134	0.474986
1399407286845495341	0.106991	0.20299	0.475705
1399407286862400173	0.102998	0.207181	0.476903
1399407286934524018	0.0859765	0.200238	0.476909
1399407286951466404	0.0647387	0.187617	0.476602
1399407286967521517	0.0494498	0.178108	0.476757
1399407287041417849	0.0397157	0.172095	0.476646
1399407287137338446	0.0275325	0.157346	0.475788
1399407287157262929	0.0115969	0.133118	0.474763
1399407287177213501	-0.00142541	0.110209	0.473719
1399407287248224369	-0.00631963	0.0968333	0.472816
1399407287266133586	-0.00504536	0.0916476	0.472232
1399407287361194719	0.00198407	0.0919062	0.47174
1399407287377158109	0.0102012	0.0954055	0.470894
1399407287394200329	0.021437	0.111347	0.471133
1399407287470172720	0.0393324	0.143081	0.472961
1399407287486080107	0.0595522	0.180024	0.474884
1399407287503149426	0.0760169	0.212426	0.477716
1399407287601892434	0.0842728	0.234199	0.478416
1399407287673854531	0.0844273	0.243294	0.476027
1399407287689851940	0.0771108	0.240498	0.471433
1399407287706828384	0.0678788	0.230874	0.467181
1399407287782838702	0.0433337	0.193504	0.462206
1399407287822691106	0.00305757	0.139049	0.460302
1399407287897763168	-0.033552	0.0974651	0.46234
1399407287914752010	-0.0507408	0.0706061	0.466416
1399407287930747689	-0.0577974	0.0552659	0.47086
1399407288031589555	-0.063855	0.0478425	0.473297
1399407288101477992	-0.0510022	0.0551883	0.474848
1399407288121474434	-0.0220058	0.0818697	0.477171
1399407288140480735	0.000773585	0.113899	0.4796
1399407288238367316	0.0308276	0.159328	0.481758
1399407288254362901	0.0777828	0.212569	0.487407
1399407288326334883	0.110147	0.243704	0.49097
1399407288342285532	0.118188	0.256482	0.490141
1399407288444257815	0.0980226	0.234856	0.484519
1399407288460304150	0.0511755	0.17521	0.477017
1399407288530177413	-0.00991704	0.110927	0.472061
1399407288547294318	-0.0585659	0.0741035	0.471282
1399407288642167437	-0.0844771	0.0557175	0.472019
1399407288659219544	-0.0780284	0.0415471	0.472633
1399407288675098662	-0.0455071	0.041929	0.471672
1399407288752160354	-0.000966652	0.0775472	0.466796
1399407288851171408	0.049151	0.127618	0.467347
1399407288867952612	0.114675	0.190246	0.477353
1399407288884138375	0.169025	0.233995	0.488908
1399407288965020508	0.190872	0.248928	0.494486
1399407289066009979	0.181524	0.247368	0.488539
1399407289081974992	0.14082	0.222195	0.481163
1399407289098877175	0.0661683	0.167424	0.476755
1399407289170914991	-0.0252563	0.100802	0.478612
1399407289217784920	-0.0940424	0.0569897	0.483214
1399407289295820878	-0.111878	0.0379572	0.484305
1399407289312572919	-0.0853384	0.033454	0.481288
1399407289388666313	-0.0248578	0.0654351	0.475566
1399407289429561676	0.0699166	0.132365	0.483532
1399407289499701045	0.166392	0.195971	0.499414
1399407289522551752	0.21669	0.228312	0.500949
1399407289538538452	0.178927	0.212586	0.49254
1399407289640554961	0.0935829	0.168032	0.482898
1399407289744384585	-0.106977	0.0508456	0.486581
1399407289848271155	-0.0772376	0.050579	0.483442
1399407289925095508	0.0154986	0.0888473	0.479678
1399407289942163795	0.109993	0.15521	0.472347
1399407289958036941	0.162194	0.205876	0.462856
1399407290059051548	0.148197	0.214164	0.456223
1399407290076160633	0.0771833	0.186642	0.447304
1399407290151155212	-0.0455672	0.127279	0.445537
1399407290167101237	-0.149494	0.0647719	0.456105
1399407290270028219	-0.189822	0.0283489	0.469418
1399407290285985786	-0.123637	0.0384514	0.468481
1399407290378827536	0.0175874	0.101496	0.462979
1399407290460922574	0.130892	0.182314	0.456765
1399407290501804638	0.169018	0.228313	0.451123
1399407290578708183	0.101828	0.205894	0.438921
1399407290594834712	-0.00662915	0.133758	0.443955
1399407290686615507	-0.0822397	0.0581117	0.455393
1399407290788499955	-0.106084	0.0236596	0.467891
1399407290808383826	-0.0827981	0.0293883	0.47323
1399407290824440716	-0.00760558	0.0794974	0.477529
1399407290897626675	0.1043	0.160977	0.498076
1399407290994486031	0.154398	0.204849	0.510832
1399407291010402942	0.169865	0.224771	0.515683
1399407291027271784	0.152116	0.211351	0.514212
1399407291103319012	0.106581	0.164926	0.509371
1399407291121171951	0.0502619	0.105844	0.505282
1399407291219106160	0.00135458	0.056856	0.503408
1399407291235107978	-0.0292528	0.0307304	0.502579
1399407291252244970	-0.0388596	0.0282425	0.501727
1399407291328078663	-0.0207536	0.0520272	0.50127
1399407291345011467	0.0234814	0.0996302	0.503456
1399407291424127782	0.0756337	0.154102	0.507238
1399407291464138745	0.115394	0.196868	0.513298
1399407291556047010	0.124512	0.213555	0.514384
1399407291647130641	0.0672651	0.152362	0.502432
1399407291743981704	0.0271583	0.112319	0.499385
1399407291760921570	-0.0119277	0.0819211	0.498129
1399407291776843710	-0.036151	0.0660614	0.497582
1399407291852929760	-0.0382138	0.0636015	0.496722
1399407291871839831	-0.0254	0.0694357	0.495445
1399407291888732854	-0.0004086	0.0921698	0.493752
1399407291985688662	0.0330802	0.133995	0.494295
1399407292001778717	0.0656037	0.17902	0.498191
1399407292073679915	0.0902808	0.211329	0.503112
1399407292089642376	0.106164	0.22507	0.505004
1399407292106681730	0.10725	0.219093	0.498588
1399407292206630171	0.0824289	0.184865	0.489002
1399407292277628014	0.0390703	0.133478	0.481286
1399407292294570009	-0.0103161	0.0874018	0.478017
1399407292310356698	-0.0566428	0.0610045	0.477374
1399407292384487827	-0.0910853	0.0533224	0.476989
1399407292400332878	-0.110014	0.054498	0.475125
1399407292495435707	-0.116754	0.0530625	0.472804
1399407292512392658	-0.112072	0.0532404	0.469983
1399407292528373193	-0.0904283	0.0679089	0.467618
1399407292604291778	-0.0552159	0.0963635	0.46374
1399407292621288099	-0.0125448	0.132146	0.463086
1399407292716240510	0.0292447	0.164418	0.464715
1399407292733247978	0.0609752	0.183857	0.466285
1399407292749214035	0.073258	0.183118	0.464854
1399407292824995393	0.0592467	0.158439	0.463094
1399407292842002135	0.0287131	0.12221	0.460844
1399407292858059116	-0.0121003	0.0869077	0.460575
1399407292961016008	-0.0514519	0.0635234	0.461723
1399407293034172726	-0.0800224	0.0555248	0.462234
1399407293049989137	-0.0960186	0.0549625	0.46093
1399407293067030449	-0.102132	0.05235	0.458831
1399407293141857484	-0.0896112	0.0535436	0.455585
1399407293181939008	-0.0567928	0.0670153	0.452294
1399407293251718407	-0.0151784	0.0913244	0.449462
1399407293267884116	0.0324168	0.123445	0.442122
1399407293284808519	0.0775008	0.154548	0.437136
1399407293360846677	0.115303	0.178678	0.433524
1399407293376781353	0.146204	0.195235	0.430851
1399407293479686692	0.162989	0.204096	0.428424
1399407293495690605	0.15463	0.195954	0.432453
1399407293565641165	0.12885	0.175149	0.436402
1399407293581511607	0.097341	0.14877	0.440505
1399407293598581238	0.0561573	0.118714	0.445027
1399407293698410027	0.00813827	0.0892226	0.451163
1399407293715493913	-0.0320946	0.067403	0.463946
1399407293790357377	-0.0542831	0.0568137	0.475959
1399407293807216289	-0.0617073	0.052969	0.483285
1399407293823213593	-0.0576632	0.0566694	0.486408
1399407293899221913	-0.0493063	0.0676427	0.489106
1399407293995346794	-0.0361734	0.0871006	0.489523
1399407294012930580	0.000773761	0.123606	0.490212
1399407294028316750	0.0587487	0.172832	0.492633
1399407294104108945	0.122205	0.219031	0.496356
1399407294124104071	0.175684	0.249982	0.499403
1399407294219217471	0.207579	0.264173	0.497388
1399407294235149924	0.218932	0.267468	0.493309
1399407294251962304	0.211173	0.259309	0.489221
1399407294325096827	0.185946	0.236596	0.484447
1399407294341159965	0.141125	0.19595	0.479627
1399407294358084099	0.085404	0.144345	0.483799
1399407294457828887	0.0228136	0.0986816	0.49105
1399407294527779996	-0.0436295	0.0678725	0.493869
1399407294544758114	-0.102412	0.0520637	0.491447
1399407294560800888	-0.144569	0.0408819	0.489858
1399407294634821544	-0.158521	0.0326327	0.498097
1399407294674746947	-0.139302	0.0292734	0.506481
1399407294745573985	-0.0897261	0.057951	0.500559
1399407294767546488	-0.026375	0.108722	0.495338
1399407294784556227	0.0628605	0.172685	0.493177
1399407294886604748	0.14617	0.225744	0.488949
1399407294956548210	0.18806	0.251939	0.479867
1399407294973568123	0.179081	0.244707	0.478281
1399407294989633452	0.133787	0.205741	0.470835
1399407295093418507	0.0535951	0.13294	0.463415
1399407295172418345	-0.0339255	0.0698704	0.462457
1399407295188306267	-0.113622	0.0428507	0.464773
1399407295205394052	-0.184634	0.032775	0.46622
1399407295302328858	-0.245122	0.0249593	0.469034
1399407295319152569	-0.254601	0.0173857	0.474112
1399407295390151670	-0.206147	0.0174465	0.475867
1399407295412226386	-0.0947263	0.0539329	0.475782
1399407295515166157	0.0376174	0.121072	0.469264
1399407295607075677	0.212942	0.239127	0.475991
1399407295624133948	0.25364	0.256793	0.47832
1399407295719101749	0.250818	0.236762	0.475379
1399407295735052766	0.189183	0.172411	0.474776
1399407295752077601	0.0549117	0.0974281	0.482372
1399407295827980310	-0.0916758	0.0464133	0.500871
1399407295925890809	-0.180619	0.0254058	0.522524
1399407295947758633	-0.214702	0.0190641	0.537145
1399407295964918758	-0.161867	0.0305491	0.540917
1399407296038727592	-0.048963	0.0644919	0.53756
1399407296137694651	0.078947	0.135871	0.530918
1399407296154749241	0.174477	0.209694	0.527458
1399407296170534255	0.218994	0.236806	0.519174
1399407296245643745	0.202782	0.189743	0.510074
1399407296286634129	0.117093	0.113577	0.498438
1399407296357539401	-0.0181648	0.0500505	0.496276
1399407296373581340	-0.110267	0.0241938	0.504387
1399407296390454176	-0.106924	0.0346828	0.512605
1399407296486486729	-0.0412455	0.0566503	0.515345
1399407296503462604	0.0240382	0.0550658	0.51126
1399407296574330273	0.0542196	0.029449	0.500054
1399407296590376727	0.0479026	0.00173558	0.489321
1399407296693160539	0.021004	-0.0128674	0.47884
1399407296710278130	-0.00323692	-0.011673	0.468234
1399407296788237827	-0.00734606	-0.00202967	0.458974
1399407296805154405	0.00649659	0.0100838	0.448805
1399407296920149794	0.0179935	0.016609	0.442109
1399407296990956100	0.0255013	0.0205476	0.435753
1399407300009647099	0.0257266	0.0222502	0.430145
1399407300009693509	0.0196092	0.0218993	0.424602
1399407300009713459	0.00882855	0.0201998	0.419927
1399407300009740353	-0.00493269	0.0162153	0.415958
1399407300009762988	-0.00686039	0.0870973	0.410647
1399407300009781025	0.010258	0.156233	0.400743
1399407300009798405	0.0303488	0.303165	0.408502
1399407300009815769	0.0367587	0.30245	0.410321
1399407300009836905	0.0454775	0.191561	0.409984
1399407300009853673	0.0483082	0.10044	0.401625
1399407300009870677	0.0498109	-0.00737704	0.391863
1399407300009888275	-0.00149977	0.0136006	0.358866
1399407300009906085	-0.0236076	0.130054	0.323931
1399407300009919848	-0.00881678	0.170881	0.327951
1399407300009936910	0.000816749	0.16969	0.323087
1399407300009953810	-0.00209396	0.151318	0.322824
1399407300009970961	-0.01217	0.152624	0.319161
1399407300009987961	-0.0125444	0.158666	0.315277
1399407300010012578	-0.00905948	0.158556	0.31345
1399407300010029969	-0.0107741	0.157509	0.310081
1399407300010046899	-0.0118159	0.158554	0.307039
1399407300010064277	-0.0107782	0.159085	0.304282
1399407300010081211	-0.011286	0.159182	0.301234
1399407300010098186	-0.0119349	0.159626	0.298596
1399407300010119519	-0.0119256	0.160011	0.295477
1399407300010136501	-0.0120867	0.160254	0.292707
1399407300010153224	-0.0125322	0.16025	0.289645
1399407300010170160	-0.0128138	0.160416	0.286617
1399407300010187087	-0.0130054	0.160757	0.284092
1399407300010207939	-0.0134181	0.160771	0.28084
1399407300010225055	-0.0140348	0.161125	0.275113
1399407300010242093	-0.0144321	0.161232	0.272206
1399407300010262954	-0.0147429	0.161427	0.269455
1399407300010280215	-0.0150925	0.16158	0.266545
1399407300010302029	-0.0154371	0.161687	0.263427
1399407300010318931	-0.0158053	0.161818	0.260946
1399407300010328290	-0.0161312	0.161925	0.257554
1399407300010345007	-0.0164351	0.162046	0.255384
1399407300010372950	-0.0170721	0.162314	0.249364
1399407300010390236	-0.0174045	0.162426	0.246343
1399407300010407149	-0.0177383	0.162577	0.243488
1399407300010426510	-0.0179547	0.162698	0.240956
1399407300010443291	-0.0183951	0.162788	0.237728
1399407300010460010	-0.0187215	0.162938	0.235037
1399407300010481173	-0.0190191	0.163076	0.23219
1399407300010498184	-0.0196544	0.163264	0.22672
1399407300010515449	-0.0200381	0.163389	0.223609
1399407300010532396	-0.0203781	0.163482	0.220886
1399407300010553420	-0.0206868	0.163585	0.218034
1399407300010578009	-0.0212635	0.163777	0.212594
1399407300010595082	-0.0259668	0.160324	0.184501
1399407300010611774	-0.0299858	0.156653	0.159725
1399407300010628982	-0.0339779	0.152872	0.13451
1399407300010650522	-0.0379012	0.149025	0.109082
1399407300010667556	-0.0412312	0.145103	0.0866852
1399407300010684504	-0.0444864	0.141437	0.0607059
1399407300010701426	-0.0471469	0.137677	0.0378025
1399407300010718281	-0.0497178	0.13386	0.014737
1399407300010739515	-0.0542207	0.126071	-0.0286254
1399407300010756464	-0.056168	0.122732	-0.052088
1399407300010773568	-0.0576099	0.119392	-0.0726728
1399407300010790289	-0.059017	0.116025	-0.0933935
1399407300010807439	-0.0603316	0.112609	-0.113954
