#Time	 Roll 	 Pitch 	 Yaw
1399411394851706115	-0.0121961	0.016135	0.448764
1399411394868690146	-0.0121326	0.0162877	0.448939
1399411394888781867	-0.0120614	0.016333	0.449031
1399411394955736658	-0.0120069	0.0165563	0.449211
1399411394972875228	-0.0119427	0.0165778	0.449165
1399411395039584752	-0.0119065	0.0167508	0.449416
1399411395056505179	-0.011813	0.0168605	0.449427
1399411395072558516	-0.0117877	0.0169583	0.449547
1399411395104545370	-0.0116922	0.0171426	0.449697
1399411395200495367	-0.0116317	0.0171058	0.449812
1399411395223463591	-0.0115678	0.0173247	0.450041
1399411395240462959	-0.0114893	0.0173194	0.450049
1399411395268428789	-0.0114574	0.0175402	0.450323
1399411395355442607	-0.0114046	0.0175636	0.450292
1399411395395400386	-0.0113829	0.0177502	0.450602
1399411395418495790	-0.0112895	0.0177818	0.450528
1399411395435477432	-0.0112908	0.0179607	0.450862
1399411395566319387	-0.0111626	0.0180044	0.450799
1399411395583258606	-0.0111931	0.0181535	0.451067
1399411395600177364	-0.0110793	0.0182099	0.451094
1399411395648201327	-0.0111065	0.0183683	0.451255
1399411395664306370	-0.010955	0.0184047	0.451416
1399411395698249081	-0.0109705	0.0185558	0.451426
1399411395717262565	-0.0108344	0.0186373	0.451661
1399411395790269114	-0.0108376	0.0187841	0.451437
1399411395836307697	-0.010721	0.0188765	0.451907
1399411395858230468	-0.0107202	0.0190152	0.451842
1399411395875230236	-0.010624	0.0191183	0.452177
1399411395987249554	-0.0105779	0.0192529	0.452244
1399411396004162914	-0.0105189	0.0193911	0.452294
1399411396020127021	-0.0104468	0.0195226	0.452575
1399411396068096401	-0.0103707	0.019588	0.45235
1399411396085045685	-0.0103424	0.0197424	0.452812
1399411396112013071	-0.0102676	0.0197869	0.452586
1399411396196998213	-0.010217	0.0199561	0.452993
1399411396213976237	-0.01013	0.0200089	0.452991
1399411396271873012	-0.0100301	0.0201532	0.452935
1399411396287895670	-0.0100138	0.0202612	0.453414
1399411396353920715	-0.00989262	0.0203343	0.452887
1399411396370920874	-0.00992858	0.0204884	0.453562
1399411396393895970	-0.00979951	0.0205351	0.453228
1399411396422934009	-0.00987718	0.0207109	0.453581
1399411396530603038	-0.00973746	0.0207918	0.453745
1399411396547636813	-0.00972754	0.0208992	0.453641
1399411396566505814	-0.00968252	0.0209849	0.454045
1399411396593548191	-0.00958472	0.0210884	0.453991
1399411396670500047	-0.00954418	0.0211875	0.45403
1399411396724439191	-0.00934731	0.0213716	0.454124
1399411396745513148	-0.00933634	0.0215341	0.454787
1399411396791463058	-0.00924878	0.021583	0.454639
1399411396877397844	-0.00919651	0.0217272	0.454732
1399411396900363116	-0.00917564	0.0218445	0.455127
1399411396949377227	-0.0090462	0.0219473	0.454852
1399411396966352114	-0.00907445	0.02207	0.455411
1399411396986370658	-0.00890814	0.0221717	0.455356
1399411397043299803	-0.00893159	0.0222525	0.455364
1399411397077285550	-0.00884554	0.0223671	0.455741
1399411397174199480	-0.0087949	0.0224716	0.455614
1399411397190138538	-0.00872204	0.0226018	0.45582
1399411397207233845	-0.00870144	0.022696	0.456094
1399411397243565693	-0.00861828	0.0227861	0.455741
1399411397350139529	-0.00865354	0.0229289	0.456363
1399411397366082735	-0.00849032	0.0229716	0.456008
1399411397419115457	-0.00850505	0.0231357	0.456434
1399411397435115449	-0.00837214	0.0231893	0.456528
1399411397466062553	-0.00829129	0.0234221	0.456821
1399411397560998402	-0.00820602	0.0235227	0.456778
1399411397600977123	-0.00814183	0.0235815	0.456864
1399411397618987778	-0.00812132	0.0237213	0.457361
1399411397634944408	-0.00801053	0.0237552	0.456918
1399411397716944144	-0.00798275	0.0239406	0.45752
1399411397733849910	-0.00786083	0.0239964	0.457347
1399411397750797019	-0.00785979	0.0241294	0.457417
1399411397850793491	-0.00785321	0.024173	0.457877
1399411397867777013	-0.00773317	0.0242857	0.457453
1399411397887798872	-0.00775293	0.0244048	0.457884
1399411397924775020	-0.00760215	0.0245169	0.457891
1399411397992728742	-0.00758392	0.0245635	0.457835
1399411398035723248	-0.00750205	0.0246695	0.458367
1399411398052690428	-0.00746682	0.0247362	0.458138
1399411398071665856	-0.0074017	0.0248631	0.458235
1399411398105621549	-0.00736177	0.0249323	0.458667
1399411398146754237	-0.00723564	0.0249751	0.458212
1399411398203793170	-0.0073051	0.0250886	0.458977
1399411398248712553	-0.00714483	0.0251602	0.45853
1399411398282489204	-0.00721146	0.0253109	0.45886
1399411398323528154	-0.00709123	0.0253768	0.459044
1399411398403503305	-0.00707361	0.0254774	0.45884
1399411398419442287	-0.00702048	0.0255643	0.459277
1399411398481525166	-0.00694464	0.0256861	0.459171
1399411398497677078	-0.00691898	0.0257367	0.459178
1399411398556523367	-0.00691562	0.0258884	0.459625
1399411398574544131	-0.00686184	0.0258951	0.459166
1399411398591439914	-0.00683129	0.0260731	0.459814
1399411398624328286	-0.00674196	0.0261193	0.459533
1399411398825232251	-0.00655125	0.0264548	0.459717
1399411398845180088	-0.00656934	0.0265174	0.460362
1399411398861188607	-0.00645087	0.0266352	0.459856
1399411398914227433	-0.00648194	0.0267699	0.460441
1399411398931214152	-0.00634983	0.0268067	0.460169
1399411398998122435	-0.00635901	0.0269326	0.460474
1399411399014067263	-0.00625012	0.0269795	0.46044
1399411399032060013	-0.00617484	0.0270461	0.460755
1399411399139146050	-0.0061119	0.0271014	0.460589
1399411399180078666	-0.00611275	0.0272499	0.460882
1399411399197072070	-0.00600631	0.0272985	0.460868
1399411399220069000	-0.00604318	0.0274402	0.461008
1399411399236064962	-0.00592991	0.0274457	0.461115
1399411399264923825	-0.00592896	0.0276005	0.461145
1399411399384838795	-0.00584211	0.0275653	0.461193
1399411399402030087	-0.00584674	0.0277633	0.461424
1399411399428848719	-0.00573933	0.0277438	0.461326
1399411399445021641	-0.00573607	0.0279037	0.461611
1399411399473794488	-0.00564367	0.0279172	0.46143
1399411399559750763	-0.00565914	0.0280793	0.461755
1399411399599739661	-0.00558728	0.0281197	0.461619
1399411399617754283	-0.00554935	0.0282882	0.461888
1399411399634716707	-0.00548035	0.0282994	0.461754
1399411399669735998	-0.00545502	0.0284629	0.461935
1399411399770654108	-0.005434	0.0285161	0.461928
1399411399810585056	-0.00538474	0.0286328	0.462133
1399411399874663850	-0.00535485	0.0287312	0.462069
1399411399891498354	-0.00532231	0.0288053	0.462219
1399411399907542467	-0.00525779	0.0289145	0.462234
1399411399924571751	-0.00529235	0.0289387	0.462365
1399411399991506751	-0.00516471	0.0290609	0.462351
1399411400033503544	-0.00523533	0.0291472	0.462485
1399411400050519745	-0.00508425	0.0291511	0.462494
1399411400067453426	-0.00513288	0.0293095	0.462658
1399411400191436204	-0.00505546	0.0292779	0.46266
1399411400208423414	-0.00500271	0.0294535	0.462708
1399411400250359074	-0.004943	0.0295174	0.462819
1399411400272379870	-0.00493669	0.0295997	0.462881
1399411400289328256	-0.00483478	0.0296749	0.462917
1399411400323300592	-0.00489215	0.0297457	0.463067
1399411400402253550	-0.00474169	0.0297962	0.463053
1399411400419228379	-0.00476622	0.0298884	0.463253
1399411400472234085	-0.00469956	0.0299318	0.463211
1399411400488390614	-0.00469402	0.030002	0.463401
1399411400559141305	-0.00458295	0.0301268	0.463313
1399411400577197373	-0.00463362	0.0301786	0.463455
1399411400594202525	-0.00451735	0.0302877	0.46343
1399411400665275279	-0.00454012	0.0303376	0.463533
1399411400682213230	-0.00446155	0.0304023	0.463572
1399411400715221408	-0.0044762	0.0304312	0.463597
1399411400827063674	-0.00437925	0.0305844	0.46372
1399411400845965356	-0.0044193	0.0306485	0.463767
1399411400862984764	-0.00434494	0.0307623	0.463861
1399411400950175549	-0.00433404	0.0308155	0.463899
1399411400966925091	-0.00421869	0.0309553	0.464048
1399411400982880335	-0.00421001	0.0309958	0.464094
1399411401008884441	-0.0041294	0.0311077	0.464181
1399411401044826211	-0.00411576	0.0311309	0.464248
1399411401109794215	-0.0040243	0.0312409	0.464245
1399411401125804523	-0.00404913	0.0312755	0.464311
1399411401163803373	-0.00398331	0.0313717	0.464324
1399411401244776214	-0.0039794	0.0313997	0.464343
1399411401260737721	-0.00393246	0.0315229	0.46444
1399411401277700796	-0.00395415	0.0315651	0.464433
1399411401370641462	-0.00391337	0.0316958	0.464598
1399411401386720244	-0.00392697	0.0317227	0.464548
1399411401405757822	-0.00387644	0.0318185	0.464674
1399411401433741089	-0.0038579	0.0318371	0.464738
1399411401512714990	-0.00383026	0.0319821	0.464725
1399411401564693560	-0.00377863	0.0319904	0.464824
1399411401580765618	-0.00375638	0.0321108	0.464839
1399411401597761145	-0.00369305	0.0321283	0.464858
1399411401624648099	-0.00371358	0.0322637	0.464997
1399411401668600095	-0.00362377	0.0322857	0.464972
1399411401768629727	-0.00362859	0.032414	0.465136
1399411401809541084	-0.00350347	0.0324457	0.465097
1399411401882396728	-0.00356991	0.0325456	0.465247
1399411401890445566	-0.00347401	0.0325883	0.465232
1399411401906407526	-0.00353302	0.0326443	0.465353
1399411401923419041	-0.00342495	0.0327442	0.465357
1399411402016503439	-0.00349679	0.0327619	0.465435
1399411402032483845	-0.0033864	0.0328635	0.465448
1399411402095442399	-0.00339801	0.032881	0.46549
1399411402112315616	-0.00334114	0.0329811	0.465646
1399411402128298083	-0.00331047	0.0330026	0.465631
1399411402146279478	-0.00328784	0.0330888	0.465735
1399411402213300693	-0.0032316	0.0330801	0.465861
1399411402235307752	-0.00328091	0.0331458	0.465868
1399411402306666285	-0.00320115	0.0332183	0.465941
1399411402323865218	-0.0032578	0.033248	0.465926
1399411402402084723	-0.00316565	0.0333453	0.466025
1399411402442000990	-0.00317269	0.0333665	0.466004
1399411402459994730	-0.00315878	0.0335074	0.466104
1399411402483016295	-0.00308842	0.0335056	0.466167
1399411402559955360	-0.0031288	0.0335579	0.466185
1399411402576951216	-0.00307279	0.033648	0.466186
1399411402593919387	-0.00307287	0.0336694	0.466217
1399411402643881015	-0.00304184	0.0337509	0.466266
1399411402717915095	-0.00299538	0.0338261	0.466334
1399411402733900896	-0.00298803	0.0338321	0.466317
1399411402750812314	-0.00294084	0.0339435	0.466365
1399411402789841112	-0.00289409	0.0339888	0.4664
1399411402900807192	-0.0028991	0.0340396	0.46643
1399411402916769685	-0.00283734	0.0341146	0.466505
1399411402936793538	-0.0028062	0.0341871	0.466471
1399411402953838586	-0.00279199	0.0342338	0.466532
1399411402983805918	-0.00278743	0.0342983	0.466537
1399411403040729538	-0.00275654	0.0343425	0.466543
1399411403089702855	-0.00275428	0.0343711	0.466524
1399411403105795631	-0.00275697	0.0344362	0.466595
1399411403239700895	-0.00270694	0.0344979	0.466629
1399411403256639054	-0.00268694	0.0345224	0.466654
1399411403272676125	-0.00266091	0.0345676	0.466752
1399411403321662253	-0.00265383	0.0346428	0.466779
1399411403337689171	-0.00264879	0.0346811	0.466894
1399411403395487418	-0.00261895	0.0347162	0.466854
1399411403412677632	-0.00260652	0.034773	0.466881
1399411403429519399	-0.00259934	0.0348123	0.46696
1399411403519502378	-0.00256039	0.0348486	0.466987
1399411403569489134	-0.00253043	0.0349153	0.466961
1399411403586502600	-0.00251401	0.0349795	0.467016
1399411403669435521	-0.00248167	0.0350139	0.467062
1399411403685416634	-0.00245219	0.0350515	0.466981
1399411403752395428	-0.00242893	0.0350836	0.467077
1399411403769226016	-0.00239632	0.0351043	0.467067
1399411403803485506	-0.00238627	0.0351479	0.467151
1399411403823291571	-0.00234907	0.0352008	0.4671
1399411403921247247	-0.00231534	0.0352294	0.467089
1399411403944147573	-0.00232061	0.0352793	0.467188
1399411404002091418	-0.00228861	0.0353699	0.467319
1399411404038072444	-0.00228017	0.035392	0.467167
1399411404069085610	-0.00225093	0.0354308	0.46731
1399411404186170441	-0.00223771	0.0354707	0.467304
1399411404226040393	-0.00220178	0.0354994	0.467332
1399411404243900998	-0.00220338	0.0355463	0.467413
1399411404266059861	-0.00217287	0.0355736	0.467396
1399411404282989139	-0.00218003	0.0356056	0.46749
1399411404310012843	-0.002175	0.0356487	0.467402
1399411404395988723	-0.00218259	0.0356963	0.467402
1399411404436997124	-0.0021868	0.0357555	0.467429
1399411404471817050	-0.00214967	0.0358086	0.467455
1399411404487947408	-0.00211877	0.0358314	0.467503
1399411404570815003	-0.00211042	0.0358815	0.467469
1399411404587710488	-0.00214595	0.0359774	0.468013
1399411404629697114	-0.0022894	0.0361647	0.467795
1399411404645683247	-0.00274403	0.0366646	0.467872
1399411404726651208	-0.00312646	0.0371503	0.467618
1399411404742625605	-0.00362904	0.0377554	0.468322
1399411404825715652	-0.0039262	0.0382876	0.468305
1399411404844655513	-0.00402886	0.0381199	0.469189
1399411404938496251	-0.00392749	0.0374096	0.469586
1399411404955514641	-0.00422744	0.0370049	0.470497
1399411404971503201	-0.00392316	0.0361437	0.471505
1399411405045592776	-0.00315891	0.0349343	0.472744
1399411405062596751	-0.00301077	0.0344869	0.473575
1399411405163560389	-0.00295771	0.0337713	0.474847
1399411405180467931	-0.00289331	0.0321059	0.475187
1399411405249439537	-0.00306418	0.0318208	0.476269
1399411405265408276	-0.0042356	0.0306466	0.476891
1399411405282369260	-0.00303946	0.0271495	0.477246
1399411405355336226	-0.00166602	0.0195023	0.477693
1399411405395406930	-6.75046e-05	0.00831632	0.476742
1399411405467343446	0.00233883	-0.00356946	0.475278
1399411405484395540	0.00720254	-0.0125179	0.473835
1399411405500197120	0.0106536	-0.0166369	0.472089
1399411405574096902	0.00787816	-0.0200016	0.470478
1399411405614277085	0.00100774	-0.0206201	0.469393
1399411405685139076	-0.00750622	-0.014453	0.468951
1399411405701157618	-0.0129297	-0.0035555	0.468979
1399411405718164181	-0.0152425	0.00691256	0.469232
1399411405792085938	-0.0166485	0.0130182	0.469321
1399411405808045964	-0.0185482	0.0127721	0.469382
1399411405906859854	-0.0170604	0.00506244	0.469544
1399411406001004688	-0.0121898	-0.00506838	0.468818
1399411406016903706	-0.010071	-0.000650235	0.468063
1399411406033911943	-0.00973406	0.00473232	0.46729
1399411406130945380	-0.0144743	0.0111296	0.466894
1399411406147909715	-0.0228313	0.0181604	0.466682
1399411406218930246	-0.0298945	0.0265159	0.466535
1399411406236227996	-0.0324487	0.0368539	0.46652
1399411406251862267	-0.0315969	0.0463607	0.466591
1399411406325719815	-0.0301307	0.052091	0.466864
1399411406424629927	-0.0288717	0.0548359	0.466929
1399411406441623755	-0.027695	0.0550644	0.467076
1399411406457616978	-0.0269978	0.0534312	0.466973
1399411406547736338	-0.0228534	0.0501744	0.466559
1399411406642630799	-0.01714	0.0430791	0.466272
1399411406659616088	-0.0139808	0.0354909	0.465577
1399411406675894320	-0.0149987	0.0308763	0.464316
1399411406717728697	-0.017587	0.0296005	0.462859
1399411406733989836	-0.0189154	0.0311132	0.461438
1399411406792500407	-0.0231565	0.04246	0.458244
1399411406863433964	-0.0249913	0.0489088	0.456898
1399411406879512105	-0.025251	0.0554486	0.45576
1399411406896478562	-0.0244569	0.0603897	0.455145
1399411406972469861	-0.0226225	0.0622324	0.454632
1399411407071394278	-0.0196615	0.0606447	0.454385
1399411407087396373	-0.0167892	0.0549938	0.454273
1399411407104229584	-0.0153501	0.0451929	0.454321
1399411407178332020	-0.0153548	0.0358173	0.454787
1399411407195351108	-0.0145023	0.0256309	0.455153
1399411407211193111	-0.0116755	0.0162393	0.455497
1399411407307271040	-0.00835898	0.00962737	0.455695
1399411407324205881	-0.00719524	0.00667647	0.455664
1399411407396237244	-0.00697946	0.00789721	0.455714
1399411407412181624	-0.00651516	0.0148451	0.455718
1399411407428137126	-0.00605942	0.0238363	0.455868
1399411407515143707	-0.00632738	0.0302978	0.456081
1399411407532111769	-0.00715813	0.0310649	0.45603
1399411407600054417	-0.00939049	0.0332274	0.455762
1399411407616952482	-0.0113754	0.0359546	0.455498
1399411407633926412	-0.0116549	0.0333199	0.45565
1399411407674946365	-0.0105851	0.0253568	0.45617
1399411407719979852	-0.00821928	0.0159439	0.456722
1399411407735914041	-0.0065989	0.00755625	0.456702
1399411407752884756	-0.00637056	0.00271827	0.456531
1399411407825973808	-0.00538983	0.00123833	0.456194
1399411407842950385	-0.00457953	-0.000870586	0.455665
1399411407910929581	-0.00537657	-0.00538936	0.455112
1399411407929899857	-0.00735733	-0.00857736	0.454648
1399411407948856715	-0.00784203	-0.00661524	0.45464
1399411407968849885	-0.00660317	-0.000525588	0.455074
1399411408040825860	-0.00481706	0.00820452	0.456185
1399411408056782040	-0.00371869	0.0153364	0.457596
1399411408157859138	-0.00453285	0.0179194	0.459316
1399411408174835473	-0.00545029	0.0139615	0.460878
1399411408242702293	-0.00463463	0.00669382	0.462327
1399411408258693020	-0.00224763	0.00272715	0.463646
1399411408275625213	-0.00169063	0.00323448	0.465204
1399411408372639228	-0.00457434	0.00660813	0.467257
1399411408388534258	-0.00688286	0.0102563	0.469373
1399411408460804081	-0.00621765	0.0114748	0.47128
1399411408476561598	-0.00431238	0.01203	0.472734
1399411408493509679	-0.00522185	0.0147399	0.473199
1399411408568517482	-0.00840729	0.0197998	0.47277
1399411408608488660	-0.0105825	0.0281102	0.471999
1399411408678458002	-0.0107353	0.037667	0.471302
1399411408695593492	-0.0110594	0.0433513	0.470603
1399411408711463895	-0.0136206	0.0434125	0.4696
1399411408749767465	-0.0176514	0.0405407	0.468758
1399411408796425000	-0.0216068	0.0367327	0.468761
1399411408812444985	-0.0237988	0.0326777	0.469473
1399411408883458132	-0.0234995	0.0293522	0.470599
1399411408900383816	-0.0209422	0.027274	0.472001
1399411408916335580	-0.0174471	0.0267016	0.473048
1399411409030235767	-0.0144419	0.0320188	0.474795
1399411409100122638	-0.0136189	0.0372627	0.474967
1399411409117315609	-0.0103478	0.0423872	0.474882
1399411409133264490	-0.00498837	0.04523	0.4747
1399411409208167591	-0.00235342	0.0469815	0.474377
1399411409248035209	-0.0054902	0.0499553	0.47377
1399411409319104798	-0.0123969	0.0522935	0.473118
1399411409335167467	-0.0185475	0.0513648	0.472414
1399411409352085931	-0.0225753	0.0462189	0.4717
1399411409425927076	-0.0260759	0.0397933	0.47093
1399411409465965625	-0.0284271	0.0333744	0.470047
1399411409537084759	-0.0289692	0.0287946	0.469161
1399411409552979598	-0.0275631	0.0283809	0.468485
1399411409569964075	-0.0239503	0.0325158	0.468298
1399411409643959268	-0.0206091	0.0369494	0.468491
1399411409659913904	-0.0181321	0.0395215	0.46942
1399411409761023354	-0.0156014	0.0407538	0.470676
1399411409777861280	-0.0132229	0.0413069	0.472556
1399411409821848769	-0.0127413	0.0399949	0.474985
1399411409856733817	-0.015288	0.0360672	0.477542
1399411409873759607	-0.0195887	0.0323068	0.479576
1399411409974692174	-0.0243885	0.0308254	0.48115
1399411409991693121	-0.028413	0.0314227	0.482833
1399411410063672360	-0.0301147	0.0298724	0.484296
1399411410082601980	-0.0307279	0.0248055	0.485535
1399411410099869725	-0.0308549	0.0188729	0.486824
1399411410172693856	-0.0283416	0.0156909	0.487967
1399411410212565444	-0.0237098	0.0167935	0.48882
1399411410282599761	-0.0180811	0.0213887	0.489291
1399411410299503171	-0.0120217	0.0262893	0.489596
1399411410315488417	-0.00773211	0.0274301	0.490501
1399411410357446122	-0.00588943	0.0260265	0.491441
1399411410402510692	-0.00519702	0.0241576	0.492335
1399411410418408737	-0.0037326	0.0223854	0.493125
1399411410487455657	-0.00120667	0.0219642	0.493831
1399411410504410934	-0.000501764	0.0233803	0.494609
1399411410520398717	-0.00268573	0.0246296	0.495506
1399411410593235969	-0.00806292	0.0234236	0.4959
1399411410634282550	-0.0140161	0.0201971	0.496089
1399411410705374152	-0.0163753	0.0157083	0.496199
1399411410722323626	-0.0134508	0.0124076	0.496421
1399411410738394340	-0.00818433	0.0122672	0.496437
1399411410812275939	-0.00393621	0.0143871	0.496753
1399411410852258525	-0.0021603	0.0167068	0.497335
1399411410922173976	-0.000624513	0.0193833	0.498122
1399411410939160104	0.00345025	0.0246041	0.499178
1399411410955129531	0.00924188	0.0316236	0.500073
1399411411029009029	0.0144898	0.0360542	0.500723
1399411411046066310	0.0161473	0.035718	0.501205
1399411411114058217	0.0132394	0.0326058	0.501698
1399411411149091478	-4.22761e-06	0.024652	0.50352
1399411411165045407	-0.00482439	0.0242934	0.504863
1399411411239923454	-0.0084515	0.0236047	0.506642
1399411411279961526	-0.0114212	0.0199934	0.508786
1399411411350917871	-0.012576	0.0152587	0.511573
1399411411366886063	-0.0121646	0.013706	0.514226
1399411411382900382	-0.0116027	0.0139152	0.515724
1399411411424681653	-0.00966419	0.0153262	0.516088
1399411411441678676	-0.00741591	0.0192478	0.515666
1399411411485787665	-0.00711358	0.0230553	0.515234
1399411411554949594	-0.00871457	0.024902	0.514312
1399411411571791639	-0.00943842	0.0253353	0.513251
1399411411587724592	-0.00736555	0.0251171	0.512
1399411411629856161	-0.00309	0.0245887	0.510444
1399411411673735462	0.00214266	0.023771	0.509294
1399411411690879863	0.00356127	0.0236488	0.508533
1399411411706716354	0.0013414	0.0245327	0.507748
1399411411780561740	-0.00205529	0.0259043	0.507231
1399411411797526930	-0.00546354	0.0271951	0.507112
1399411411813459423	-0.00729496	0.028169	0.507741
1399411411913414177	-0.0083054	0.028332	0.508097
1399411411983537108	-0.0105481	0.0275673	0.508298
1399411412003495546	-0.0141673	0.026497	0.508158
1399411412023477286	-0.0175245	0.025752	0.507538
1399411412063515692	-0.0198531	0.0253321	0.507294
1399411412118424246	-0.0204407	0.0309646	0.508763
1399411412135462200	-0.0175041	0.0336862	0.50985
1399411412209359265	-0.015908	0.0325488	0.510766
1399411412225314998	-0.0178494	0.0282465	0.511835
1399411412241298847	-0.0216298	0.0246287	0.512736
1399411412323309084	-0.0237337	0.0242703	0.513933
1399411412339316785	-0.0208249	0.0253404	0.514037
1399411412414180709	-0.0162228	0.0245367	0.514006
1399411412430216771	-0.0131978	0.0209881	0.513251
1399411412525137393	-0.0147617	0.0170672	0.512452
1399411412542223763	-0.0204226	0.015848	0.511877
1399411412558174688	-0.0243026	0.0171462	0.511588
1399411412632051042	-0.0225009	0.0201047	0.511921
1399411412648994621	-0.0164098	0.0224647	0.511595
1399411412665980287	-0.0114145	0.0231692	0.510974
1399411412763115961	-0.00973313	0.0235324	0.51049
1399411412780006653	-0.0100035	0.027221	0.510172
1399411412851009098	-0.0116239	0.0339612	0.510705
1399411412867966007	-0.0141307	0.037216	0.511328
1399411412884088614	-0.0146629	0.0344148	0.511896
1399411412967881329	-0.0147218	0.0260105	0.511462
1399411412983896440	-0.0185041	0.0284721	0.510689
1399411413055891511	-0.0227619	0.0328434	0.509651
1399411413072811022	-0.0250371	0.0336485	0.508632
1399411413089719977	-0.0226762	0.0304378	0.507676
1399411413186750321	-0.0174952	0.0268778	0.506377
1399411413203738744	-0.0157669	0.025507	0.504195
1399411413274560146	-0.020084	0.0260409	0.502252
1399411413290665602	-0.0262446	0.0257862	0.501253
1399411413307620004	-0.0293628	0.0246056	0.50083
1399411413404575729	-0.0273416	0.0258851	0.499929
1399411413420586731	-0.0227926	0.0298729	0.498986
1399411413492016629	-0.0200756	0.0349947	0.498123
1399411413508479957	-0.0191481	0.0397492	0.497643
1399411413524783328	-0.0186728	0.0417631	0.497765
1399411413566509415	-0.017947	0.040829	0.498311
1399411413611477731	-0.0142604	0.0376018	0.499795
1399411413627384924	-0.0080319	0.0328661	0.501747
1399411413696482962	-0.00228124	0.0262545	0.503442
1399411413713410576	-0.000899741	0.0206428	0.50455
1399411413730417895	-0.00408525	0.0182363	0.505636
1399411413827282197	-0.0102982	0.020128	0.504929
1399411413844284038	-0.0189099	0.0264882	0.503682
1399411413915229690	-0.0261506	0.0347172	0.502461
1399411413935136841	-0.030941	0.0421382	0.501461
1399411413954293008	-0.0349588	0.0477125	0.500672
1399411414026172157	-0.0378203	0.0517897	0.50067
1399411414123307853	-0.0380373	0.0544572	0.500536
1399411414139041676	-0.030881	0.0533104	0.500084
1399411414156160972	-0.0140079	0.0447213	0.498902
1399411414229117385	0.00302905	0.032756	0.497466
1399411414246114102	0.0146881	0.02552	0.494848
1399411414339955345	0.019991	0.0246381	0.491388
1399411414356943106	0.0202399	0.0260349	0.488106
1399411414372980711	0.0111307	0.0266589	0.485127
1399411414446979525	-0.00744518	0.0263671	0.482091
1399411414462933946	-0.0270834	0.0247287	0.479679
1399411414479909008	-0.0411311	0.0223095	0.477274
1399411414569853142	-0.0470639	0.0191997	0.475123
1399411414585733183	-0.0494524	0.0164685	0.473175
1399411414654806525	-0.0525008	0.0148347	0.471093
1399411414670909199	-0.0519552	0.0139146	0.469062
1399411414687861584	-0.0370829	0.0139042	0.466764
1399411414786731120	-0.0144627	0.0140945	0.464455
1399411414803520204	0.00242375	0.0153947	0.462237
1399411414839653042	0.0092551	0.0160185	0.460173
1399411414855718793	0.00946368	0.0168726	0.459136
1399411414890716805	0.00354311	0.0162218	0.457924
1399411414989705978	7.91682e-05	0.0127112	0.458312
1399411415009702605	-0.00801317	0.00879667	0.459191
1399411415082573654	-0.0233644	0.00564317	0.460904
1399411415099535578	-0.0385626	0.00350199	0.462875
1399411415115541801	-0.049437	0.00240954	0.465025
1399411415212529047	-0.0571507	0.00371766	0.466963
1399411415228527875	-0.065473	0.00602511	0.468328
1399411415302513339	-0.0828635	-0.00305747	0.471934
1399411415318373812	-0.074725	-0.00688245	0.473814
1399411415335411620	-0.0536768	-0.00524145	0.475411
1399411415432342984	-0.029759	-0.00186261	0.476315
1399411415449466408	-0.00767954	-0.000264741	0.476128
1399411415519339242	0.00787074	-0.000942387	0.474939
1399411415536347706	0.0126844	-0.00170023	0.473067
1399411415552259440	0.00777856	-0.000538085	0.471182
1399411415653310676	-0.00532526	0.00228118	0.468887
1399411415723291334	-0.0126403	0.00329317	0.467627
1399411415739274352	-0.0175857	0.00557298	0.465859
1399411415756247126	-0.0277666	0.00957638	0.464079
1399411415829971788	-0.0458871	0.0146609	0.462269
1399411415873242104	-0.0590196	0.0198699	0.460696
1399411415940916605	-0.0563657	0.0218337	0.459803
1399411415958004299	-0.0467434	0.0200474	0.459405
1399411415973876901	-0.0354855	0.0192484	0.459542
1399411416051993988	-0.0181709	0.0248928	0.459465
1399411416071036116	0.000108344	0.0349662	0.459518
1399411416133896403	0.0108577	0.0432553	0.460059
1399411416165778238	0.00586931	0.0562498	0.46226
1399411416180893832	-0.0022707	0.0610691	0.462754
1399411416290765150	-0.0117321	0.0637823	0.462156
1399411416362713799	-0.0172443	0.06027	0.461759
1399411416378775596	-0.025602	0.0558893	0.462111
1399411416395741330	-0.0331641	0.0514743	0.463309
1399411416468714178	-0.0379149	0.0480919	0.465199
1399411416486578877	-0.0396425	0.046547	0.467589
1399411416580531660	-0.0379543	0.0451149	0.470369
1399411416597558643	-0.0343842	0.0424503	0.473604
1399411416613546913	-0.0264307	0.040062	0.476593
1399411416687581963	-0.0105216	0.039374	0.479424
1399411416704811234	0.0108213	0.0381881	0.482209
1399411416803505527	0.0285691	0.0380277	0.485418
1399411416820516147	0.0378994	0.0423988	0.487712
1399411416836467944	0.0426278	0.0497547	0.490163
1399411416905397855	0.0400916	0.0561078	0.493324
1399411416921457965	0.0280552	0.0587642	0.496587
1399411416937414630	0.00976911	0.0545647	0.498756
1399411417023869807	-0.0188963	0.0341608	0.499392
1399411417042257689	-0.0201758	0.0272331	0.498621
1399411417115141263	-0.0149277	0.0252326	0.496925
1399411417131133001	-0.00683192	0.0247031	0.495088
1399411417232230005	0.00535465	0.0211103	0.493743
1399411417248150087	0.0186719	0.0143884	0.492005
1399411417265096040	0.0294628	0.0103969	0.489353
1399411417333167200	0.0344875	0.0135418	0.486616
1399411417350155731	0.0325374	0.0202144	0.485043
1399411417366205127	0.0272643	0.026831	0.485619
1399411417466117467	0.0229058	0.0321095	0.486398
1399411417537118681	0.0177642	0.0367927	0.487646
1399411417554104716	0.00705906	0.0408912	0.488938
1399411417569992651	-0.00446405	0.0402805	0.490143
1399411417646028666	-0.0163394	0.0314564	0.491887
1399411417688982608	-0.029357	0.0198911	0.493406
1399411417756945167	-0.0409062	0.0131252	0.494635
1399411417773903037	-0.0431293	0.0120516	0.495539
1399411417789780169	-0.0329176	0.0119823	0.496181
1399411417831839310	-0.0190622	0.00826505	0.497563
1399411417847864474	-0.00662597	0.00286413	0.499336
1399411417887840864	0.000765315	-0.000409521	0.500576
1399411417904816389	0.00314023	0.00261245	0.501427
1399411417976754921	0.00315768	0.00980311	0.50212
1399411417993661226	0.00341959	0.0175625	0.504039
1399411418012644254	0.00237255	0.0249244	0.505747
1399411418108566734	0.000462476	0.03043	0.507361
1399411418180634992	-0.00235934	0.0333846	0.50892
1399411418196664212	-0.00735091	0.0359198	0.510438
1399411418213678683	-0.013661	0.0397082	0.510857
1399411418287636292	-0.0230397	0.0417235	0.510469
1399411418303583010	-0.0334586	0.0413652	0.510278
1399411418398604096	-0.0411487	0.0409139	0.510008
1399411418415412280	-0.0415734	0.0407216	0.509203
1399411418431724672	-0.0356034	0.0374325	0.507897
1399411418473532172	-0.0272048	0.0319534	0.505752
1399411418489751402	-0.0162619	0.0274779	0.501711
1399411418533486713	-0.00701274	0.0246128	0.496834
1399411418550382975	-0.0033449	0.0245131	0.492392
1399411418620493694	-0.00455911	0.0282091	0.489387
1399411418637434802	-0.00683749	0.0321753	0.485518
1399411418653418622	-0.00972914	0.0349064	0.481815
1399411418695418513	-0.0125408	0.0380412	0.478214
1399411418741354844	-0.0148282	0.0413051	0.474272
1399411418757259942	-0.019591	0.0418479	0.47018
1399411418826382390	-0.0278637	0.0385534	0.466598
1399411418842442322	-0.0373262	0.0329677	0.464059
1399411418859337457	-0.0444538	0.0275415	0.462204
1399411418961215230	-0.0474205	0.0246446	0.460164
1399411418977226456	-0.0451683	0.0210597	0.458061
1399411419048220766	-0.035212	0.0147044	0.455788
1399411419067212558	-0.0219106	0.00723748	0.453249
1399411419084128321	-0.00971745	0.00142628	0.450153
1399411419157058896	-0.0018555	-0.00282144	0.446778
1399411419254034040	0.00110991	-0.00454373	0.443234
1399411419270012271	0.00196298	-0.00252953	0.440282
1399411419286852715	0.00522196	0.00321334	0.438154
1399411419327974325	0.00875786	0.0131145	0.436278
1399411419344025137	0.00749834	0.0235218	0.434639
1399411419390016015	0.00116521	0.0313431	0.433321
1399411419405858942	-0.00980136	0.0363003	0.431468
1399411419473748674	-0.0217242	0.04061	0.429745
1399411419490695247	-0.0307189	0.0433936	0.428275
1399411419506664813	-0.0350637	0.0419858	0.426769
1399411419580678554	-0.0335407	0.0367764	0.425408
1399411419806635776	0.0110289	-0.00348703	0.410892
1399411419822602414	0.0179581	0.00802344	0.409478
1399411419893589226	0.0250231	0.0253828	0.409163
1399411419909652329	0.0229911	0.043969	0.40862
1399411419926648342	0.00675212	0.061588	0.407935
1399411419998572123	-0.015435	0.07485	0.406805
1399411420044442023	-0.0355147	0.0806133	0.40602
1399411420116967614	-0.0462319	0.0781174	0.40637
1399411420133417191	-0.0486584	0.0686	0.407688
1399411420149385597	-0.0472042	0.050442	0.409468
1399411420224413285	-0.0462193	0.0307959	0.411119
1399411420320261564	-0.0464318	0.0185633	0.413542
1399411420336233203	-0.0431764	0.0136572	0.417181
1399411420353221428	-0.0353783	0.0105506	0.422291
1399411420427182795	-0.0207134	0.00646105	0.428161
1399411420443271045	-0.00337005	0.0016445	0.433599
1399411420460293571	0.00783103	0.000547281	0.439262
1399411420556221649	0.00732815	0.0127851	0.445097
1399411420573198491	-0.00168168	0.0343433	0.451026
1399411420643229364	-0.0185367	0.0542487	0.457712
1399411420659176948	-0.0372105	0.067703	0.464133
1399411420676125573	-0.0512735	0.0750331	0.470384
1399411420776086297	-0.0587668	0.070192	0.476899
1399411420793067466	-0.061053	0.0530683	0.482719
1399411420856076698	-0.0605501	0.0346845	0.487022
1399411420873073956	-0.056784	0.0261315	0.489328
1399411420889001823	-0.0511591	0.0269147	0.4902
1399411420962844659	-0.043391	0.0284715	0.490437
1399411421003827658	-0.0302283	0.0242492	0.490152
1399411421074858614	-0.0168794	0.0141622	0.489778
1399411421093885244	-0.00517164	0.00334569	0.48885
1399411421112803210	0.00667466	-0.00322666	0.487929
1399411421184752941	0.0187487	-0.00356834	0.487375
1399411421281789895	0.0248292	-0.00117876	0.487366
1399411421297736364	0.0211699	0.000439595	0.488282
1399411421313744857	0.0114464	0.000664415	0.489022
1399411421355780902	0.002225	0.00142195	0.489805
1399411421371666294	-0.0029653	0.0046653	0.490662
1399411421429535934	-0.0265079	0.0159409	0.49169
1399411421501527160	-0.0489388	0.0206303	0.492242
1399411421518515921	-0.0649394	0.0199743	0.493964
1399411421534486458	-0.0561328	0.0110853	0.495817
1399411421632616624	-0.0295017	0.00374599	0.496278
1399411421648650255	0.000888102	0.00487068	0.494893
1399411421718423764	0.0200294	0.0120639	0.492518
1399411421735504767	0.0216925	0.0194329	0.489968
1399411421837444968	0.0196029	0.0159435	0.487355
1399411421854758612	0.00692501	0.00642819	0.486664
1399411421922542999	-0.0184985	0.00120487	0.487634
1399411421943398322	-0.0503687	0.00679753	0.490232
1399411422039333052	-0.0659321	0.0203034	0.494735
1399411422056312839	-0.0594316	0.0394863	0.499115
1399411422072326433	-0.0318688	0.0519852	0.502762
1399411422147261245	0.0037018	0.0589248	0.503773
1399411422242289489	0.026712	0.0641817	0.502573
1399411422259111628	0.0297842	0.0562542	0.500167
1399411422276172916	0.023562	0.0444914	0.496705
1399411422350124918	0.0104619	0.039893	0.493575
1399411422391126386	-0.0149057	0.0331869	0.491098
1399411422425161302	-0.0309358	0.0244219	0.489227
1399411422442142428	-0.0308158	0.0243251	0.486765
1399411422564038827	-0.0138944	0.024916	0.484054
1399411422603929991	0.00799915	0.0287005	0.480502
1399411422675107674	0.0130176	0.0325997	0.475749
1399411422691023299	0.0132702	0.0329588	0.470777
1399411422707900901	0.00326547	0.0301979	0.466594
1399411422816957153	-0.0141107	0.0304297	0.463489
1399411422888826198	-0.0101984	0.0332836	0.463185
1399411422905890500	-0.00596032	0.0296771	0.462967
1399411422921809006	-0.00371978	0.0245757	0.462912
1399411422999813513	-0.00241504	0.0199427	0.463402
1399411423095788756	-0.00235189	0.0168036	0.464882
1399411423111700931	-0.0055274	0.014495	0.466571
1399411423128706920	-0.0161349	0.0105133	0.46833
1399411423169620710	-0.0316547	0.00511313	0.470627
1399411423185613366	-0.0448279	0.000149846	0.473165
1399411423225665928	-0.0494725	-0.00417658	0.476553
1399411423317545537	-0.0365553	-0.00837818	0.482556
1399411423335872278	-0.0288916	-0.00567741	0.484772
1399411423417547100	-0.026038	-0.00466217	0.486344
1399411423434544839	-0.023234	-0.00247929	0.487262
1399411423529326229	-0.0209	0.00201616	0.487596
1399411423545323782	-0.0203433	0.00700474	0.487038
1399411423562249801	-0.0227965	0.0108619	0.485397
1399411423600245124	-0.025457	0.014289	0.482622
1399411423616267353	-0.0264891	0.0168968	0.479482
1399411423765345532	-0.0251179	0.0198042	0.475634
1399411423781250273	-0.0245134	0.0224207	0.471884
1399411423849257613	-0.0268803	0.0258477	0.468367
1399411423872307635	-0.0302656	0.0314163	0.464741
1399411423888265452	-0.033414	0.0389662	0.461412
1399411423959232509	-0.0382421	0.0468124	0.457999
1399411424056179851	-0.0458153	0.0495213	0.455427
1399411424072179204	-0.0528002	0.0445958	0.454021
1399411424089130575	-0.0547179	0.0353631	0.453546
1399411424130047216	-0.0496995	0.02893	0.452118
1399411424146047164	-0.0388275	0.0271532	0.451877
1399411424192174709	-0.0253246	0.029044	0.453538
1399411424208121412	-0.0156065	0.0344314	0.456492
1399411424278166976	-0.011072	0.0430135	0.459369
1399411424294208233	-0.00825018	0.0504612	0.461969
1399411424310979026	-0.00458017	0.0529816	0.464338
1399411424386044274	0.000208547	0.0508695	0.465743
1399411424426094322	0.0031426	0.0465879	0.465708
1399411424495956140	0.00219148	0.0409666	0.464854
1399411424511930227	-0.00103752	0.0302946	0.462985
1399411424528882661	-0.00305431	0.0182335	0.459614
1399411424602863608	-0.000404142	0.0127966	0.455301
1399411424698931458	0.00164045	0.0177981	0.45108
1399411424715807125	0.00121832	0.0264615	0.448086
1399411424731835723	0.000992754	0.0341304	0.447227
1399411424805782529	0.000613696	0.0378305	0.447169
1399411424821753789	-0.000636288	0.0377033	0.448087
1399411424839707868	-0.00375072	0.0355306	0.449782
1399411424904700697	-0.0100411	0.0338152	0.451538
1399411424934685672	-0.0197686	0.024304	0.454821
1399411424950586688	-0.021103	0.0191044	0.456001
1399411425019571340	-0.0209772	0.0155198	0.456514
1399411425063575293	-0.0197692	0.0129489	0.457012
1399411425131493800	-0.0174306	0.0125208	0.458176
1399411425147544872	-0.0138216	0.0142452	0.4597
1399411425164857803	-0.0110975	0.0178473	0.461781
1399411425237480396	-0.0112749	0.0219859	0.464561
1399411425255504632	-0.0134781	0.0248551	0.467409
1399411425349784824	-0.0151375	0.0240769	0.470544
1399411425366427619	-0.0154536	0.0185925	0.473105
1399411425382438530	-0.0149354	0.0106572	0.474826
1399411425455446366	-0.0147198	0.00385459	0.475528
1399411425472561117	-0.013231	0.000282185	0.475314
1399411425538361376	-0.0093931	0.000378607	0.475194
1399411425570339443	-0.00381115	0.00669542	0.475262
1399411425587293655	-0.00226006	0.0122041	0.476032
1399411425660274109	-0.00159779	0.0204719	0.476725
1399411425677163160	-0.0028721	0.0272141	0.477547
1399411425772213624	-0.0083335	0.0302952	0.477927
1399411425789124394	-0.0154646	0.0306475	0.477925
1399411425805154590	-0.0216394	0.0290629	0.477582
1399411425885096806	-0.0272627	0.0253959	0.476721
1399411425902201830	-0.0322158	0.0196563	0.476314
1399411425999254506	-0.0355795	0.0147264	0.476062
1399411426015148813	-0.0363643	0.0137497	0.476287
1399411426087079555	-0.0363101	0.0145424	0.476721
1399411426102981576	-0.0345528	0.0155651	0.477174
1399411426120076857	-0.0321051	0.0167868	0.478263
1399411426193971105	-0.0313121	0.0191022	0.479686
1399411426233978569	-0.0305173	0.021421	0.48172
1399411426303957897	-0.0295013	0.0222125	0.484359
1399411426321009192	-0.0285669	0.0212052	0.486636
1399411426336929298	-0.0287856	0.0185103	0.488721
1399411426409760050	-0.0277916	0.0161967	0.490408
1399411426453669256	-0.0240195	0.0144565	0.492047
1399411426520642147	-0.0179122	0.0122839	0.493277
1399411426537797610	-0.0117367	0.00927736	0.49361
1399411426553796348	-0.00854043	0.0071283	0.493618
1399411426627736149	-0.00684952	0.00816859	0.493506
1399411426644756523	-0.00508375	0.0105288	0.493956
1399411426746706893	-0.00539093	0.0121786	0.495362
1399411426762678976	-0.00857212	0.0129087	0.497206
1399411426835566205	-0.0137933	0.0135928	0.499597
1399411426851588704	-0.0163122	0.0165301	0.501988
1399411426868566234	-0.0128701	0.0207257	0.504392
1399411426970456541	-0.00316531	0.0228979	0.506735
1399411427009489577	0.0120992	0.0227003	0.508912
1399411427025512974	0.0254803	0.0196936	0.51078
1399411427060467359	0.0290435	0.0101067	0.511858
1399411427077499214	0.0246733	0.0107313	0.511477
1399411427174336697	0.016727	0.0137673	0.510975
1399411427190201927	0.00699984	0.0147542	0.51135
1399411427262216599	-0.0013904	0.0144763	0.511631
1399411427279127985	-0.00649732	0.0165684	0.512128
1399411427295164924	-0.0104415	0.0216047	0.512725
1399411427397263765	-0.0161572	0.0268606	0.512882
1399411427414303651	-0.0232229	0.0284942	0.513594
1399411427480112830	-0.0297202	0.0268213	0.514506
1399411427497237276	-0.0287245	0.0233503	0.515519
1399411427513109687	-0.0212592	0.0203094	0.516419
1399411427588175225	-0.0125298	0.016777	0.517122
1399411427682146917	-0.00544525	0.0111974	0.517496
1399411427705141257	-0.00130965	0.0059945	0.51766
1399411427721068102	-0.000192222	0.00452461	0.518214
1399411427796098587	0.000537594	0.00945235	0.519572
1399411427813030976	0.000490915	0.0208496	0.521827
1399411427911989367	-0.00570276	0.0362054	0.525303
1399411427928932848	-0.0173046	0.048382	0.528675
1399411427944854936	-0.0296374	0.0533049	0.531497
1399411428013868432	-0.0389526	0.0516236	0.533714
1399411428035956087	-0.0428167	0.0471576	0.53481
1399411428076881770	-0.0414373	0.0410785	0.534739
1399411428132832418	-0.0281143	0.0300257	0.533675
1399411428148790239	-0.0187584	0.0260778	0.532834
1399411428223868770	-0.0120037	0.0240599	0.531634
1399411428240668458	-0.00818267	0.0253417	0.529837
1399411428338714488	-0.00488257	0.0291757	0.52787
1399411428355707705	-0.0020814	0.0332598	0.526694
1399411428371731048	-0.000241741	0.0336684	0.526618
1399411428440646785	-0.000353626	0.0305983	0.526766
1399411428457644489	-0.00560806	0.0298837	0.526724
1399411428473689567	-0.0144678	0.0329125	0.52657
1399411428555635562	-0.0294402	0.0356095	0.524497
1399411428572582282	-0.0354615	0.027284	0.521967
1399411428646624616	-0.0357641	0.0118711	0.519014
1399411428662606641	-0.026056	-0.00430373	0.515425
1399411428764959011	-0.0150807	-0.0126048	0.510985
1399411428780503282	-0.00754714	-0.0097576	0.506136
1399411428797542309	-0.002278	-0.0013348	0.501147
1399411428868505837	0.00208773	0.00381594	0.497442
1399411428885456210	0.00638536	0.00478412	0.493448
1399411428901360314	0.0112314	0.00520421	0.489535
1399411429001412549	0.0138292	0.00905725	0.486447
1399411429080354853	0.0136353	0.0156371	0.484531
1399411429096321851	0.00966528	0.0202188	0.483544
1399411429114151254	-0.00230771	0.0219854	0.482833
1399411429185338871	-0.0216007	0.0198106	0.483264
1399411429252244224	-0.0409943	0.0147898	0.484687
1399411429269186583	-0.0531177	0.00806426	0.486658
1399411429303163742	-0.0533083	1.99862e-06	0.490067
1399411429320213678	-0.0432052	0.00525074	0.491131
1399411429397152450	-0.0334025	0.0117524	0.491826
1399411429437995575	-0.0261294	0.0108137	0.492019
1399411429508994337	-0.0180323	0.00444834	0.491799
1399411429524979702	-0.00961594	-0.00131547	0.490088
1399411429540989030	-0.00327584	-0.00328638	0.486909
1399411429615989142	-0.000495352	-0.0019521	0.482967
1399411429660024871	-0.00339573	0.00165393	0.47881
1399411429727278903	-0.0126705	0.00516418	0.475371
1399411429742977360	-0.0229094	0.00493848	0.471706
1399411429759923495	-0.0338016	0.00040599	0.468515
1399411429828961862	-0.0506002	-0.00691762	0.466166
1399411429845827684	-0.0703796	-0.0116318	0.4645
1399411429940751782	-0.0824917	-0.00975653	0.463113
1399411429956735345	-0.0809768	-0.00211565	0.461945
1399411429972733605	-0.0708416	0.00693002	0.461336
1399411430047776605	-0.056082	0.0174297	0.461392
1399411430069566894	-0.0413389	0.0266463	0.461891
1399411430136551613	-0.0254293	0.0292466	0.462707
1399411430166746869	0.0026201	0.031591	0.464155
1399411430182514077	0.00607033	0.0363679	0.464842
1399411430257623592	0.00170803	0.0389221	0.465708
1399411430274754644	-0.00486513	0.0373447	0.467904
1399411430367478118	-0.0134976	0.0317698	0.4706
1399411430384432078	-0.0217038	0.0278642	0.473463
1399411430400553159	-0.032533	0.0287933	0.476279
1399411430475483068	-0.0484277	0.0307008	0.478757
1399411430492329775	-0.0631279	0.0321312	0.481528
1399411430587365908	-0.0710312	0.0353098	0.483841
1399411430604323135	-0.072504	0.039378	0.485638
1399411430677413983	-0.0707726	0.0423823	0.487121
1399411430693274713	-0.0618733	0.0458225	0.488326
1399411430710323300	-0.0405349	0.0499933	0.489499
1399411430784366367	-0.013847	0.0531861	0.491027
1399411430824294979	0.0135514	0.0530805	0.491923
1399411430896243311	0.0360132	0.0501357	0.49215
1399411430912184472	0.0482139	0.0461877	0.492197
1399411430928169962	0.049177	0.0420018	0.491902
1399411431002184012	0.0438682	0.0371164	0.491107
1399411431046104190	0.0314039	0.0310401	0.489778
1399411431113073201	0.0146702	0.0229702	0.487983
1399411431136041403	-0.00585599	0.0130784	0.486425
1399411431210018488	-0.0337023	0.00596123	0.485606
1399411431226073202	-0.0598141	0.00510236	0.484978
1399411431242931970	-0.0740034	0.00988637	0.484038
1399411431340978941	-0.0751752	0.0166249	0.482919
1399411431356776859	-0.0696644	0.0221939	0.481469
1399411431427902809	-0.0563114	0.0285131	0.47961
1399411431444952951	-0.0336263	0.0371066	0.477308
1399411431460893042	-0.00447217	0.0449927	0.474364
1399411431562871926	0.0236384	0.0493543	0.471224
1399411431579771978	0.0414687	0.0506672	0.467846
1399411431646789160	0.0451881	0.0456815	0.46177
1399411431662940172	0.040245	0.039622	0.4561
1399411431760769268	0.0283051	0.0349962	0.450916
1399411431777657727	0.00671359	0.026389	0.447688
1399411431849816524	-0.0394322	0.0144512	0.445895
1399411431865754954	-0.078316	0.0116014	0.444496
1399411431967617013	-0.0900999	0.0130664	0.442753
1399411431983607441	-0.0827477	0.0148202	0.442685
1399411432000601559	-0.0691738	0.0186468	0.442615
1399411432043612336	-0.0381484	0.0197418	0.441686
1399411432090634072	-0.00528723	0.0166368	0.440528
1399411432106541856	0.0235357	0.0170742	0.439287
1399411432175079882	0.0400906	0.0196201	0.438071
1399411432191850795	0.0462646	0.0170085	0.437393
1399411432291317947	0.0469063	0.011084	0.437205
1399411432307272887	0.00929548	0.0042	0.437649
1399411432324349861	-0.0535847	-0.00260673	0.439589
1399411432392334223	-0.0921136	-0.00410874	0.442458
1399411432488389211	-0.0766083	-0.000374233	0.444978
1399411432505351321	-0.0424203	0.00564059	0.446189
1399411432522228851	-0.00878183	0.00999858	0.445613
1399411432595243598	0.0131694	0.00999845	0.445296
1399411432639146875	0.0154701	0.00730121	0.445318
1399411432707148518	-0.0209184	0.00325121	0.4463
1399411432723776180	-0.0804309	-0.00299926	0.449199
1399411432740113063	-0.100219	0.000322551	0.455492
1399411432846939583	-0.0757717	0.017819	0.459866
1399411432919142481	-0.0318855	0.0345124	0.4628
1399411432936155275	-0.00450903	0.0405383	0.464133
1399411433023903945	0.0099319	0.035999	0.465324
1399411433073799454	-0.0048101	0.0281909	0.465663
1399411433106878113	-0.03679	0.0302914	0.465644
1399411433192824712	-0.0475668	0.0432341	0.466873
1399411433209695494	-0.0358604	0.0539005	0.467449
1399411433361794944	-0.0107478	0.0615391	0.46777
1399411433378762075	0.00959495	0.0574731	0.466127
1399411433446674182	0.00523013	0.0494935	0.464028
1399411433463548327	-0.0315376	0.0446504	0.46137
1399411433541704179	-0.0589652	0.042723	0.46006
1399411433567683355	-0.0594737	0.0360096	0.459106
1399411433662679268	-0.0513732	0.0306407	0.456126
1399411433688542778	-0.0298082	0.0375717	0.451894
1399411433858371056	-0.0117773	0.0447761	0.447072
1399411433893395633	-0.0376559	0.0178633	0.43847
1399411433973461671	-0.0439332	0.0104291	0.435453
1399411434013373159	-0.0303313	0.0113159	0.432315
1399411434091396385	-0.0197488	0.0130326	0.429067
1399411434108349147	-0.0161777	0.0122795	0.426657
1399411434192175268	-0.0151874	0.00649374	0.425899
1399411434279217868	-0.0166417	0.00130352	0.426366
1399411434400117813	-0.0211245	0.0120347	0.428322
1399411434417025158	-0.0227568	0.0199473	0.430238
1399411434534037904	-0.0184282	0.0292298	0.432815
1399411434550043753	-0.012048	0.030955	0.436203
1399411434618005569	-0.0141729	0.0293469	0.438942
1399411434644906647	-0.0169468	0.0316814	0.439663
1399411434739793765	-0.0133232	0.0351189	0.439836
1399411434832769537	-0.00717318	0.0343912	0.438921
1399411434849741693	-0.00412185	0.0376239	0.437182
1399411434935745879	-0.00248578	0.0436155	0.434911
1399411434953669809	-0.000939204	0.0417227	0.433179
1399411435046590553	-0.00244995	0.0362127	0.430802
1399411435063501888	-0.00773011	0.0307671	0.428389
1399411435079468142	-0.0142835	0.0269262	0.425916
1399411435153502037	-0.0189017	0.0247008	0.423562
1399411435170451029	-0.0190487	0.0239206	0.421645
1399411435237410516	-0.0153615	0.0217834	0.420181
1399411435257464659	-0.0114862	0.0172258	0.419423
1399411435273432193	-0.0103612	0.0130967	0.419356
1399411435290404268	-0.0110353	0.0121188	0.420537
1399411435371343873	-0.0124803	0.0117938	0.422607
1399411435388365903	-0.0166437	0.00989493	0.425017
1399411435490007494	-0.0228153	0.00841667	0.427634
1399411435505260192	-0.0283321	0.00786955	0.430624
1399411435574249087	-0.0344294	0.00909307	0.433771
1399411435591246805	-0.0424954	0.0115641	0.436846
1399411435607189956	-0.0513207	0.0128501	0.439591
1399411435709200595	-0.0578324	0.0116378	0.442677
1399411435726163800	-0.0590068	0.00747901	0.445155
1399411435793100130	-0.0559524	0.00187095	0.446984
1399411435810099631	-0.0517331	-0.00272636	0.448113
1399411435832031173	-0.0482179	-0.00387619	0.448817
1399411435901082306	-0.045784	-0.00124776	0.448936
1399411435940960625	-0.0450841	0.00240606	0.448866
1399411436011958656	-0.0456027	0.00682458	0.449305
1399411436027954976	-0.0439957	0.0111906	0.450441
1399411436044935131	-0.0375296	0.0120215	0.451603
1399411436117928655	-0.028748	0.00910354	0.452486
1399411436214919894	-0.0238313	0.00812504	0.452779
1399411436230859936	-0.0228461	0.011129	0.452354
1399411436247931513	-0.0219141	0.0160694	0.45137
1399411436320814024	-0.0183808	0.0195894	0.450245
1399411436337810572	-0.0150506	0.0212543	0.449463
1399411436353764204	-0.0140687	0.0227871	0.448764
1399411436450760097	-0.0135498	0.0259173	0.448471
1399411436467684298	-0.0114786	0.0310351	0.448514
1399411436540076605	-0.00851549	0.0363277	0.448658
1399411436555619752	-0.00752948	0.0409364	0.448823
1399411436572610843	-0.0110485	0.0455209	0.449409
1399411436674554614	-0.01891	0.0502391	0.450694
1399411436696568287	-0.0267419	0.0540424	0.452465
1399411436729532502	-0.0315592	0.0543762	0.453976
1399411436752441400	-0.0320609	0.049818	0.455188
1399411436768510685	-0.0301098	0.0414122	0.45586
1399411436785460625	-0.0293039	0.0337962	0.455636
1399411436883293356	-0.0294062	0.0290343	0.454526
1399411436960552863	-0.0260824	0.0256768	0.453238
1399411436976462301	-0.0188823	0.0217362	0.45297
1399411437003731097	-0.0112049	0.0195809	0.453545
1399411437066509668	-0.00654896	0.0206886	0.454332
1399411437109454453	-0.00505734	0.0259933	0.455633
1399411437177341713	-0.00469373	0.0360307	0.457692
1399411437194325427	-0.00603734	0.0515025	0.461371
1399411437211285817	-0.00634223	0.0680588	0.465598
1399411437284275043	-0.00529451	0.0756811	0.469594
1399411437302299650	-0.00570784	0.0716922	0.472604
1399411437396138687	-0.0101009	0.059823	0.474154
1399411437412148202	-0.0195511	0.0430449	0.475054
1399411437429181817	-0.0312215	0.0270549	0.475389
1399411437502198700	-0.0412693	0.017229	0.475485
1399411437518106150	-0.0476889	0.0144711	0.474983
1399411437583157613	-0.0484294	0.0132197	0.473823
1399411437616140151	-0.0384383	-0.00333186	0.472605
1399411437632026711	-0.034373	-0.00931491	0.471518
1399411437706042534	-0.0312935	-0.00831599	0.470224
1399411437723021625	-0.0276928	-0.00365765	0.468986
1399411437812987221	-0.0221789	0.00104093	0.468337
1399411437829884343	-0.0176198	0.00393529	0.467316
1399411437845929209	-0.0187991	0.00222853	0.465778
1399411437923033956	-0.0260077	-0.00523057	0.463639
1399411437941768604	-0.0343266	-0.0140158	0.461447
1399411438037829334	-0.0400755	-0.0195135	0.459307
1399411438054773222	-0.0426897	-0.0192774	0.457436
1399411438070740571	-0.0406065	-0.0153977	0.456122
1399411438141616784	-0.0342181	-0.0133177	0.455457
1399411438158586698	-0.0284452	-0.0140321	0.455077
1399411438174642678	-0.0246887	-0.0128453	0.455056
1399411438275554031	-0.0214443	-0.00856556	0.454714
1399411438347528270	-0.0193663	-0.00286936	0.454764
1399411438364507542	-0.0170029	0.00322789	0.455399
1399411438380499236	-0.0129716	0.00830206	0.456224
1399411438455443575	-0.00765093	0.0081211	0.4574
1399411438498445569	-0.00405959	0.00292112	0.458202
1399411438567455038	-0.00427312	-0.00243678	0.459039
1399411438583586189	-0.00708069	-0.00504155	0.459239
1399411438599454307	-0.0100763	-0.00478433	0.45883
1399411438641437648	-0.0115714	-0.00371309	0.458626
1399411438658504111	-0.0108047	-0.00212702	0.45789
1399411438697398429	-0.00933345	-0.000827668	0.456844
1399411438714399925	-0.00793031	-0.000436014	0.455004
1399411438788585037	-0.0081552	-4.10154e-06	0.452165
1399411438804213181	-0.0087977	-0.000797069	0.448831
1399411438821187606	-0.00859476	-0.00379773	0.445209
1399411438919376338	-0.00611126	-0.00609832	0.441801
1399411438994494198	-0.000621732	-0.00501407	0.438475
1399411439014300654	0.00547437	-0.00201151	0.435189
1399411439030245322	0.00854846	-0.000508854	0.432284
1399411439103231334	0.00769711	-0.00156883	0.429311
1399411439120186005	0.00287179	-0.00331902	0.426764
1399411439214160202	-0.00544622	-0.00439865	0.424942
1399411439230250837	-0.0156464	-0.00434565	0.42379
1399411439247134077	-0.0240854	-0.000476548	0.423692
1399411439321089748	-0.0271591	0.00742407	0.424602
1399411439338023221	-0.0236871	0.0164599	0.426068
1399411439436075745	-0.0176856	0.0229675	0.427742
1399411439451961722	-0.0150558	0.0253487	0.429362
1399411439523059699	-0.0164055	0.0231984	0.43099
1399411439539971234	-0.0198469	0.0177384	0.432728
1399411439556929451	-0.0218995	0.0127071	0.43485
1399411439631932931	-0.0208133	0.0125271	0.437428
1399411439705796563	-0.0147885	0.0174764	0.44113
1399411439721732976	-0.0142812	0.0184467	0.442905
1399411439755790310	-0.0264785	0.0177135	0.446302
1399411439772740061	-0.0353996	0.0184376	0.448092
1399411439870606129	-0.0407709	0.0204365	0.449935
1399411439886721001	-0.0390265	0.0266698	0.451816
1399411439959670763	-0.0309992	0.0373627	0.453312
1399411439975578531	-0.023495	0.0486247	0.455098
1399411439992611491	-0.0229162	0.0546267	0.457499
1399411440096669385	-0.0302165	0.0543164	0.460524
1399411440166672735	-0.0405626	0.050331	0.464043
1399411440183393463	-0.0479115	0.0439495	0.467955
1399411440199371190	-0.0482281	0.0376506	0.471596
1399411440274481386	-0.0433546	0.031619	0.47447
1399411440291322671	-0.0349286	0.0244028	0.476134
1399411440386390001	-0.0253921	0.0165656	0.477104
1399411440403306086	-0.0169254	0.0118833	0.477547
1399411440419396385	-0.0132866	0.0116679	0.476697
1399411440493362601	-0.0131703	0.01652	0.47418
1399411440510232216	-0.0142626	0.0244115	0.470351
1399411440605120591	-0.0179156	0.0341288	0.463717
1399411440621254857	-0.0195449	0.0355794	0.461742
1399411440637159778	-0.0221087	0.0349729	0.458522
1399411440679212850	-0.0249565	0.0307444	0.455882
1399411440695063345	-0.0310461	0.0256636	0.453423
1399411440811946566	-0.0470626	0.0116952	0.450165
1399411440829007850	-0.0512635	0.00368328	0.449696
1399411440844944758	-0.0504614	-0.00120892	0.449851
1399411440917958045	-0.0447697	-0.00225308	0.450483
1399411440934957922	-0.0339541	-0.00027984	0.451342
1399411441029929111	-0.0226193	0.00199674	0.451871
1399411441045853527	-0.0138725	0.00361785	0.451721
1399411441062820407	-0.00770648	0.00602273	0.450827
1399411441139802244	-0.00339956	0.0109587	0.449545
1399411441156831686	0.00100674	0.0186676	0.448278
1399411441172774755	0.00508855	0.0249532	0.447039
1399411441272693478	0.00474192	0.0277261	0.446407
1399411441342753705	-0.00314494	0.0265276	0.44597
1399411441359827334	-0.0159673	0.0206501	0.445889
1399411441375825928	-0.0310785	0.0131582	0.446085
1399411441417896356	-0.0445463	0.00906338	0.446329
1399411441461740983	-0.0525279	0.00694007	0.44704
1399411441478702598	-0.05067	0.00451689	0.447853
1399411441494521230	-0.0426968	0.001833	0.448685
1399411441568701764	-0.0340691	0.000293775	0.449462
1399411441585702883	-0.0274271	-3.20468e-05	0.450927
1399411441606084461	-0.023706	-0.00079263	0.453571
1399411441701551195	-0.0199348	-0.00318458	0.457137
1399411441772507388	-0.014552	-0.00708305	0.461193
1399411441789719550	-0.00846352	-0.0109474	0.46559
1399411441805482166	-0.00274329	-0.0128088	0.470115
1399411441880375573	0.00117358	-0.0111153	0.473656
1399411441920461497	0.00336555	-0.0047245	0.47678
1399411441991391519	0.00320234	0.00585392	0.479613
1399411442008448387	0.000429398	0.0146359	0.482072
1399411442024425249	-0.00591933	0.0167588	0.483925
1399411442098385687	-0.0147018	0.015072	0.485326
1399411442118266120	-0.0209096	0.0140218	0.486139
1399411442220273880	-0.0214338	0.0150105	0.486583
1399411442237258992	-0.0154058	0.0168429	0.486602
1399411442311154372	-0.0046793	0.0160007	0.4852
1399411442328070270	-0.00420038	0.0133258	0.483781
1399411442386181375	-0.00664574	0.0102561	0.481776
1399411442402127149	-0.0115358	0.00834289	0.479599
1399411442422951986	-0.0149103	0.00725945	0.477621
1399411442438953573	-0.0146451	0.00652531	0.476299
1399411442455921879	-0.0118095	0.00466917	0.475141
1399411442523010439	-0.00864199	0.00151063	0.473972
1399411442562896680	-0.00550148	-0.00186315	0.471887
1399411442633866225	-0.00553213	-0.000678975	0.469258
1399411442650821954	-0.00831225	0.00184919	0.465443
1399411442666842216	-0.0136871	0.00835809	0.462161
1399411442765022603	-0.0164242	0.0131599	0.460094
1399411442781906978	-0.0145624	0.0117054	0.459437
1399411442852917449	-0.01039	0.00504925	0.458991
1399411442868937741	-0.00817719	-0.00594864	0.459008
1399411442936901109	-0.00997523	-0.0113511	0.458084
1399411442971630494	-0.00994465	-0.00847338	0.458481
1399411442988774577	-0.00914856	-0.00216619	0.460117
1399411443094794413	-0.0111523	0.00669787	0.461939
1399411443163719262	-0.0125411	0.016715	0.462625
1399411443179742979	-0.0116624	0.0271413	0.462312
1399411443196716123	-0.0123703	0.0383377	0.460908
1399411443294687844	-0.0145209	0.0405303	0.459377
1399411443310658289	-0.0133529	0.0325233	0.457098
1399411443388672129	-0.0149053	0.0224311	0.454336
1399411443404600831	-0.0230236	0.0142026	0.451955
1399411443504553984	-0.0334832	0.0104411	0.449425
1399411443521525277	-0.0335537	0.014875	0.448612
1399411443600330815	-0.0242015	0.020748	0.448605
1399411443695429077	-0.0198011	0.0190415	0.448245
1399411443736337217	-0.0257131	0.0123583	0.448338
1399411443816545770	-0.0389783	0.00870995	0.449307
1399411443836353623	-0.0421525	0.00463725	0.452779
1399411443919238190	-0.0297491	-0.00123844	0.457984
1399411444015149639	-0.0229969	-0.00415787	0.460334
1399411444032100866	-0.0192158	-0.00415458	0.462185
1399411444048075961	-0.0171558	-0.00382288	0.463535
1399411444122108859	-0.0172406	-0.00618903	0.46449
1399411444139098291	-0.0211249	-0.00972243	0.465517
1399411444233954835	-0.03044	-0.0116466	0.466729
1399411444251020562	-0.0391515	-0.0110348	0.468088
1399411444267119631	-0.0414411	-0.00856851	0.469864
1399411444341917740	-0.0350583	-0.00497829	0.47158
1399411444358942844	-0.023212	-0.00124919	0.472854
1399411444374798171	-0.0121456	0.00267508	0.473051
1399411444471851215	-0.00591796	0.00735636	0.472459
1399411444487841941	-0.00344891	0.0122958	0.47163
1399411444558831269	-0.00211491	0.0167102	0.470861
1399411444575829508	-0.00219975	0.0181222	0.469979
1399411444591812014	-0.00369683	0.0151394	0.469004
1399411444691672646	-0.0105485	0.0103526	0.467943
1399411444768685730	-0.037602	0.0078422	0.467208
1399411444784670976	-0.0425165	0.00794326	0.46701
1399411444801628187	-0.0401694	0.00592451	0.467192
1399411444872596563	-0.0366383	0.00372625	0.467089
1399411444977545203	-0.031018	0.00611841	0.466181
1399411444993528341	-0.0222478	0.0116399	0.464744
1399411445010505453	-0.0134029	0.015446	0.46325
1399411445083468462	-0.00797794	0.0132597	0.462099
1399411445101364684	-0.00532567	0.00702014	0.460869
1399411445197438958	-0.00585411	0.003121	0.459176
1399411445214327561	-0.0112558	0.00378024	0.457442
1399411445230374689	-0.0178556	0.00691872	0.455706
1399411445304334536	-0.0217928	0.00807384	0.455088
1399411445321326641	-0.0242928	0.00453246	0.454578
1399411445337285705	-0.0270522	-0.000246288	0.453886
1399411445434301544	-0.0300338	-0.00250082	0.453293
1399411445451218007	-0.0294401	-0.00426991	0.453237
1399411445523211709	-0.0220812	-0.00666443	0.454152
1399411445540329488	-0.0107999	-0.00769192	0.455243
1399411445556171960	-0.0011181	-0.00859795	0.455557
1399411445656118454	0.00293531	-0.011442	0.454785
1399411445727106585	0.00167313	-0.0161102	0.453935
1399411445744081313	-0.002918	-0.0188102	0.45368
1399411445760235498	-0.00628827	-0.0177116	0.453776
1399411445835009514	-0.00671708	-0.0140207	0.454184
1399411445852020822	-0.00879796	-0.0102877	0.454817
1399411445946977345	-0.0156952	-0.0074171	0.455685
1399411445964056243	-0.025733	-0.00628832	0.456783
1399411445979930475	-0.0315351	-0.0067132	0.457882
1399411446058890978	-0.0308698	-0.00860073	0.458707
1399411446075904498	-0.0250384	-0.01199	0.45925
1399411446176096707	-0.0162724	-0.01572	0.459201
1399411446192123327	-0.00794318	-0.0172527	0.457841
1399411446261988301	-0.00128278	-0.0144518	0.456599
1399411446277881993	9.93927e-05	-0.00814565	0.456324
1399411446294859487	-0.00367667	-0.00100184	0.456807
1399411446368957124	-0.00980037	0.00362914	0.4575
1399411446408787029	-0.0142296	0.00538795	0.459238
1399411446479768860	-0.0188581	0.00625679	0.461023
1399411446496851319	-0.0254993	0.00803538	0.462349
1399411446512819818	-0.033354	0.0106901	0.463464
1399411446588609442	-0.0409105	0.0124882	0.464793
1399411446628712108	-0.0472751	0.0139589	0.46671
1399411446698745776	-0.0489199	0.0160942	0.469091
1399411446715642020	-0.0413135	0.0147879	0.471407
1399411446731603826	-0.0304389	0.0104404	0.472783
1399411446805456932	-0.0238692	0.0067787	0.473164
1399411446821519419	-0.0219346	0.00839129	0.472022
1399411446923561601	-0.0215987	0.0138808	0.471091
1399411446940617194	-0.022059	0.0209161	0.470968
1399411446973549974	-0.0249064	0.0276789	0.472384
1399411446990536190	-0.0295891	0.0315307	0.475342
1399411447010730033	-0.033717	0.0328615	0.479532
1399411447050359122	-0.0351508	0.0330079	0.484251
1399411447126762315	-0.0348057	0.0337006	0.488153
1399411447143268790	-0.0349903	0.0339991	0.490968
1399411447159314344	-0.0374487	0.0323215	0.493272
1399411447200272049	-0.0410996	0.0287706	0.495422
1399411447217212508	-0.045158	0.0249561	0.497171
1399411447261418014	-0.0468148	0.0221579	0.498303
1399411447331318408	-0.042737	0.0196959	0.49903
1399411447347248012	-0.0352454	0.0174864	0.499041
1399411447364234466	-0.0281437	0.0164641	0.498183
1399411447439254279	-0.0254256	0.016061	0.496729
1399411447479086402	-0.024439	0.015701	0.495239
1399411447550192640	-0.0204133	0.0177488	0.494633
1399411447567195583	-0.0162703	0.0218737	0.494924
1399411447583225451	-0.0161695	0.0239875	0.495751
1399411447657123526	-0.0199218	0.022522	0.49699
1399411447674955418	-0.0238671	0.0210966	0.498059
1399411447768096118	-0.0260562	0.0204959	0.498671
1399411447785102008	-0.026259	0.0205733	0.498792
1399411447801099888	-0.0239353	0.0217033	0.49856
1399411447874052567	-0.0225247	0.0197215	0.497689
1399411447891101263	-0.0242766	0.0138851	0.496197
1399411447958916280	-0.0285584	0.00654822	0.493832
1399411447977851460	-0.0318801	0.00128417	0.491186
1399411447993985502	-0.0318492	0.00100086	0.488735
1399411448010892106	-0.0281762	0.00292261	0.485886
1399411448088927604	-0.0225529	0.00371069	0.482507
1399411448104975652	-0.0183535	0.00165597	0.478665
1399411448172803404	-0.0163021	-0.00318858	0.474792
1399411448202789158	-0.015218	-0.0118724	0.466344
1399411448219877089	-0.0182302	-0.0136701	0.462787
1399411448294855512	-0.0229957	-0.0147026	0.45995
1399411448334738240	-0.0279312	-0.0186923	0.457725
1399411448405653635	-0.0314359	-0.0248365	0.456446
1399411448421724636	-0.0325819	-0.0298041	0.455692
1399411448438647409	-0.0333746	-0.0305684	0.455251
1399411448512576145	-0.0356725	-0.0269284	0.455147
1399411448529648381	-0.0393726	-0.021656	0.455383
1399411448613585610	-0.0430363	-0.0167445	0.455832
1399411448630464534	-0.046389	-0.0130558	0.456155
1399411448646570771	-0.0457183	-0.0116659	0.456674
1399411448687512565	-0.0393833	-0.0127852	0.457075
1399411448704452780	-0.0329583	-0.0149601	0.457535
1399411448744481656	-0.0315679	-0.0159576	0.457233
1399411448761523736	-0.0340271	-0.0143835	0.456561
1399411448832359847	-0.0368165	-0.00974778	0.455782
1399411448854417109	-0.0382243	-0.00398304	0.455171
1399411448871321214	-0.0398123	0.00123193	0.454371
1399411448946225092	-0.0427526	0.0033786	0.453362
1399411449045333533	-0.0448807	0.000760909	0.45261
1399411449065293765	-0.0445946	-0.00556793	0.451895
1399411449081297717	-0.0421869	-0.0120417	0.45136
1399411449121179960	-0.0397573	-0.0167338	0.451316
1399411449138092832	-0.0389675	-0.0175457	0.451017
1399411449178209341	-0.0359865	-0.0142513	0.450962
1399411449194194855	-0.0314975	-0.00807088	0.450858
1399411449267109731	-0.0280322	0.000564646	0.450853
1399411449284132288	-0.0257431	0.00949255	0.45095
1399411449300081556	-0.0234575	0.0157978	0.451381
1399411449374090079	-0.0215535	0.0195025	0.451969
1399411449471055736	-0.0222846	0.0191861	0.45219
1399411449487053317	-0.025535	0.0165418	0.452423
1399411449503985676	-0.0287219	0.0161139	0.45249
1399411449577958595	-0.029968	0.0175831	0.452431
1399411449594878788	-0.0290395	0.0181096	0.452545
1399411449689890891	-0.0276448	0.013703	0.453233
1399411449705923513	-0.0278815	0.00757482	0.45453
1399411449723750834	-0.0291628	0.00283534	0.45592
1399411449796847798	-0.0281081	0.00101006	0.456543
1399411449812767964	-0.0265948	0.00288275	0.457325
1399411449829859345	-0.0262956	0.0102669	0.457857
1399411449919735928	-0.0278601	0.0224945	0.458443
1399411449936757470	-0.0281172	0.0319513	0.459116
1399411450004499714	-0.0239507	0.0351744	0.460208
1399411450024512039	-0.017784	0.0345336	0.460487
1399411450043506555	-0.0126146	0.0318545	0.459712
1399411450140624284	-0.0112058	0.0287469	0.457701
1399411450157558211	-0.0131175	0.0266881	0.455033
1399411450228525477	-0.0163716	0.02617	0.451718
1399411450245489948	-0.0181999	0.0260059	0.447906
1399411450261460812	-0.0185431	0.0243028	0.443912
1399411450334455963	-0.0184072	0.0214939	0.439876
1399411450431363242	-0.0181824	0.018794	0.435962
1399411450447224218	-0.0169211	0.0178746	0.432302
1399411450464203311	-0.0131164	0.0166012	0.429683
1399411450537321591	-0.00836541	0.0118541	0.42791
1399411450555265805	-0.00592504	0.00649867	0.426667
1399411450648238092	-0.00824456	0.00247998	0.425798
1399411450664124705	-0.0123206	0.000986694	0.425243
1399411450681090710	-0.0158099	-0.000221655	0.425264
1399411450755110563	-0.018911	-0.00200633	0.425314
1399411450772175746	-0.0224175	-0.00261349	0.425561
1399411450789169243	-0.027166	0.000301704	0.425657
1399411450885118100	-0.0349812	0.00796635	0.425734
1399411450902068336	-0.0447864	0.0171725	0.426212
1399411450972957172	-0.0517121	0.0220613	0.42744
1399411450988953296	-0.0542839	0.0206961	0.429004
1399411451005978484	-0.0520105	0.0137631	0.430811
1399411451089969749	-0.0445871	-0.000585102	0.433462
1399411451109748382	-0.0407596	-0.00819786	0.434879
1399411451183955173	-0.0385765	-0.0141736	0.436369
1399411451199911900	-0.036598	-0.0154433	0.437489
1399411451216944634	-0.0341041	-0.0123569	0.437973
1399411451312910599	-0.0319002	-0.00809519	0.438272
1399411451329747595	-0.0332249	-0.00513215	0.438906
1399411451400639478	-0.0353819	-0.00506159	0.440371
1399411451416626496	-0.0349713	-0.00752089	0.442009
1399411451433725013	-0.0333242	-0.0109343	0.443101
1399411451515692798	-0.0329554	-0.00460846	0.446322
1399411451531939593	-0.0338165	0.00268329	0.448969
1399411451605685982	-0.0349326	0.00878239	0.452164
1399411451621694065	-0.0394426	0.0125571	0.455942
1399411451638634711	-0.0460921	0.0130382	0.459719
1399411451734570499	-0.051507	0.0102426	0.463324
1399411451751605581	-0.0515655	0.00591589	0.466493
1399411451822584842	-0.0460459	0.00260935	0.469123
1399411451838478643	-0.0360862	0.00166207	0.470622
1399411451855377481	-0.0271558	0.00443513	0.472043
1399411451952459381	-0.0227728	0.00899193	0.47389
1399411451969295570	-0.0206716	0.0111239	0.475952
1399411452040286299	-0.0178143	0.00971959	0.478045
1399411452056389525	-0.0146601	0.00553514	0.480702
1399411452073399018	-0.0122546	1.79838e-05	0.483461
1399411452153358780	-0.0110147	-0.0042101	0.485984
1399411452248277263	-0.0107163	-0.00639964	0.487859
1399411452265251032	-0.0100889	-0.00617326	0.489281
1399411452281344367	-0.00969793	-0.00296109	0.49068
1399411452319310883	-0.0100624	9.45665e-06	0.491916
1399411452336246663	-0.011486	-0.000698019	0.492873
1399411452376221339	-0.014391	-0.00541326	0.493536
1399411452393126330	-0.0161321	-0.00977531	0.493535
1399411452467187742	-0.0169227	-0.00786084	0.491721
1399411452484504332	-0.0183889	-0.000709912	0.488995
1399411452500140270	-0.0203302	0.00410295	0.485623
1399411452602406599	-0.0187002	0.000162605	0.47922
1399411452671024163	-0.0159046	-0.000932796	0.471313
1399411452687124650	-0.0178861	0.00204235	0.463534
1399411452704034177	-0.0183717	0.00493276	0.456268
1399411452801906395	-0.0150652	0.00261116	0.449474
1399411452817847869	-0.0119659	-0.00442309	0.444209
1399411452889795563	-0.0116325	-0.00541712	0.440782
1399411452906840562	-0.013053	-0.00364788	0.43904
1399411453005747045	-0.0166565	-0.00813933	0.438238
1399411453024702506	-0.0224583	-0.00833575	0.436739
1399411453064851030	-0.026393	-0.00096144	0.435111
1399411453081723101	-0.0273696	0.00225327	0.433421
1399411453122774132	-0.0267972	-0.00394189	0.431135
1399411453138724720	-0.0279952	-0.0114393	0.427764
1399411453214589155	-0.0303485	-0.00716389	0.424299
1399411453232588276	-0.0333217	0.00453092	0.422276
1399411453300485518	-0.0368673	0.00725488	0.422023
1399411453329524211	-0.0351084	-0.00986502	0.421695
1399411453432447789	-0.0316385	-0.00705274	0.423777
1399411453534356156	-0.023847	-0.00923613	0.429301
1399411453551330185	-0.0216657	-0.00912021	0.435306
1399411453640254701	-0.026674	-0.0056901	0.441792
1399411453657246562	-0.0294245	-0.00249266	0.448788
1399411453778219359	-0.0303272	-0.00282927	0.45581
1399411453849201027	-0.0251272	-0.00299797	0.462586
1399411453869158316	-0.016768	0.00381571	0.46906
1399411453885144372	-0.0137397	0.00508086	0.474645
1399411453988025528	-0.0167498	0.00665513	0.477188
1399411454058002762	-0.0227737	0.0120645	0.477776
1399411454075018376	-0.0287514	0.0192165	0.478417
1399411454091037190	-0.0293037	0.0232936	0.479246
1399411454168043685	-0.02498	0.0240349	0.480515
1399411454185081539	-0.0186138	0.0245432	0.48173
1399411454279977317	-0.013427	0.0244806	0.482565
1399411454296068584	-0.0134413	0.021989	0.481968
1399411454311896782	-0.0161764	0.0185122	0.481577
1399411454386063970	-0.0186691	0.0162904	0.481095
1399411454403998961	-0.0230364	0.0154462	0.480483
1399411454497987072	-0.0289607	0.0154941	0.479328
1399411454513948129	-0.0302973	0.0155787	0.477581
1399411454530877849	-0.0273711	0.0151275	0.475363
1399411454603936345	-0.0246172	0.0149521	0.47249
1399411454619771937	-0.0249037	0.0148627	0.468912
1399411454636734186	-0.0277329	0.0140186	0.465396
1399411454736740429	-0.0316352	0.0106935	0.462315
1399411454806644487	-0.0351915	0.00472045	0.459375
1399411454823564615	-0.0381145	-0.00156329	0.456423
1399411454839505491	-0.0402401	-0.00679116	0.453437
1399411454919540942	-0.0421327	-0.00960997	0.45003
1399411454959614061	-0.0425531	-0.00933798	0.446775
1399411455029567598	-0.0398421	-0.00800524	0.443872
1399411455046624810	-0.0347519	-0.008886	0.44154
1399411455063562533	-0.0273177	-0.0128403	0.439086
1399411455136605427	-0.0198122	-0.0180607	0.436369
1399411455152564269	-0.0150724	-0.0231472	0.432871
1399411455220478162	-0.0134587	-0.026761	0.430063
1399411455240334211	-0.0131333	-0.0290778	0.428264
1399411455257408528	-0.0145844	-0.029854	0.427126
1399411455273459293	-0.0184751	-0.0300081	0.426257
1399411455346431892	-0.0246181	-0.0296586	0.426095
1399411455387234761	-0.0284999	-0.0279394	0.426291
1399411455457276522	-0.0283209	-0.0255647	0.42729
1399411455474325849	-0.0265841	-0.0260206	0.429269
1399411455490357399	-0.0238994	-0.0308501	0.43229
1399411455564265510	-0.0185347	-0.0346928	0.435872
1399411455581360332	-0.0119187	-0.031507	0.439481
1399411455681333167	-0.00882416	-0.0217931	0.442412
1399411455698247780	-0.0103846	-0.0123676	0.445012
1399411455767135519	-0.0129007	-0.00667319	0.447142
1399411455783181928	-0.0159394	-0.00519452	0.449409
1399411455800096837	-0.0200312	-0.00636246	0.451459
1399411455989969447	-0.0265593	-0.00939662	0.459999
1399411456007040600	-0.0328888	-0.0108446	0.463511
1399411456022881835	-0.039672	-0.0134781	0.467054
1399411456097991785	-0.0417466	-0.0132747	0.47071
1399411456192014642	-0.0378411	-0.00841169	0.474077
1399411456214903435	-0.0317693	-0.00288653	0.477228
1399411456231871748	-0.0284549	-0.00104742	0.47953
1399411456306760605	-0.0309936	-0.00468786	0.481703
1399411456323855491	-0.0365424	-0.0115321	0.483793
1399411456417810874	-0.0412861	-0.0172885	0.486049
1399411456433799284	-0.0427569	-0.0171667	0.488211
1399411456450760579	-0.0422907	-0.0124316	0.490138
1399411456492691847	-0.0407925	-0.00856324	0.492529
1399411456508711313	-0.0390729	-0.00763315	0.495089
1399411456624623977	-0.0394545	-0.00755071	0.497439
1399411456641663385	-0.0431175	-0.00559322	0.496964
1399411456658658373	-0.047748	-0.00134362	0.495643
1399411456731686685	-0.0509359	0.00361172	0.493875
1399411456748619073	-0.0501791	0.0066595	0.492319
1399411456843647192	-0.0462282	0.00716289	0.490798
1399411456860513127	-0.0432185	0.00653056	0.488363
1399411456876586042	-0.0427283	0.00644411	0.485465
1399411456949450406	-0.0445835	0.00653933	0.482527
1399411456969504797	-0.0478493	0.00480325	0.480301
1399411456988542593	-0.050541	0.0031563	0.479051
1399411457086454951	-0.0498058	0.00257899	0.478967
1399411457156434012	-0.0456878	0.00358802	0.479196
1399411457173323400	-0.0418714	0.00722269	0.478943
1399411457189367841	-0.0436471	0.0149423	0.478446
1399411457264383219	-0.0477736	0.0240749	0.47901
1399411457304324038	-0.0478728	0.0293714	0.481075
1399411457374210686	-0.0442177	0.0291973	0.48339
1399411457396248184	-0.0403347	0.02838	0.485151
1399411457413193084	-0.0385067	0.0295917	0.486564
1399411457490835530	-0.0371985	0.0306943	0.488289
1399411457505198478	-0.0364561	0.0295889	0.490939
1399411457606045665	-0.0352861	0.0249325	0.494275
1399411457622118921	-0.0314178	0.0183918	0.497767
1399411457690141617	-0.0256196	0.0122033	0.501424
1399411457707103860	-0.0211588	0.00737547	0.505463
1399411457723158417	-0.0202157	0.00702263	0.509052
1399411457821015998	-0.0190999	0.0120987	0.512752
1399411457837009153	-0.0145385	0.0186088	0.517215
1399411457909929998	-0.00766441	0.0222811	0.522069
1399411457925817955	-0.00202922	0.0214403	0.526236
1399411457942926440	0.00392093	0.0161724	0.528438
1399411458015773708	0.0109082	0.010693	0.529282
1399411458055777403	0.015486	0.00934978	0.529055
1399411458129874562	0.0120836	0.0115996	0.528022
1399411458149825884	0.00138941	0.0160052	0.526216
1399411458223598780	-0.0125875	0.0209211	0.525118
1399411458240569994	-0.0234263	0.0247627	0.524039
1399411458336582404	-0.0274743	0.0261607	0.523277
1399411458352551685	-0.0247568	0.0252398	0.523359
1399411458369521841	-0.020022	0.0227336	0.523709
1399411458442514823	-0.0146751	0.0201399	0.523435
1399411458459514772	-0.00927243	0.0167136	0.523354
1399411458476487335	-0.00587424	0.0111924	0.523643
1399411458572400224	-0.00403824	0.00482835	0.52408
1399411458589337873	-0.000414954	-0.000992447	0.52394
1399411458662287310	0.0134521	-0.00674693	0.52146
1399411458678228962	0.0291692	-0.00467772	0.516886
1399411458780264732	0.0296802	-0.00374378	0.508943
1399411458796247543	0.0149008	-0.00836735	0.499
1399411458865204956	-0.00213283	-0.0100891	0.488799
1399411458882184511	-0.0207993	-0.00562297	0.479487
1399411458977143761	-0.0339609	-0.00091112	0.471038
1399411458993091222	-0.037884	-0.000203406	0.462256
1399411459012078712	-0.0405759	-0.00723949	0.453337
1399411459084017937	-0.0414585	-0.00948775	0.444611
1399411459124012858	-0.0357755	-0.00800481	0.436924
1399411459195019759	-0.0252573	-0.0181227	0.430936
1399411459210959591	-0.0151594	-0.0349833	0.426517
1399411459226912832	-0.00774792	-0.0468188	0.422672
1399411459326879414	-0.00574213	-0.0479437	0.418709
1399411459396865589	-0.0121133	-0.0377369	0.414983
1399411459413878786	-0.0218748	-0.0290937	0.413029
1399411459429786859	-0.0279759	-0.0264743	0.413095
1399411459526700943	-0.0344218	-0.0250242	0.415657
1399411459542743002	-0.0443141	-0.0186329	0.419538
1399411459614746791	-0.0548207	-0.0108177	0.422657
1399411459631792412	-0.0583036	-0.0142109	0.427177
1399411459726628300	-0.0478442	-0.0267225	0.432934
1399411459742605815	-0.0370113	-0.0363185	0.439056
1399411459758732029	-0.0317472	-0.0419248	0.445273
1399411459835744604	-0.0339626	-0.0364872	0.449857
1399411459933526863	-0.040074	-0.0240525	0.452868
1399411459949814393	-0.0513686	-0.014809	0.455724
1399411459966622089	-0.0636728	-0.0132215	0.460337
1399411460041683136	-0.0544124	-0.0112113	0.467492
1399411460081544876	-0.0382733	-0.00353228	0.474626
1399411460152313701	-0.0362852	-0.00212474	0.482184
1399411460169519880	-0.0368092	-0.00643306	0.489625
1399411460258482436	-0.0297239	-0.00758983	0.497603
1399411460354434825	-0.0269842	-0.00630435	0.50628
1399411460370400499	-0.0297505	-0.00362644	0.514238
1399411460387424600	-0.0253855	0.000552874	0.521097
1399411460469343894	-0.0156947	0.00339382	0.526465
1399411460588364655	-0.0116676	0.00242446	0.529819
1399411460604156884	-0.0140599	0.00135913	0.530674
1399411460690243613	-0.0122027	0.00423081	0.528107
1399411460812986514	-0.0101842	0.00435886	0.52547
1399411460848949026	-0.0150107	0.0062033	0.522533
1399411460871963859	-0.0205322	0.0110686	0.520358
1399411460901943547	-0.0202921	0.0149005	0.519517
1399411460999897740	-0.0168571	0.0162109	0.518492
1399411461096002217	-0.0123168	0.0146883	0.517194
1399411461112967286	-0.00989891	0.0103549	0.515188
1399411461128867143	-0.0100008	0.00406986	0.512223
1399411461203901938	-0.0107365	-0.000948476	0.5086
1399411461220897491	-0.0112623	-0.00145656	0.504677
1399411461310917492	-0.0115698	0.0015485	0.500768
1399411461326879800	-0.0115255	0.00272316	0.497265
1399411461344207603	-0.0108273	0.000521401	0.493964
1399411461384801707	-0.0118939	-0.00346024	0.490705
1399411461401871022	-0.0158837	-0.00615099	0.487482
1399411461460714253	-0.0244639	-0.00423566	0.481162
1399411461536699822	-0.0271273	-0.00285637	0.478199
1399411461552756162	-0.0278697	-0.00172115	0.47589
1399411461569611434	-0.0248027	-0.000615548	0.473983
1399411461643671542	-0.0196651	-0.00127926	0.472502
1399411461739606367	-0.0170633	-0.00520425	0.471519
1399411461756524158	-0.0178251	-0.0095579	0.470722
1399411461772615155	-0.020386	-0.0114872	0.469684
1399411461817442689	-0.02553	-0.0102929	0.468598
1399411461836567323	-0.0312861	-0.008034	0.467677
1399411461854352609	-0.0368341	-0.00677345	0.467076
1399411461894396327	-0.0425616	-0.00748245	0.466556
1399411461970353183	-0.0488073	-0.00964261	0.46607
1399411461986610775	-0.0525367	-0.0113286	0.465321
1399411462062274104	-0.0501961	-0.0120441	0.464277
1399411462079298733	-0.0417184	-0.0116086	0.463262
1399411462174293443	-0.0300669	-0.0119794	0.4617
1399411462190353706	-0.0211072	-0.0135023	0.458924
1399411462207593025	-0.017583	-0.0150507	0.455312
1399411462282199712	-0.0185488	-0.015586	0.451486
1399411462298276747	-0.0209286	-0.0146904	0.447992
1399411462315337613	-0.0242315	-0.0129977	0.445091
1399411462412060136	-0.0305829	-0.0104274	0.44308
1399411462429108705	-0.0389576	-0.00759021	0.441222
1399411462490241402	-0.0481171	-0.00642428	0.439782
1399411462507045995	-0.0564501	-0.00781893	0.439374
1399411462523168015	-0.0589587	-0.00784003	0.439673
1399411462619225147	-0.0521848	-0.0044641	0.440702
1399411462636080050	-0.0398259	-0.000911269	0.442681
1399411462704022171	-0.0269401	-0.00115957	0.445358
1399411462720978480	-0.0167112	-0.0051776	0.448682
1399411462736998285	-0.0103877	-0.00910791	0.452773
1399411462778919273	-0.00664938	-0.00986033	0.457247
1399411462826890661	-0.00359356	-0.00662089	0.462567
1399411462845862369	-0.00227625	-0.00250297	0.468425
1399411463050851765	-0.0265288	-0.0045653	0.487476
1399411463066756032	-0.0252853	-0.00487579	0.489913
1399411463139715572	-0.0213919	-0.00517864	0.49102
1399411463156714385	-0.0153335	-0.00511291	0.490757
1399411463172709852	-0.00614677	-0.00395873	0.489787
1399411463245662652	0.00350385	-0.00076058	0.488697
1399411463342527906	0.010105	0.00185609	0.487889
1399411463358478514	0.0119988	0.00325607	0.487483
1399411463375510304	0.0116659	0.00449392	0.487052
1399411463459625321	0.00126338	0.00582831	0.485858
1399411463555497924	-0.015284	0.00488966	0.483912
1399411463572537713	-0.032399	0.00389978	0.480822
1399411463589780718	-0.0430301	0.00393877	0.477544
1399411463662415157	-0.0448602	0.00386082	0.474797
1399411463679427200	-0.0413745	0.00160347	0.471841
1399411463695330422	-0.0378844	-0.00336384	0.468121
1399411463792231749	-0.0362677	-0.0082653	0.464238
1399411463809199867	-0.0319462	-0.0107463	0.460676
1399411463881417038	-0.0247557	-0.0110051	0.457551
1399411463900383642	-0.0202488	-0.0105814	0.454638
1399411463920379514	-0.0245213	-0.0108422	0.451515
1399411464018187195	-0.0421607	-0.0114679	0.447068
1399411464089232546	-0.0496768	-0.0110316	0.445811
1399411464105250242	-0.0653332	-0.00869284	0.4441
1399411464122189640	-0.0793358	-0.00459874	0.442695
1399411464196186828	-0.0853848	-0.00132057	0.441888
1399411464213301300	-0.0816113	-0.000254724	0.441653
1399411464308022085	-0.0705668	-0.00150528	0.441431
1399411464324108861	-0.0541714	-0.00413709	0.440885
1399411464341016951	-0.0389761	-0.00743994	0.440378
1399411464414239589	-0.031746	-0.00858456	0.439164
1399411464431084989	-0.0312586	-0.00686899	0.437658
1399411464531038478	-0.033745	-0.00512094	0.436382
1399411464547870931	-0.0402766	-0.0056719	0.436506
1399411464622812431	-0.0507376	-0.00864832	0.437546
1399411464639778800	-0.0613553	-0.0106129	0.438736
1399411464655752027	-0.0703372	-0.0115148	0.43994
1399411464730861292	-0.076299	-0.0122366	0.441133
1399411464770730922	-0.0776021	-0.0118928	0.442268
1399411464841751857	-0.0757015	-0.0122564	0.443011
1399411464858828731	-0.073935	-0.013352	0.443395
1399411464874820833	-0.0663976	-0.0150883	0.443839
1399411464948671116	-0.0511726	-0.0168964	0.44406
1399411464988683261	-0.0302752	-0.0176959	0.443265
1399411465061742951	0.00189421	-0.0184531	0.439959
1399411465077735491	0.00543163	-0.0192317	0.437639
1399411465094672894	0.00559153	-0.0196544	0.434976
1399411465167622647	0.0048435	-0.0175264	0.432146
1399411465263686019	-0.00078713	-0.0136498	0.428847
1399411465279497421	-0.00997427	-0.0100003	0.425893
1399411465296544911	-0.0182043	-0.0079087	0.42361
1399411465369561899	-0.0254678	-0.00864324	0.422027
1399411465386663575	-0.0314828	-0.0116229	0.421616
1399411465481526864	-0.0350582	-0.0141595	0.422078
1399411465498518207	-0.0361544	-0.014594	0.423221
1399411465514954477	-0.0340134	-0.0138787	0.424768
1399411465588428897	-0.0259935	-0.0134631	0.426972
1399411465604297285	-0.00956975	-0.0132899	0.429032
1399411465621350174	0.00947696	-0.0134839	0.431394
1399411465718319672	0.0280629	-0.0140253	0.43378
1399411465734162558	0.0434405	-0.0137834	0.436037
1399411465805348716	0.0507918	-0.0106187	0.438831
1399411465822335661	0.0515298	-0.00343518	0.442746
1399411465838287650	0.0506723	0.0029997	0.446802
1399411465939246135	0.0409045	0.00530089	0.450583
1399411466009164002	0.0197211	0.00440506	0.453589
1399411466025182783	-0.00557503	0.00283091	0.455885
1399411466041165963	-0.0250995	0.00257446	0.457657
1399411466119054597	-0.0335895	0.00503259	0.458178
1399411466138044842	-0.0357202	0.00874472	0.457724
1399411466232009280	-0.0339692	0.0110703	0.456365
1399411466248019487	-0.0302348	0.00988446	0.454553
1399411466264890708	-0.0215032	0.00555678	0.452193
1399411466305961068	-0.00993528	-0.0013633	0.449247
1399411466322949010	0.000273462	-0.00590063	0.44511
1399411466365922062	0.00701855	-0.00450834	0.44041
1399411466435801171	0.0102687	0.000912681	0.436217
1399411466452843227	0.0120277	0.00794388	0.434189
1399411466469867151	0.0124921	0.0159255	0.433627
1399411466510780535	0.0118346	0.0233323	0.434394
1399411466566667421	-0.0106084	0.0288303	0.44117
1399411466582642409	-0.0402769	0.020383	0.446895
1399411466658816595	-0.0645189	0.0128275	0.453764
1399411466698790606	-0.0710585	0.00933046	0.459924
1399411466769528744	-0.0740462	0.00448722	0.465706
1399411466785803212	-0.0758647	0.00800724	0.471188
1399411466802759532	-0.0566016	0.0149757	0.475518
1399411466902483571	-0.0284378	0.00973705	0.479211
1399411466978618846	-0.00907737	-0.000895364	0.479963
1399411466994508780	0.00514898	-0.00147328	0.476484
1399411467011440648	0.00258504	0.00847322	0.472199
1399411467108332946	-0.0126544	0.0120734	0.46908
1399411467124397980	-0.0342502	0.00795464	0.468862
1399411467195442397	-0.0463937	0.00646598	0.469579
1399411467212374856	-0.0432137	0.00228558	0.471558
1399411467313268611	-0.026141	-0.00292471	0.473931
1399411467329334918	-0.00335787	0.000991244	0.47716
1399411467398369474	0.00868528	0.00840438	0.478898
1399411467414258603	0.00601199	0.00777666	0.479388
1399411467538274877	-0.0193431	0.00726568	0.479494
1399411467608188888	-0.0495914	0.00690311	0.479827
1399411467625145472	-0.0644161	0.00375239	0.480093
1399411467642179451	-0.0478673	0.00218574	0.478442
1399411467751079448	-0.0263779	0.00373734	0.474162
1399411467824050190	-0.0182726	0.00293675	0.468122
1399411467843862149	-0.0246239	0.000101939	0.463918
1399411467932261772	-0.0457713	-0.00186461	0.461126
1399411467948914703	-0.0578169	-0.00339162	0.461148
1399411468042789921	-0.0643885	-0.00610018	0.461842
1399411468058833987	-0.067436	-0.010692	0.4626
1399411468075808669	-0.0651456	-0.0177062	0.463627
1399411468116820209	-0.0564592	-0.0264504	0.465358
1399411468132832005	-0.0412966	-0.0343376	0.466272
1399411468173785359	-0.0216706	-0.0384103	0.467541
1399411468252663737	-0.00240694	-0.0382094	0.468387
1399411468268621496	0.0110529	-0.0345755	0.468951
1399411468285630986	0.0155282	-0.0307981	0.469541
1399411468364508419	0.0117794	-0.027907	0.469805
1399411468381525327	0.00123943	-0.0252644	0.470468
1399411468482526523	-0.0131575	-0.0224406	0.471279
1399411468499486082	-0.0250944	-0.0189288	0.472283
1399411468568465655	-0.0298116	-0.0141563	0.473947
1399411468584577684	-0.0271701	-0.00846075	0.475002
1399411468601509768	-0.0196355	-0.00307546	0.476147
1399411471675798886	-0.011009	0.00082675	0.476375
1399411471675877441	-0.00349875	0.00129	0.476559
1399411471675936956	0.00236829	-0.00366272	0.477841
1399411471675994660	-0.000290378	-0.000717368	0.478586
1399411471676030337	-0.00711282	0.0314169	0.475122
1399411471676070188	-0.0131539	0.0461782	0.469416
1399411471676112039	-0.0241586	0.0523235	0.465708
1399411471676145234	-0.0344481	0.0468316	0.462814
1399411471676177838	-0.0423971	0.0357181	0.459324
1399411471676211067	-0.0474133	0.0196857	0.456341
1399411471676243467	-0.0496923	-0.00172244	0.453107
1399411471676285031	-0.0494945	-0.0280768	0.449453
1399411471676321998	-0.00626957	0.0311213	0.446194
1399411471676355260	0.0045806	0.0470377	0.439705
1399411471676388225	0.00961031	0.0482785	0.438407
1399411471676421213	-0.00170558	0.0325531	0.434746
1399411471676461988	-0.00861101	0.0271898	0.428742
1399411471676494395	-0.00581903	0.0300243	0.426298
1399411471676527667	-0.00670704	0.0290158	0.423328
1399411471676560131	-0.00787166	0.0281567	0.420437
1399411471676601007	-0.0073756	0.0289057	0.417928
1399411471676634329	-0.00744863	0.0290854	0.414788
1399411471676666936	-0.00805869	0.0288593	0.411909
1399411471676699273	-0.00814221	0.0290258	0.409068
1399411471676731616	-0.00812991	0.0292886	0.406131
1399411471676763742	-0.00829708	0.0293152	0.403407
1399411471676804558	-0.00864937	0.0292077	0.397639
1399411471676860241	-0.00888832	0.0293454	0.394717
1399411471676893897	-0.00894425	0.0294942	0.391849
1399411471676926775	-0.00902023	0.0294843	0.389222
1399411471676967921	-0.00929217	0.0295862	0.386279
1399411471677000381	-0.00934201	0.0297155	0.383251
1399411471677032708	-0.0095268	0.0297263	0.380792
1399411471677064981	-0.00967097	0.0298825	0.377532
1399411471677097749	-0.00980815	0.029859	0.375251
1399411471677130713	-0.00998484	0.030055	0.372071
1399411471677171669	-0.0101436	0.0300161	0.369287
1399411471677204160	-0.0102782	0.0302458	0.366655
1399411471677236830	-0.0104188	0.0302845	0.363571
1399411471677269635	-0.0106684	0.0303403	0.361229
1399411471677302442	-0.0106411	0.030439	0.358088
1399411471677334789	-0.0108995	0.0305674	0.355469
1399411471677367556	-0.0110478	0.0305827	0.352641
1399411471677400187	-0.0110459	0.0307324	0.349784
1399411471677432484	-0.0112782	0.0307888	0.347247
1399411471677465622	-0.0113372	0.0308252	0.344137
1399411471677499001	-0.0114496	0.0309679	0.341443
1399411471677539175	-0.0116469	0.0309976	0.33864
1399411471677571752	-0.0117673	0.0310831	0.335756
1399411471677604981	-0.0118774	0.0311956	0.333259
1399411471677637782	-0.0120125	0.0312364	0.330213
1399411471677670122	-0.0120894	0.0313076	0.327508
