#Time	 SERVO_1	 SERVO_2	 SERVO_3	 SERVO_4
1399411394840721607	1175	1175	1175	1175
1399411394856804403	1175	1175	1175	1175
1399411394873720318	1175	1175	1175	1175
1399411394944710627	1175	1175	1175	1175
1399411394960707490	1175	1175	1175	1175
1399411394982737493	1175	1175	1175	1175
1399411395044799312	1175	1175	1175	1175
1399411395061532852	1175	1175	1175	1175
1399411395088573354	1175	1175	1175	1175
1399411395147559205	1175	1175	1175	1175
1399411395212901765	1175	1175	1175	1175
1399411395228468548	1175	1175	1175	1175
1399411395257497578	1175	1175	1175	1175
1399411395297489574	1175	1175	1175	1175
1399411395384414101	1175	1175	1175	1175
1399411395400401558	1175	1175	1175	1175
1399411395423428425	1175	1175	1175	1175
1399411395509315250	1175	1175	1175	1175
1399411395571311692	1175	1175	1175	1175
1399411395588268356	1175	1175	1175	1175
1399411395636288568	1175	1175	1175	1175
1399411395653269706	1175	1175	1175	1175
1399411395686252182	1175	1175	1175	1175
1399411395703269139	1175	1175	1175	1175
1399411395779348084	1175	1175	1175	1175
1399411395822343199	1175	1175	1175	1175
1399411395851350733	1175	1175	1175	1175
1399411395864176856	1175	1175	1175	1175
1399411395930229032	1175	1175	1175	1175
1399411395992114203	1175	1175	1175	1175
1399411396008967376	1175	1175	1175	1175
1399411396057130913	1175	1175	1175	1175
1399411396073027425	1175	1175	1175	1175
1399411396100063480	1175	1175	1175	1175
1399411396140158512	1175	1175	1175	1175
1399411396202420674	1175	1175	1175	1175
1399411396255947301	1175	1175	1175	1175
1399411396276935758	1175	1175	1175	1175
1399411396292917320	1175	1175	1175	1175
1399411396358873892	1175	1175	1175	1175
1399411396375860430	1175	1175	1175	1175
1399411396406792135	1175	1175	1175	1175
1399411396519797363	1175	1175	1175	1175
1399411396535568361	1175	1175	1175	1175
1399411396552634041	1175	1175	1175	1175
1399411396582553673	1175	1175	1175	1175
1399411396608546793	1175	1175	1175	1175
1399411396707471394	1175	1175	1175	1175
1399411396729518034	1175	1175	1175	1175
1399411396780464508	1175	1175	1175	1175
1399411396810489373	1175	1175	1175	1175
1399411396882392564	1175	1175	1175	1175
1399411396938354369	1175	1175	1175	1175
1399411396954345511	1175	1175	1175	1175
1399411396971324068	1175	1175	1175	1175
1399411397031310115	1175	1175	1175	1175
1399411397051515654	1175	1175	1175	1175
1399411397162219374	1175	1175	1175	1175
1399411397179159519	1175	1175	1175	1175
1399411397195227509	1175	1175	1175	1175
1399411397217189546	1175	1175	1175	1175
1399411397292240398	1175	1175	1175	1175
1399411397355181509	1175	1175	1175	1175
1399411397395123052	1175	1175	1175	1175
1399411397424067543	1175	1175	1175	1175
1399411397440037403	1175	1175	1175	1175
1399411397450059006	1175	1175	1175	1175
1399411397503049824	1175	1175	1175	1175
1399411397589029508	1175	1175	1175	1175
1399411397605987401	1175	1175	1175	1175
1399411397623963819	1175	1175	1175	1175
1399411397657887816	1175	1175	1175	1175
1399411397721871548	1175	1175	1175	1175
1399411397738847245	1175	1175	1175	1175
1399411397839834210	1175	1175	1175	1175
1399411397856782235	1175	1175	1175	1175
1399411397875736820	1175	1175	1175	1175
1399411397900792456	1175	1175	1175	1175
1399411397980729404	1175	1175	1175	1175
1399411398023741000	1175	1175	1175	1175
1399411398040686356	1175	1175	1175	1175
1399411398057677707	1175	1175	1175	1175
1399411398089661946	1175	1175	1175	1175
1399411398129787688	1175	1175	1175	1175
1399411398191677222	1175	1175	1175	1175
1399411398231646887	1175	1175	1175	1175
1399411398271706615	1175	1175	1175	1175
1399411398312536280	1175	1175	1175	1175
1399411398346485130	1175	1175	1175	1175
1399411398408464325	1175	1175	1175	1175
1399411398470558077	1175	1175	1175	1175
1399411398486557221	1175	1175	1175	1175
1399411398561423451	1175	1175	1175	1175
1399411398579429950	1175	1175	1175	1175
1399411398607519366	1175	1175	1175	1175
1399411398833206335	1175	1175	1175	1175
1399411398850186399	1175	1175	1175	1175
1399411398903215273	1175	1175	1175	1175
1399411398919193893	1175	1175	1175	1175
1399411398978097776	1175	1175	1175	1175
1399411399003099491	1175	1175	1175	1175
1399411399019059636	1175	1175	1175	1175
1399411399081077004	1175	1175	1175	1175
1399411399168181885	1175	1175	1175	1175
1399411399185155851	1175	1175	1175	1175
1399411399207958210	1175	1175	1175	1175
1399411399224990004	1175	1175	1175	1175
1399411399248037540	1175	1175	1175	1175
1399411399373895917	1175	1175	1175	1175
1399411399389821919	1175	1175	1175	1175
1399411399416968928	1175	1175	1175	1175
1399411399433848407	1175	1175	1175	1175
1399411399462843981	1175	1175	1175	1175
1399411399501829490	1175	1175	1175	1175
1399411399588713475	1175	1175	1175	1175
1399411399604764221	1175	1175	1175	1175
1399411399622750598	1175	1175	1175	1175
1399411399650737881	1175	1175	1175	1175
1399411399712733139	1175	1175	1175	1175
1399411399798642695	1175	1175	1175	1175
1399411399818614077	1175	1175	1175	1175
1399411399879536188	1175	1175	1175	1175
1399411399896605691	1175	1175	1175	1175
1399411399912588253	1175	1175	1175	1175
1399411399979554414	1175	1175	1175	1175
1399411400021472889	1175	1175	1175	1175
1399411400038522504	1175	1175	1175	1175
1399411400055449245	1175	1175	1175	1175
1399411400134471485	1175	1175	1175	1175
1399411400196405560	1175	1175	1175	1175
1399411400236392538	1175	1175	1175	1175
1399411400261358473	1175	1175	1175	1175
1399411400277398129	1175	1175	1175	1175
1399411400311398228	1175	1175	1175	1175
1399411400345349539	1175	1175	1175	1175
1399411400408244688	1175	1175	1175	1175
1399411400448232597	1175	1175	1175	1175
1399411400477207117	1175	1175	1175	1175
1399411400500205576	1175	1175	1175	1175
1399411400564225274	1175	1175	1175	1175
1399411400582189932	1175	1175	1175	1175
1399411400643155127	1175	1175	1175	1175
1399411400670208520	1175	1175	1175	1175
1399411400698275004	1175	1175	1175	1175
1399411400766095500	1175	1175	1175	1175
1399411400835048374	1175	1175	1175	1175
1399411400851026611	1175	1175	1175	1175
1399411400939016055	1175	1175	1175	1175
1399411400954928494	1175	1175	1175	1175
1399411400971887850	1175	1175	1175	1175
1399411400997941646	1175	1175	1175	1175
1399411401032935042	1175	1175	1175	1175
1399411401093866232	1175	1175	1175	1175
1399411401114786310	1175	1175	1175	1175
1399411401152765103	1175	1175	1175	1175
1399411401187767958	1175	1175	1175	1175
1399411401249735883	1175	1175	1175	1175
1399411401265763239	1175	1175	1175	1175
1399411401358920179	1175	1175	1175	1175
1399411401375733198	1175	1175	1175	1175
1399411401391712157	1175	1175	1175	1175
1399411401421830444	1175	1175	1175	1175
1399411401448764330	1175	1175	1175	1175
1399411401545700490	1175	1175	1175	1175
1399411401569755190	1175	1175	1175	1175
1399411401585657565	1175	1175	1175	1175
1399411401608497065	1175	1175	1175	1175
1399411401649663797	1175	1175	1175	1175
1399411401711595579	1175	1175	1175	1175
1399411401797617312	1175	1175	1175	1175
1399411401817473478	1175	1175	1175	1175
1399411401882591723	1175	1175	1175	1175
1399411401895447552	1175	1175	1175	1175
1399411401911481167	1175	1175	1175	1175
1399411402004535029	1175	1175	1175	1175
1399411402021443140	1175	1175	1175	1175
1399411402084518448	1175	1175	1175	1175
1399411402100414249	1175	1175	1175	1175
1399411402117284125	1175	1175	1175	1175
1399411402133306045	1175	1175	1175	1175
1399411402201394620	1175	1175	1175	1175
1399411402218298535	1175	1175	1175	1175
1399411402295263809	1175	1175	1175	1175
1399411402311254589	1175	1175	1175	1175
1399411402345152040	1175	1175	1175	1175
1399411402431179601	1175	1175	1175	1175
1399411402447044190	1175	1175	1175	1175
1399411402471025683	1175	1175	1175	1175
1399411402564929620	1175	1175	1175	1175
1399411402581902714	1175	1175	1175	1175
1399411402631900325	1175	1175	1175	1175
1399411402660904164	1175	1175	1175	1175
1399411402722907717	1175	1175	1175	1175
1399411402738855622	1175	1175	1175	1175
1399411402777886096	1175	1175	1175	1175
1399411402888829666	1175	1175	1175	1175
1399411402905784938	1175	1175	1175	1175
1399411402924715035	1175	1175	1175	1175
1399411402941752643	1175	1175	1175	1175
1399411402967871738	1175	1175	1175	1175
1399411403029751690	1175	1175	1175	1175
1399411403069724283	1175	1175	1175	1175
1399411403094701821	1175	1175	1175	1175
1399411403182816342	1175	1175	1175	1175
1399411403244715495	1175	1175	1175	1175
1399411403261689061	1175	1175	1175	1175
1399411403309494908	1175	1175	1175	1175
1399411403326569998	1175	1175	1175	1175
1399411403400576050	1175	1175	1175	1175
1399411403417613407	1175	1175	1175	1175
1399411403500537338	1175	1175	1175	1175
1399411403548557599	1175	1175	1175	1175
1399411403574345190	1175	1175	1175	1175
1399411403657420158	1175	1175	1175	1175
1399411403674528836	1175	1175	1175	1175
1399411403741398045	1175	1175	1175	1175
1399411403757299891	1175	1175	1175	1175
1399411403792209841	1175	1175	1175	1175
1399411403808376142	1175	1175	1175	1175
1399411403862336003	1175	1175	1175	1175
1399411403926226388	1175	1175	1175	1175
1399411403990145444	1175	1175	1175	1175
1399411404027103568	1175	1175	1175	1175
1399411404047091719	1175	1175	1175	1175
1399411404128103059	1175	1175	1175	1175
1399411404215125941	1175	1175	1175	1175
1399411404231123148	1175	1175	1175	1175
1399411404255114976	1175	1175	1175	1175
1399411404271102315	1175	1175	1175	1175
1399411404299071027	1175	1175	1175	1175
1399411404338041449	1175	1175	1175	1175
1399411404424875022	1175	1175	1175	1175
1399411404440911164	1175	1175	1175	1175
1399411404476891725	1175	1175	1175	1175
1399411404492927509	1453	1428	1447	1434
1399411404575724558	1454	1433	1447	1428
1399411404634712105	1453	1430	1452	1427
1399411404714681366	1453	1428	1451	1430
1399411404731713822	1453	1426	1455	1428
1399411404747609318	1450	1425	1462	1426
1399411404833672781	1455	1434	1447	1426
1399411404927540239	1450	1429	1452	1431
1399411404943495658	1455	1430	1451	1426
1399411404960459281	1451	1432	1450	1429
1399411405034588870	1453	1434	1443	1432
1399411405050886203	1458	1428	1450	1427
1399411405152475791	1454	1435	1450	1423
1399411405168431557	1501	1478	1490	1480
1399411405185416017	1506	1477	1498	1468
1399411405254761013	1498	1487	1489	1474
1399411405270377554	1495	1490	1480	1488
1399411405287413581	1487	1500	1470	1496
1399411405384359152	1477	1502	1466	1508
1399411405400361190	1484	1492	1461	1516
1399411405472195921	1491	1483	1468	1510
1399411405489356983	1477	1485	1470	1504
1399411405505216211	1455	1500	1460	1504
1399411405603202752	1460	1494	1485	1481
1399411405673237655	1462	1481	1470	1485
1399411405690051004	1479	1466	1477	1477
1399411405706083026	1478	1469	1468	1483
1399411405780227127	1472	1468	1482	1463
1399411405797108569	1459	1484	1459	1484
1399411405912021111	1459	1480	1457	1482
1399411406005970279	1465	1465	1431	1511
1399411406021973601	1463	1467	1462	1481
1399411406119948298	1452	1478	1476	1467
1399411406135880137	1440	1484	1464	1472
1399411406207914514	1459	1463	1467	1471
1399411406223873334	1473	1454	1481	1455
1399411406240742961	1468	1460	1463	1473
1399411406314752971	1464	1464	1478	1459
1399411406356679448	1466	1470	1466	1474
1399411406430572919	1461	1476	1463	1478
1399411406446631490	1468	1468	1487	1458
1399411406462650351	1474	1466	1481	1464
1399411406576702060	1463	1478	1445	1504
1399411406647690909	1457	1480	1465	1488
1399411406664804599	1455	1474	1479	1481
1399411406680534042	1458	1477	1462	1506
1399411406722572794	1465	1467	1477	1494
1399411406738655968	1461	1471	1481	1498
1399411406780573461	1463	1471	1490	1495
1399411406852469443	1467	1467	1490	1495
1399411406868344067	1481	1455	1501	1482
1399411406884476395	1470	1466	1489	1494
1399411406961424555	1469	1469	1479	1502
1399411407004524079	1477	1468	1487	1496
1399411407076369756	1464	1483	1471	1509
1399411407093305256	1471	1480	1503	1478
1399411407110651248	1476	1478	1484	1495
1399411407183314694	1467	1486	1471	1507
1399411407200285306	1474	1479	1472	1506
1399411407296301426	1472	1479	1476	1505
1399411407312275668	1450	1501	1464	1521
1399411407384235411	1476	1476	1486	1499
1399411407401327501	1484	1465	1496	1491
1399411407417240347	1482	1469	1490	1495
1399411407504134309	1467	1484	1472	1513
1399411407520015379	1463	1486	1484	1503
1399411407537074393	1492	1454	1522	1467
1399411407605038385	1474	1474	1494	1494
1399411407621974368	1464	1489	1473	1509
1399411407638946817	1468	1487	1479	1502
1399411407707925258	1467	1490	1472	1506
1399411407724807662	1465	1488	1478	1501
1399411407740857619	1471	1482	1486	1497
1399411407814951533	1476	1476	1486	1499
1399411407830900842	1449	1500	1468	1519
1399411407899951910	1449	1500	1477	1510
1399411407915995689	1459	1488	1487	1502
1399411407934943804	1473	1482	1484	1509
1399411407956868018	1483	1474	1489	1502
1399411408029838816	1486	1478	1490	1495
1399411408045807689	1497	1473	1502	1485
1399411408146890928	1477	1496	1483	1502
1399411408162872512	1474	1502	1468	1513
1399411408179819350	1479	1500	1464	1515
1399411408247787712	1489	1489	1477	1502
1399411408263681192	1481	1498	1482	1492
1399411408360570219	1484	1499	1487	1483
1399411408377686150	1489	1496	1474	1494
1399411408393657968	1488	1497	1454	1514
1399411408465583331	1487	1496	1469	1501
1399411408482607938	1460	1515	1470	1504
1399411408498602713	1479	1494	1484	1492
1399411408597553404	1487	1481	1488	1492
1399411408667591985	1494	1479	1485	1500
1399411408683576859	1476	1495	1481	1506
1399411408700635661	1468	1498	1489	1498
1399411408737519305	1478	1492	1496	1487
1399411408784386164	1470	1504	1482	1497
1399411408801363147	1476	1501	1476	1501
1399411408817358165	1483	1498	1473	1499
1399411408888363054	1488	1495	1471	1499
1399411408905454814	1474	1508	1463	1507
1399411408921413016	1481	1500	1477	1496
1399411409019329871	1488	1490	1486	1488
1399411409036232228	1492	1484	1486	1490
1399411409105285212	1496	1481	1473	1503
1399411409122055064	1491	1487	1460	1519
1399411409138118059	1488	1490	1478	1501
1399411409237160614	1480	1495	1489	1489
1399411409253090618	1483	1491	1489	1489
1399411409324089634	1473	1499	1474	1506
1399411409340006951	1482	1490	1491	1494
1399411409357117994	1473	1499	1481	1500
1399411409454965073	1474	1494	1478	1507
1399411409524953330	1461	1505	1474	1508
1399411409542004752	1487	1483	1484	1499
1399411409557919946	1477	1491	1483	1498
1399411409631899102	1482	1490	1484	1492
1399411409648910168	1480	1495	1479	1496
1399411409749855576	1480	1499	1472	1498
1399411409765781657	1496	1485	1467	1492
1399411409782847512	1483	1502	1465	1490
1399411409845826157	1491	1502	1468	1487
1399411409862811577	1485	1504	1473	1486
1399411409963781621	1492	1501	1484	1476
1399411409979765095	1497	1497	1479	1477
1399411409996760401	1490	1503	1464	1491
1399411410071719574	1464	1525	1471	1480
1399411410087683308	1480	1511	1463	1486
1399411410104573882	1496	1496	1463	1486
1399411410201529985	1497	1499	1474	1479
1399411410271593353	1506	1487	1474	1481
1399411410287550570	1494	1500	1464	1491
1399411410304491789	1487	1510	1461	1490
1399411410345582563	1486	1514	1464	1485
1399411410390525416	1486	1514	1460	1489
1399411410407473014	1501	1501	1461	1486
1399411410423474801	1501	1501	1465	1482
1399411410492367651	1514	1484	1464	1479
1399411410509745887	1492	1507	1469	1471
1399411410525225276	1479	1517	1471	1473
1399411410622397242	1482	1516	1468	1474
1399411410639300488	1489	1508	1457	1486
1399411410710234312	1497	1501	1461	1482
1399411410727139640	1505	1490	1463	1482
1399411410743345132	1503	1497	1467	1473
1399411410840138394	1490	1516	1461	1482
1399411410910762884	1506	1502	1464	1477
1399411410927122093	1518	1490	1466	1474
1399411410944123782	1523	1487	1462	1481
1399411411018145695	1509	1501	1460	1483
1399411411034065317	1521	1496	1463	1482
1399411411102088493	1503	1516	1467	1476
1399411411119072546	1494	1525	1470	1472
1399411411154028366	1518	1507	1468	1468
1399411411170063395	1508	1525	1465	1467
1399411411268986185	1505	1534	1455	1470
1399411411339052565	1516	1528	1450	1471
1399411411355914270	1513	1535	1460	1462
1399411411371932819	1506	1535	1454	1473
1399411411413884948	1518	1520	1461	1471
1399411411430053151	1518	1518	1469	1469
1399411411473845436	1505	1526	1471	1471
1399411411490705453	1501	1528	1470	1474
1399411411559750587	1502	1527	1463	1482
1399411411576755500	1508	1517	1461	1488
1399411411592724123	1531	1490	1452	1497
1399411411662657319	1517	1508	1455	1489
1399411411678643508	1509	1514	1471	1476
1399411411695754120	1513	1513	1471	1478
1399411411768715592	1513	1517	1470	1474
1399411411785487820	1516	1516	1470	1472
1399411411802441266	1524	1509	1460	1485
1399411411902450479	1519	1515	1464	1481
1399411411918426717	1513	1521	1466	1479
1399411411988503011	1511	1520	1469	1478
1399411412011520545	1509	1520	1469	1480
1399411412028536748	1510	1515	1468	1477
1399411412107455915	1528	1505	1466	1470
1399411412131393510	1519	1515	1457	1476
1399411412197461786	1506	1529	1457	1473
1399411412214328769	1504	1529	1454	1473
1399411412230301638	1507	1526	1460	1468
1399411412297356568	1515	1519	1460	1468
1399411412328339821	1519	1513	1448	1478
1399411412344288642	1511	1516	1440	1490
1399411412419191831	1502	1521	1442	1492
1399411412459240302	1492	1528	1459	1478
1399411412530169896	1497	1526	1462	1477
1399411412547160724	1514	1514	1458	1477
1399411412563108937	1527	1498	1446	1490
1399411412637090393	1520	1505	1447	1489
1399411412654096264	1510	1515	1446	1490
1399411412752060249	1514	1516	1451	1481
1399411412768022624	1528	1503	1465	1469
1399411412839985176	1522	1509	1467	1467
1399411412856040848	1518	1518	1452	1478
1399411412872998427	1521	1513	1442	1490
1399411412938861203	1515	1515	1445	1491
1399411412972914522	1526	1503	1478	1463
1399411412988916105	1522	1505	1470	1472
1399411413060810055	1508	1515	1452	1495
1399411413077812986	1517	1504	1440	1509
1399411413175730594	1516	1509	1459	1495
1399411413191757207	1508	1513	1476	1482
1399411413208714079	1499	1520	1482	1478
1399411413279579285	1495	1526	1470	1487
1399411413295594070	1508	1513	1458	1500
1399411413393604732	1522	1497	1462	1498
1399411413409562783	1517	1500	1470	1487
1399411413480627948	1519	1498	1476	1482
1399411413497515953	1513	1504	1469	1488
1399411413513513043	1514	1511	1467	1486
1399411413554547837	1515	1515	1457	1492
1399411413600329472	1537	1497	1457	1486
1399411413616769352	1538	1502	1431	1505
1399411413632475078	1528	1514	1433	1503
1399411413702433008	1531	1516	1444	1501
1399411413718366717	1529	1517	1460	1485
1399411413816362556	1524	1518	1472	1481
1399411413832255747	1528	1509	1488	1469
1399411413849325056	1533	1500	1483	1479
1399411413920316590	1522	1514	1483	1481
1399411413943265255	1524	1514	1486	1476
1399411414014248138	1527	1513	1482	1478
1399411414057277240	1535	1508	1502	1458
1399411414130782469	1544	1494	1452	1509
1399411414144139973	1542	1497	1429	1535
1399411414161144157	1535	1499	1441	1527
1399411414234110076	1533	1489	1469	1511
1399411414274961461	1555	1450	1453	1533
1399411414345039078	1538	1472	1468	1527
1399411414361935576	1506	1500	1496	1502
1399411414377878321	1499	1507	1505	1497
1399411414451873019	1498	1506	1498	1506
1399411414467958211	1520	1484	1480	1524
1399411414557892790	1517	1491	1479	1529
1399411414574810983	1518	1488	1484	1526
1399411414590737041	1463	1539	1542	1467
1399411414659826585	1511	1490	1497	1518
1399411414675826248	1541	1458	1464	1546
1399411414775776720	1535	1461	1474	1538
1399411414791696020	1520	1476	1494	1523
1399411414808608379	1516	1476	1490	1526
1399411414844814658	1508	1483	1508	1508
1399411414860497501	1501	1492	1504	1510
1399411414978698939	1527	1468	1462	1540
1399411414997616449	1502	1498	1485	1515
1399411415014629133	1505	1497	1483	1510
1399411415087571788	1511	1495	1483	1506
1399411415104484515	1521	1487	1476	1511
1399411415201553102	1522	1486	1486	1501
1399411415217477922	1509	1497	1487	1502
1399411415234450021	1406	1583	1540	1440
1399411415307415297	1529	1483	1454	1524
1399411415323417505	1524	1490	1468	1508
1399411415421249512	1532	1480	1459	1520
1399411415437319370	1521	1485	1447	1536
1399411415508398768	1511	1486	1449	1538
1399411415524284926	1490	1503	1483	1510
1399411415541312901	1494	1498	1476	1520
1399411415641129295	1488	1501	1482	1516
1399411415658171060	1489	1498	1480	1520
1399411415728224880	1524	1461	1455	1543
1399411415744272819	1498	1483	1487	1519
1399411415761183756	1450	1526	1538	1470
1399411415835195588	1476	1501	1515	1496
1399411415878134314	1507	1473	1465	1539
1399411415946084950	1447	1533	1499	1499
1399411415963062207	1474	1510	1489	1504
1399411415978946558	1513	1470	1480	1516
1399411416059983040	1526	1457	1465	1531
1399411416122007433	1504	1479	1486	1509
1399411416138893843	1508	1483	1496	1500
1399411416169943234	1495	1499	1505	1488
1399411416185903307	1531	1461	1494	1510
1399411416295739676	1495	1497	1495	1509
1399411416367715286	1494	1502	1501	1499
1399411416383761284	1492	1507	1494	1502
1399411416400758189	1488	1520	1521	1466
1399411416473556853	1508	1506	1500	1481
1399411416514797218	1514	1505	1488	1488
1399411416585594983	1500	1525	1486	1484
1399411416602595216	1490	1539	1491	1481
1399411416618583292	1521	1513	1471	1499
1399411416692454395	1518	1518	1436	1523
1399411416709443718	1525	1517	1452	1501
1399411416808524010	1522	1522	1476	1476
1399411416825444989	1575	1461	1447	1508
1399411416893612033	1541	1506	1474	1479
1399411416910407247	1548	1496	1485	1466
1399411416926473371	1505	1542	1485	1464
1399411416993392773	1490	1552	1476	1476
1399411417031287160	1524	1516	1465	1490
1399411417047299668	1529	1504	1479	1483
1399411417120195329	1518	1516	1487	1479
1399411417136118904	1523	1508	1463	1505
1399411417237175385	1504	1527	1453	1519
1399411417253226995	1515	1513	1466	1510
1399411417322291912	1518	1503	1494	1489
1399411417338280997	1508	1515	1501	1480
1399411417355278176	1507	1520	1505	1471
1399411417455120510	1538	1491	1439	1536
1399411417471149510	1527	1508	1474	1498
1399411417542054776	1511	1526	1495	1476
1399411417559014062	1537	1503	1488	1482
1399411417575037675	1510	1535	1470	1496
1399411417651031349	1498	1544	1470	1496
1399411417693978866	1478	1562	1514	1450
1399411417761936084	1524	1528	1488	1471
1399411417778902099	1544	1500	1458	1502
1399411417794900371	1528	1524	1455	1500
1399411417836860525	1529	1529	1449	1500
1399411417876827644	1514	1545	1455	1498
1399411417892819464	1526	1535	1481	1472
1399411417965817117	1528	1532	1490	1465
1399411417982820564	1535	1527	1465	1488
1399411418000841799	1531	1531	1477	1477
1399411418072631193	1539	1524	1437	1514
1399411418113713685	1531	1535	1457	1492
1399411418185658977	1527	1540	1464	1483
1399411418201539079	1551	1517	1472	1479
1399411418218661054	1534	1534	1478	1478
1399411418292578324	1525	1536	1481	1481
1399411418332666125	1531	1531	1526	1440
1399411418403525979	1541	1517	1487	1481
1399411418420448586	1543	1517	1464	1502
1399411418436524451	1533	1527	1476	1497
1399411418478429587	1540	1509	1470	1510
1399411418494405185	1528	1520	1466	1519
1399411418538403355	1529	1513	1494	1498
1399411418609341476	1527	1510	1510	1485
1399411418625432556	1534	1495	1479	1529
1399411418642392210	1519	1504	1498	1517
1399411418683391714	1520	1499	1505	1514
1399411418729361034	1532	1482	1506	1521
1399411418746304852	1516	1497	1509	1520
1399411418762378538	1502	1506	1513	1517
1399411418831359993	1492	1518	1509	1518
1399411418847307076	1498	1513	1507	1520
1399411418864179526	1496	1517	1545	1480
1399411418966177294	1504	1504	1514	1520
1399411418982125230	1504	1504	1497	1535
1399411419056139896	1508	1496	1484	1545
1399411419072072101	1511	1486	1490	1545
1399411419145956598	1481	1513	1491	1551
1399411419187992549	1483	1502	1499	1545
1399411419259022020	1489	1494	1513	1536
1399411419275026019	1497	1488	1480	1563
1399411419292017816	1513	1470	1503	1547
1399411419333000789	1499	1482	1517	1538
1399411419348973884	1500	1479	1511	1544
1399411419394941867	1483	1491	1524	1537
1399411419411127040	1508	1466	1535	1531
1399411419478706122	1495	1480	1526	1539
1399411419495727790	1495	1480	1508	1553
1399411419511680997	1490	1482	1529	1535
1399411419811795444	1509	1440	1519	1558
1399411419827621692	1520	1431	1471	1593
1399411419898622348	1513	1432	1517	1556
1399411419914766391	1479	1460	1551	1529
1399411419931453230	1478	1459	1552	1531
1399411420033433324	1470	1472	1541	1540
1399411420105414658	1502	1441	1521	1548
1399411420121418614	1492	1459	1516	1539
1399411420138441340	1478	1478	1480	1563
1399411420212283560	1442	1511	1504	1543
1399411420229363606	1473	1484	1508	1536
1399411420325240850	1496	1470	1499	1534
1399411420341177363	1491	1494	1507	1516
1399411420358194759	1514	1482	1472	1538
1399411420432131688	1500	1500	1414	1580
1399411420448301077	1510	1498	1444	1553
1399411420545234564	1519	1491	1501	1501
1399411420561267940	1540	1473	1503	1497
1399411420578166794	1520	1501	1522	1473
1399411420648225699	1507	1520	1506	1479
1399411420664106903	1551	1483	1539	1435
1399411420681141994	1531	1519	1479	1487
1399411420781063741	1514	1539	1443	1519
1399411420798038182	1506	1538	1448	1509
1399411420861050360	1533	1506	1462	1502
1399411420877980708	1505	1522	1518	1450
1399411420894055363	1522	1503	1492	1478
1399411420991852720	1524	1499	1462	1510
1399411421008737689	1502	1519	1455	1515
1399411421079890460	1499	1518	1455	1519
1399411421102017193	1510	1502	1455	1519
1399411421173882133	1549	1459	1427	1544
1399411421190859845	1532	1482	1461	1511
1399411421286791032	1507	1507	1479	1494
1399411421302781083	1494	1523	1485	1485
1399411421318708475	1500	1517	1484	1486
1399411421360664278	1571	1445	1413	1556
1399411421376659648	1540	1483	1467	1511
1399411421418569675	1511	1511	1500	1481
1399411421434586127	1485	1543	1535	1448
1399411421506498333	1515	1523	1482	1497
1399411421523542318	1511	1537	1481	1502
1399411421620696201	1524	1526	1479	1504
1399411421637403229	1540	1499	1478	1514
1399411421707554353	1534	1499	1500	1500
1399411421723562316	1515	1515	1517	1487
1399411421826479194	1535	1492	1462	1540
1399411421843444297	1499	1532	1494	1508
1399411421859456578	1500	1536	1490	1501
1399411421928332755	1507	1537	1507	1476
1399411422028385629	1533	1519	1494	1479
1399411422044358487	1527	1535	1534	1431
1399411422061392840	1554	1502	1466	1496
1399411422135285579	1585	1460	1484	1484
1399411422177297473	1550	1499	1498	1477
1399411422247253805	1524	1524	1490	1490
1399411422264144346	1570	1457	1433	1549
1399411422281159482	1534	1501	1501	1488
1399411422379164464	1477	1546	1487	1502
1399411422396094056	1510	1515	1485	1506
1399411422430166581	1513	1508	1490	1505
1399411422449167212	1519	1500	1472	1525
1399411422592997200	1526	1486	1489	1515
1399411422609033860	1500	1504	1514	1499
1399411422679974426	1537	1461	1486	1531
1399411422697005017	1498	1498	1510	1510
1399411422802105258	1506	1494	1523	1502
1399411422821923744	1531	1471	1507	1507
1399411422893781042	1525	1483	1487	1529
1399411422910853729	1515	1500	1495	1520
1399411422988899412	1524	1490	1488	1522
1399411423030704644	1524	1492	1492	1516
1399411423100783044	1531	1495	1489	1519
1399411423116581713	1509	1516	1504	1504
1399411423133628850	1497	1535	1508	1496
1399411423174643639	1504	1536	1502	1502
1399411423190621736	1522	1526	1486	1511
1399411423230593407	1521	1535	1471	1526
1399411423322573093	1550	1505	1477	1517
1399411423339630295	1531	1527	1476	1520
1399411423422408011	1543	1510	1474	1523
1399411423462482326	1544	1507	1483	1517
1399411423534349348	1540	1505	1480	1526
1399411423550314109	1533	1508	1491	1521
1399411423567265065	1521	1513	1506	1515
1399411423605297021	1525	1502	1501	1526
1399411423621319103	1528	1492	1500	1533
1399411423770338600	1521	1494	1506	1533
1399411423786304184	1515	1496	1518	1526
1399411423854273737	1516	1490	1523	1525
1399411423877212954	1520	1488	1528	1526
1399411423948245285	1519	1485	1539	1518
1399411423990067288	1498	1506	1540	1517
1399411424061177785	1482	1524	1524	1532
1399411424077118796	1491	1523	1504	1541
1399411424094166875	1515	1502	1506	1538
1399411424135151394	1526	1497	1502	1536
1399411424151149577	1531	1503	1489	1541
1399411424197058684	1524	1509	1486	1534
1399411424213088204	1532	1503	1509	1509
1399411424283178786	1531	1506	1506	1510
1399411424299117769	1526	1514	1494	1521
1399411424316011282	1524	1516	1480	1534
1399411424414009537	1549	1480	1480	1539
1399411424483965848	1522	1503	1501	1524
1399411424500980675	1501	1522	1488	1537
1399411424516884103	1474	1535	1485	1549
1399411424591803378	1505	1495	1496	1549
1399411424607873929	1509	1484	1518	1540
1399411424703853014	1506	1489	1527	1531
1399411424720830415	1511	1490	1520	1532
1399411424736764723	1509	1495	1508	1533
1399411424810832002	1507	1503	1508	1531
1399411424827730093	1503	1514	1507	1526
1399411424888709042	1516	1497	1522	1503
1399411424909659180	1504	1510	1515	1508
1399411424939780856	1505	1507	1502	1510
1399411424955627477	1506	1502	1504	1513
1399411425024665621	1501	1505	1494	1517
1399411425068464412	1508	1500	1497	1511
1399411425136523782	1515	1496	1496	1510
1399411425152423113	1520	1490	1491	1506
1399411425169497200	1516	1499	1498	1496
1399411425242455367	1526	1492	1495	1490
1399411425338518570	1517	1504	1491	1491
1399411425354772572	1514	1509	1476	1505
1399411425371416083	1499	1522	1477	1502
1399411425444521988	1500	1517	1479	1504
1399411425461359244	1508	1502	1484	1505
1399411425477535974	1517	1491	1482	1509
1399411425543256766	1515	1494	1488	1503
1399411425575263578	1521	1489	1485	1504
1399411425592255088	1528	1484	1495	1492
1399411425665241465	1526	1484	1491	1498
1399411425706173673	1509	1501	1497	1492
1399411425777184714	1504	1504	1496	1496
1399411425794043712	1520	1490	1506	1491
1399411425810759046	1504	1504	1500	1500
1399411425890099115	1500	1508	1496	1504
1399411425907151784	1488	1520	1498	1502
1399411426004164730	1506	1506	1498	1498
1399411426020079409	1503	1514	1504	1496
1399411426091909002	1509	1509	1490	1507
1399411426108020872	1510	1513	1489	1504
1399411426125022421	1506	1519	1496	1491
1399411426221968320	1511	1516	1492	1492
1399411426238921954	1529	1508	1492	1486
1399411426308964419	1520	1516	1484	1488
1399411426325923366	1513	1525	1481	1489
1399411426341802275	1520	1520	1484	1484
1399411426414755289	1525	1517	1481	1489
1399411426509604980	1529	1510	1472	1500
1399411426526619398	1520	1518	1467	1507
1399411426542792599	1515	1521	1478	1499
1399411426616783209	1517	1517	1486	1492
1399411426632734799	1526	1511	1481	1498
1399411426735144050	1521	1523	1484	1488
1399411426751642768	1518	1531	1484	1484
1399411426767633330	1513	1536	1484	1478
1399411426840615571	1531	1523	1485	1472
1399411426856550748	1532	1522	1492	1461
1399411426873536823	1542	1514	1465	1484
1399411426975519969	1550	1503	1446	1499
1399411427014824142	1551	1506	1444	1497
1399411427030322402	1531	1531	1454	1488
1399411427065441357	1535	1519	1469	1480
1399411427162304920	1527	1523	1481	1472
1399411427179352032	1523	1527	1470	1479
1399411427195228644	1523	1527	1467	1482
1399411427267208347	1535	1519	1454	1499
1399411427284157757	1540	1513	1469	1484
1399411427300167781	1531	1522	1478	1478
1399411427402267003	1521	1535	1476	1476
1399411427469281020	1500	1551	1486	1461
1399411427485131105	1525	1535	1458	1481
1399411427502229469	1538	1521	1470	1468
1399411427576173777	1535	1527	1454	1482
1399411427618196823	1528	1535	1448	1486
1399411427687219662	1531	1533	1447	1487
1399411427710815266	1531	1531	1462	1474
1399411427726074941	1546	1517	1410	1522
1399411427801134703	1557	1509	1458	1468
1399411427817976254	1553	1519	1481	1441
1399411427917418626	1541	1536	1486	1431
1399411427933856996	1533	1548	1469	1444
1399411428002011217	1548	1536	1446	1463
1399411428021966177	1545	1542	1466	1447
1399411428040882036	1546	1536	1450	1469
1399411428105813302	1533	1553	1474	1449
1399411428137839704	1551	1529	1451	1479
1399411428153914509	1553	1531	1464	1474
1399411428228724120	1553	1529	1474	1466
1399411428245776012	1565	1511	1476	1471
1399411428343759533	1559	1517	1480	1469
1399411428360653135	1554	1527	1472	1472
1399411428428521708	1551	1535	1443	1502
1399411428445705752	1546	1540	1471	1473
1399411428462730402	1546	1538	1485	1462
1399411428529636571	1564	1515	1488	1461
1399411428560608274	1509	1557	1491	1468
1399411428577643278	1509	1553	1457	1507
1399411428651529401	1531	1533	1429	1537
1399411428667567947	1529	1527	1462	1515
1399411428769562570	1541	1504	1490	1495
1399411428785547423	1547	1490	1500	1491
1399411428857479870	1531	1505	1486	1511
1399411428873444903	1525	1506	1480	1522
1399411428890462254	1534	1495	1467	1535
1399411428990444960	1535	1496	1487	1515
1399411429006365543	1538	1496	1499	1499
1399411429085308295	1543	1491	1478	1518
1399411429101245025	1538	1498	1495	1501
1399411429118300148	1517	1527	1500	1489
1399411429190287900	1511	1537	1495	1488
1399411429257201059	1525	1533	1473	1501
1399411429274127073	1520	1539	1476	1497
1399411429309063169	1567	1484	1472	1500
1399411429325090286	1531	1527	1516	1459
1399411429426019532	1531	1527	1478	1497
1399411429443011438	1526	1526	1465	1516
1399411429513964162	1527	1519	1458	1533
1399411429529970696	1531	1506	1480	1520
1399411429546982829	1533	1498	1469	1539
1399411429620997996	1520	1505	1501	1516
1399411429714836076	1506	1515	1515	1506
1399411429731942844	1534	1482	1460	1554
1399411429747999609	1507	1507	1486	1539
1399411429833928908	1444	1562	1525	1502
1399411429928840579	1488	1528	1518	1507
1399411429945773843	1527	1489	1498	1523
1399411429961763296	1509	1509	1499	1520
1399411430035803050	1534	1486	1490	1526
1399411430055710038	1515	1510	1510	1502
1399411430074588445	1517	1513	1479	1529
1399411430141539464	1521	1513	1471	1532
1399411430171469032	1526	1505	1504	1498
1399411430187490325	1525	1508	1491	1508
1399411430262491549	1528	1514	1485	1510
1399411430356498737	1514	1534	1482	1507
1399411430373142646	1565	1480	1466	1521
1399411430389713412	1543	1513	1494	1489
1399411430464657980	1531	1531	1507	1473
1399411430480482710	1515	1543	1502	1479
1399411430497390973	1536	1525	1492	1486
1399411430592287526	1525	1538	1492	1488
1399411430609375721	1474	1574	1532	1444
1399411430682333819	1531	1534	1488	1484
1399411430698296912	1558	1502	1461	1509
1399411430715278725	1553	1515	1474	1494
1399411430813162455	1558	1509	1454	1511
1399411430829110048	1576	1488	1447	1521
1399411430901231683	1549	1522	1466	1504
1399411430917133944	1531	1538	1486	1488
1399411430933105073	1553	1507	1466	1517
1399411431007035464	1531	1534	1487	1498
1399411431102140055	1561	1489	1427	1550
1399411431121104484	1516	1542	1462	1523
1399411431141052519	1495	1555	1495	1495
1399411431215092138	1470	1571	1506	1483
1399411431231043348	1520	1528	1497	1497
1399411431329014930	1535	1509	1480	1520
1399411431345971544	1472	1562	1519	1483
1399411431361817109	1522	1520	1489	1515
1399411431432795977	1526	1516	1521	1483
1399411431449832215	1546	1485	1484	1526
1399411431465928961	1542	1486	1478	1535
1399411431567893933	1553	1465	1494	1527
1399411431634909113	1506	1515	1513	1513
1399411431651850934	1540	1469	1494	1538
1399411431667843480	1511	1492	1519	1519
1399411431766701063	1563	1431	1445	1579
1399411431782712241	1476	1528	1520	1518
1399411431854830887	1487	1517	1535	1497
1399411431870529798	1517	1485	1514	1522
1399411431972696753	1525	1481	1497	1534
1399411431989544991	1477	1531	1535	1494
1399411432029587919	1522	1486	1490	1537
1399411432049544520	1496	1515	1500	1535
1399411432095613152	1511	1497	1497	1539
1399411432111585675	1519	1489	1506	1531
1399411432179426789	1497	1505	1513	1531
1399411432196349763	1561	1439	1447	1581
1399411432296182207	1514	1488	1495	1545
1399411432312378658	1458	1544	1542	1495
1399411432381337975	1387	1604	1583	1444
1399411432397321778	1523	1496	1492	1540
1399411432493108778	1487	1531	1525	1510
1399411432510275442	1520	1499	1496	1538
1399411432527162000	1525	1496	1487	1543
1399411432599998016	1579	1428	1427	1590
1399411432644133396	1508	1513	1499	1534
1399411432712197817	1408	1596	1547	1480
1399411432728093325	1499	1534	1501	1520
1399411432809123288	1514	1531	1509	1505
1399411432852045980	1558	1477	1466	1543
1399411432924085458	1522	1522	1492	1518
1399411432941094729	1630	1394	1392	1599
1399411433028975718	1532	1520	1476	1534
1399411433095799379	1489	1544	1516	1501
1399411433111882116	1544	1494	1508	1513
1399411433197754894	1526	1518	1500	1519
1399411433220699422	1563	1473	1499	1518
1399411433366751037	1544	1498	1473	1540
1399411433383722872	1540	1499	1480	1539
1399411433451702011	1486	1545	1535	1495
1399411433468792778	1509	1524	1532	1501
1399411433546706759	1528	1505	1490	1540
1399411433572671239	1488	1532	1516	1518
1399411433667563296	1532	1482	1505	1534
1399411433882482508	1471	1522	1526	1526
1399411433898446595	1478	1514	1526	1532
1399411433978229439	1515	1474	1509	1547
1399411434080171458	1462	1521	1521	1540
1399411434096183734	1492	1490	1526	1535
1399411434113318004	1486	1501	1517	1540
1399411434198204412	1485	1508	1515	1536
1399411434284172553	1489	1502	1521	1533
1399411434294479642	1499	1492	1531	1524
1399411434405154690	1498	1500	1529	1527
1399411434422117240	1510	1491	1531	1522
1399411434539141035	1518	1492	1514	1531
1399411434555177740	1505	1509	1518	1522
1399411434622981336	1507	1505	1526	1516
1399411434676945086	1517	1487	1520	1522
1399411434744829665	1501	1499	1504	1540
1399411434837792521	1503	1486	1521	1531
1399411434854774641	1520	1465	1532	1520
1399411434940610106	1502	1477	1516	1540
1399411434981559130	1497	1471	1516	1539
1399411435051509626	1481	1483	1528	1532
1399411435068510606	1480	1480	1532	1532
1399411435085501608	1479	1474	1529	1533
1399411435158498988	1491	1460	1525	1538
1399411435175432073	1492	1461	1515	1544
1399411435242433704	1477	1472	1502	1551
1399411435262425850	1474	1479	1510	1541
1399411435278415496	1501	1457	1511	1534
1399411435360332480	1492	1473	1509	1528
1399411435377349359	1485	1485	1508	1525
1399411435478346219	1480	1492	1516	1516
1399411435494333213	1495	1480	1500	1525
1399411435510226244	1491	1489	1508	1510
1399411435579227590	1488	1497	1528	1490
1399411435596180975	1484	1503	1518	1499
1399411435612169915	1485	1504	1511	1503
1399411435714168855	1486	1505	1500	1517
1399411435731175636	1489	1502	1488	1528
1399411435798163522	1472	1517	1498	1521
1399411435815049369	1491	1502	1502	1521
1399411435837047311	1494	1494	1511	1518
1399411435929948112	1478	1509	1499	1531
1399411435999963290	1486	1501	1508	1521
1399411436017015648	1497	1501	1508	1519
1399411436032940548	1506	1498	1490	1537
1399411436106931571	1503	1503	1474	1548
1399411436122920088	1498	1506	1505	1524
1399411436219953491	1497	1501	1516	1520
1399411436235878169	1502	1494	1517	1521
1399411436252807307	1506	1487	1495	1542
1399411436325750202	1498	1494	1501	1539
1399411436342770891	1485	1504	1502	1540
1399411436439743600	1498	1494	1504	1536
1399411436456706046	1509	1484	1505	1534
1399411436472677660	1519	1477	1508	1529
1399411436544657234	1510	1485	1513	1525
1399411436560607293	1503	1495	1522	1514
1399411436577635271	1507	1492	1526	1503
1399411436679495492	1503	1501	1525	1500
1399411436717525731	1500	1504	1514	1507
1399411436734505466	1500	1502	1500	1515
1399411436757477739	1497	1503	1487	1529
1399411436773462094	1478	1514	1508	1508
1399411436871618054	1484	1503	1511	1509
1399411436887512945	1494	1489	1503	1522
1399411436965513274	1486	1495	1478	1539
1399411436981496673	1494	1491	1478	1535
1399411437003753928	1494	1496	1486	1520
1399411437071509745	1516	1476	1469	1534
1399411437114309040	1516	1480	1496	1504
1399411437182338963	1532	1467	1510	1485
1399411437199313560	1553	1448	1508	1474
1399411437216224882	1541	1468	1486	1492
1399411437289928724	1532	1484	1496	1483
1399411437385297244	1506	1506	1480	1503
1399411437401198694	1479	1529	1481	1506
1399411437417146425	1471	1532	1486	1505
1399411437490229682	1488	1518	1496	1494
1399411437507170443	1494	1508	1514	1484
1399411437523117046	1498	1502	1502	1498
1399411437588072417	1496	1504	1477	1523
1399411437621060985	1485	1519	1486	1522
1399411437636928994	1491	1510	1495	1520
1399411437711113789	1508	1500	1505	1511
1399411437817992557	1533	1472	1500	1523
1399411437834928574	1494	1508	1503	1524
1399411437850944947	1465	1532	1507	1524
1399411437927756949	1480	1516	1494	1541
1399411437946901642	1480	1514	1506	1533
1399411438042777387	1484	1507	1525	1517
1399411438059782694	1498	1496	1519	1521
1399411438130655096	1504	1491	1499	1537
1399411438146623593	1483	1513	1508	1525
1399411438163628124	1496	1500	1513	1521
1399411438263563331	1500	1496	1516	1518
1399411438280547373	1506	1489	1517	1517
1399411438352566432	1509	1490	1516	1514
1399411438369535746	1516	1486	1509	1514
1399411438385507766	1511	1495	1495	1532
1399411438460427093	1499	1509	1487	1536
1399411438503385494	1498	1508	1487	1531
1399411438572494083	1497	1507	1501	1520
1399411438588586346	1500	1500	1510	1515
1399411438604875381	1502	1494	1505	1524
1399411438646462914	1500	1491	1503	1522
1399411438686470096	1501	1486	1503	1526
1399411438702376868	1490	1495	1513	1527
1399411438776363076	1487	1491	1520	1526
1399411438793256154	1482	1486	1520	1535
1399411438809232038	1469	1490	1514	1540
1399411438882217998	1476	1480	1510	1546
1399411438925347064	1489	1464	1515	1544
1399411438999225296	1491	1458	1515	1548
1399411439019240995	1483	1466	1521	1543
1399411439035197083	1472	1472	1503	1560
1399411439108192885	1463	1480	1522	1547
1399411439202070547	1461	1482	1526	1544
1399411439219157699	1458	1487	1531	1539
1399411439235092761	1468	1479	1535	1533
1399411439310115672	1478	1473	1529	1531
1399411439325998766	1502	1458	1515	1536
1399411439343017887	1503	1459	1503	1544
1399411439440989634	1484	1484	1524	1524
1399411439457012943	1474	1494	1517	1531
1399411439527856693	1473	1499	1516	1528
1399411439544955980	1474	1500	1508	1533
1399411439561800460	1497	1482	1511	1526
1399411439660818209	1501	1482	1500	1529
1399411439670763653	1505	1478	1501	1528
1399411439711578956	1483	1502	1507	1520
1399411439726731346	1491	1496	1502	1527
1399411439761447035	1471	1518	1498	1529
1399411439858682432	1488	1503	1504	1521
1399411439875604264	1521	1472	1501	1522
1399411439891668416	1538	1460	1516	1509
1399411439964645580	1524	1480	1513	1508
1399411439980636482	1501	1511	1517	1500
1399411440084618659	1494	1523	1521	1491
1399411440101569036	1490	1532	1513	1494
1399411440172655090	1524	1509	1502	1498
1399411440188405809	1518	1516	1492	1503
1399411440204484419	1524	1507	1480	1518
1399411440279387953	1522	1509	1471	1531
1399411440320330268	1526	1505	1473	1528
1399411440391404063	1522	1503	1489	1519
1399411440408391050	1508	1508	1491	1525
1399411440424359996	1516	1486	1518	1514
1399411440498244034	1509	1480	1526	1518
1399411440593275936	1499	1484	1529	1521
1399411440610112578	1494	1489	1525	1525
1399411440626143744	1487	1494	1488	1557
1399411440667124024	1484	1499	1513	1536
1399411440684057565	1476	1507	1518	1532
1399411440744071837	1472	1515	1519	1531
1399411440816958134	1474	1515	1520	1524
1399411440833968959	1482	1511	1522	1518
1399411440849958985	1506	1491	1509	1526
1399411440922907061	1513	1489	1510	1525
1399411440964140082	1508	1491	1510	1527
1399411441034884291	1502	1491	1517	1527
1399411441050837214	1499	1488	1520	1531
1399411441128875664	1507	1476	1528	1526
1399411441145839788	1514	1469	1514	1539
1399411441161855473	1531	1454	1515	1540
1399411441261692408	1496	1491	1527	1527
1399411441277664277	1494	1491	1525	1527
1399411441347828185	1477	1508	1515	1536
1399411441364824602	1477	1510	1527	1523
1399411441380780268	1462	1523	1549	1495
1399411441450760369	1489	1502	1521	1521
1399411441466754215	1491	1500	1513	1529
1399411441483743090	1492	1501	1515	1525
1399411441557670786	1499	1499	1511	1524
1399411441574682516	1492	1511	1519	1510
1399411441590730431	1497	1516	1510	1510
1399411441690574389	1499	1520	1497	1518
1399411441706633633	1502	1523	1488	1516
1399411441777604425	1507	1526	1484	1511
1399411441794677449	1499	1534	1470	1521
1399411441810765834	1511	1520	1491	1502
1399411441908424501	1520	1514	1503	1488
1399411441925404122	1520	1511	1514	1480
1399411441996434923	1526	1505	1486	1507
1399411442013382937	1501	1531	1495	1499
1399411442029344513	1516	1514	1508	1491
1399411442103333351	1511	1518	1503	1497
1399411442209247317	1529	1498	1496	1506
1399411442225334518	1527	1498	1495	1509
1399411442242204231	1521	1502	1494	1513
1399411442316132490	1501	1514	1503	1507
1399411442374824744	1495	1516	1510	1504
1399411442391172699	1494	1510	1511	1501
1399411442411125547	1502	1502	1506	1506
1399411442427909943	1504	1504	1502	1515
1399411442443956577	1501	1507	1501	1516
1399411442551935281	1498	1506	1502	1523
1399411442567831888	1496	1504	1514	1516
1399411442638850961	1492	1497	1516	1520
1399411442655842812	1489	1496	1524	1516
1399411442754018127	1492	1497	1508	1527
1399411442769993391	1490	1505	1517	1517
1399411442840939239	1486	1509	1492	1535
1399411442857838106	1484	1518	1500	1531
1399411442924791192	1489	1508	1511	1524
1399411442944864890	1497	1501	1506	1529
1399411442977053036	1497	1507	1503	1522
1399411443082815314	1502	1504	1509	1518
1399411443099675320	1506	1498	1510	1519
1399411443168574351	1507	1488	1515	1519
1399411443184653480	1515	1481	1533	1504
1399411443282715263	1503	1488	1518	1524
1399411443299966637	1495	1495	1511	1532
1399411443376658981	1490	1499	1518	1531
1399411443393635113	1479	1506	1529	1523
1399411443493474023	1481	1500	1526	1526
1399411443509574630	1507	1478	1522	1526
1399411443588566437	1509	1478	1518	1528
1399411443607488038	1500	1485	1505	1537
1399411443724750496	1479	1506	1523	1517
1399411443805329437	1480	1514	1532	1507
1399411443825045305	1508	1500	1492	1532
1399411443908326487	1508	1506	1491	1523
1399411443950264774	1507	1507	1498	1517
1399411444020255285	1515	1500	1498	1517
1399411444037156340	1505	1505	1498	1521
1399411444053494373	1505	1505	1484	1534
1399411444127097330	1490	1522	1503	1514
1399411444168064811	1486	1526	1515	1502
1399411444238960274	1494	1525	1522	1497
1399411444255960832	1509	1509	1507	1507
1399411444271984572	1529	1491	1491	1521
1399411444346933544	1526	1497	1496	1523
1399411444363913898	1527	1494	1503	1518
1399411444460889769	1517	1500	1520	1505
1399411444476799682	1523	1491	1518	1514
1399411444547840421	1517	1498	1516	1516
1399411444565141061	1535	1481	1488	1545
1399411444580759137	1507	1509	1503	1534
1399411444679677591	1494	1521	1524	1516
1399411444696665186	1480	1534	1544	1492
1399411444773672616	1510	1506	1511	1526
1399411444789627185	1487	1529	1525	1513
1399411444806588191	1506	1508	1521	1519
1399411444909616603	1524	1488	1524	1518
1399411444982571967	1527	1483	1522	1522
1399411444998540374	1511	1497	1520	1526
1399411445015461430	1498	1510	1506	1538
1399411445089441293	1510	1496	1496	1548
1399411445129443944	1505	1497	1522	1531
1399411445202370473	1504	1498	1533	1519
1399411445219366134	1507	1490	1532	1524
1399411445235350196	1503	1497	1515	1538
1399411445309305403	1494	1508	1513	1538
1399411445326313188	1497	1505	1515	1536
1399411445423288657	1480	1524	1538	1510
1399411445439270392	1506	1502	1508	1536
1399411445512280920	1519	1494	1496	1543
1399411445528251296	1515	1494	1501	1535
1399411445545235550	1506	1500	1502	1536
1399411445645138580	1507	1492	1483	1553
1399411445662118873	1486	1511	1503	1539
1399411445732038595	1495	1503	1514	1531
1399411445749036818	1524	1476	1499	1544
1399411445765064128	1516	1486	1507	1535
1399411445839995872	1504	1498	1519	1525
1399411445879969215	1480	1524	1540	1500
1399411445951954030	1485	1523	1526	1511
1399411445969021386	1500	1508	1509	1528
1399411446047956447	1497	1509	1504	1531
1399411446063874050	1503	1501	1491	1543
1399411446163968313	1501	1503	1496	1543
1399411446181048304	1509	1490	1505	1539
1399411446196955167	1510	1489	1517	1529
1399411446266944802	1509	1492	1522	1518
1399411446282900362	1501	1501	1529	1510
1399411446299843900	1508	1498	1491	1541
1399411446397879438	1514	1495	1500	1533
1399411446413834821	1506	1504	1507	1524
1399411446484819165	1506	1508	1514	1514
1399411446501736660	1507	1505	1509	1511
1399411446517773957	1505	1509	1507	1511
1399411446616760541	1488	1532	1548	1464
1399411446687734852	1520	1505	1503	1509
1399411446703573868	1526	1501	1478	1532
1399411446720668577	1500	1523	1482	1532
1399411446793520733	1506	1513	1505	1514
1399411446810499840	1511	1505	1510	1515
1399411446912580671	1517	1500	1510	1515
1399411446929519604	1519	1500	1517	1506
1399411446945561242	1517	1513	1513	1508
1399411446978541263	1519	1525	1505	1501
1399411446995436535	1538	1515	1491	1504
1399411447040870076	1542	1516	1483	1506
1399411447115342622	1543	1517	1487	1500
1399411447131322750	1541	1519	1494	1494
1399411447148271881	1529	1529	1484	1499
1399411447189474921	1524	1532	1485	1500
1399411447205236639	1518	1537	1509	1480
1399411447249286671	1532	1528	1490	1495
1399411447266334892	1535	1521	1485	1500
1399411447336280008	1539	1511	1480	1509
1399411447352188608	1532	1514	1491	1504
1399411447369251384	1506	1529	1497	1501
1399411447468310217	1526	1509	1480	1518
1399411447484305061	1541	1498	1479	1513
1399411447555265549	1540	1503	1486	1501
1399411447572241497	1523	1527	1485	1498
1399411447588145129	1524	1528	1486	1495
1399411447662183776	1537	1514	1483	1498
1399411447756184654	1535	1511	1483	1502
1399411447773102964	1551	1491	1480	1509
1399411447790037306	1544	1498	1481	1510
1399411447863021774	1529	1513	1478	1518
1399411447879029288	1511	1532	1488	1514
1399411447948030497	1508	1527	1495	1516
1399411447963969707	1524	1511	1500	1519
1399411447982950106	1531	1502	1508	1521
1399411447998907653	1535	1496	1497	1534
1399411448077023981	1529	1494	1498	1540
1399411448093883240	1516	1503	1498	1543
1399411448160819000	1507	1507	1499	1545
1399411448177695930	1519	1494	1494	1554
1399411448207783434	1505	1501	1517	1541
1399411448224746191	1504	1504	1511	1547
1399411448323768131	1492	1516	1504	1553
1399411448339823243	1501	1509	1490	1558
1399411448410704280	1505	1505	1497	1553
1399411448426691561	1511	1503	1509	1540
1399411448443599628	1516	1503	1520	1532
1399411448517564927	1514	1505	1519	1533
1399411448618600210	1506	1510	1523	1527
1399411448635547409	1517	1502	1501	1544
1399411448651546771	1517	1502	1491	1548
1399411448692442627	1510	1508	1502	1543
1399411448750390521	1508	1502	1522	1531
1399411448766327082	1515	1494	1524	1531
1399411448843412175	1525	1485	1519	1533
1399411448859353542	1506	1496	1524	1528
1399411448935846521	1497	1503	1520	1534
1399411448977396161	1494	1508	1505	1544
1399411449053287425	1494	1508	1494	1553
1399411449070285463	1500	1504	1496	1549
1399411449086193141	1490	1514	1514	1532
1399411449126388042	1502	1502	1516	1531
1399411449166204233	1509	1492	1503	1539
1399411449183219105	1517	1483	1517	1529
1399411449256164963	1519	1481	1522	1524
1399411449272152144	1505	1499	1505	1542
1399411449289151852	1514	1492	1507	1539
1399411449362025395	1506	1502	1506	1538
1399411449404983183	1502	1502	1505	1539
1399411449475871352	1499	1507	1509	1534
1399411449491921325	1507	1497	1516	1531
1399411449508970365	1525	1477	1525	1519
1399411449582967205	1510	1494	1504	1536
1399411449623815702	1504	1504	1495	1540
1399411449694921867	1496	1513	1502	1531
1399411449711121796	1503	1507	1503	1528
1399411449727812055	1497	1511	1486	1540
1399411449801880047	1502	1508	1505	1526
1399411449817812380	1514	1492	1524	1511
1399411449908730006	1529	1479	1525	1508
1399411449924675775	1520	1490	1505	1526
1399411449941718506	1519	1489	1502	1531
1399411450009563767	1522	1484	1499	1535
1399411450032543858	1511	1490	1502	1536
1399411450129533102	1511	1482	1519	1529
1399411450145473083	1503	1484	1524	1531
1399411450217479123	1501	1480	1532	1532
1399411450233491450	1503	1467	1525	1543
1399411450250402156	1491	1472	1523	1549
1399411450323385150	1488	1471	1529	1548
1399411450365442220	1489	1464	1528	1550
1399411450436382218	1499	1454	1527	1551
1399411450452306673	1486	1469	1498	1569
1399411450469301928	1484	1473	1500	1566
1399411450542343441	1481	1477	1508	1559
1399411450583194676	1478	1480	1523	1548
1399411450653250100	1482	1478	1520	1549
1399411450669199345	1482	1480	1508	1556
1399411450686112684	1483	1479	1510	1558
1399411450760138914	1485	1477	1522	1549
1399411450777177794	1489	1470	1531	1543
1399411450874086027	1487	1472	1549	1524
1399411450890037908	1487	1477	1540	1531
1399411450961062883	1485	1485	1531	1539
1399411450978052251	1483	1489	1505	1557
1399411450994040989	1483	1494	1527	1536
1399411451060925077	1485	1494	1511	1547
1399411451097950921	1473	1511	1506	1546
1399411451114896695	1485	1500	1515	1540
1399411451188808977	1494	1489	1526	1532
1399411451204912415	1508	1470	1510	1544
1399411451301898921	1494	1485	1525	1533
1399411451317821966	1485	1494	1524	1534
1399411451389846979	1485	1500	1509	1544
1399411451405625663	1491	1496	1499	1550
1399411451421659982	1491	1496	1504	1546
1399411451489720628	1503	1488	1518	1532
1399411451520676398	1522	1480	1516	1520
1399411451536678309	1514	1495	1515	1515
1399411451610591585	1500	1513	1523	1502
1399411451626658966	1496	1521	1510	1510
1399411451723592119	1500	1519	1500	1519
1399411451739838113	1498	1523	1504	1517
1399411451756448109	1513	1506	1489	1529
1399411451827363251	1528	1490	1490	1528
1399411451843821015	1525	1496	1508	1508
1399411451941448991	1518	1507	1507	1505
1399411451957420964	1517	1510	1496	1515
1399411452028445665	1517	1515	1484	1522
1399411452045432637	1516	1520	1479	1523
1399411452061318401	1526	1511	1463	1532
1399411452141428871	1522	1516	1476	1520
1399411452182020690	1525	1513	1480	1516
1399411452253222797	1535	1500	1481	1517
1399411452270192739	1533	1504	1484	1511
1399411452286347571	1535	1502	1472	1523
1399411452324144626	1514	1522	1480	1518
1399411452365213763	1507	1526	1473	1526
1399411452381234439	1518	1511	1486	1522
1399411452456167705	1529	1491	1504	1513
1399411452473098495	1519	1494	1517	1508
1399411452489133438	1501	1507	1511	1526
1399411452589084900	1499	1499	1498	1546
1399411452604907364	1498	1489	1528	1537
1399411452675963361	1495	1486	1529	1541
1399411452692026337	1494	1479	1531	1546
1399411452789960643	1484	1484	1515	1562
1399411452806908483	1485	1485	1522	1555
1399411452822945867	1507	1473	1526	1553
1399411452894923591	1494	1489	1524	1553
1399411452993663676	1494	1494	1519	1561
1399411453013749044	1500	1481	1537	1550
1399411453029723584	1501	1482	1542	1550
1399411453069844883	1489	1489	1531	1561
1399411453127790245	1480	1486	1543	1559
1399411453143737108	1494	1470	1557	1550
1399411453219519377	1496	1479	1557	1545
1399411453289553709	1481	1496	1536	1564
1399411453305505904	1478	1503	1528	1571
1399411453315468557	1492	1488	1541	1559
1399411453420471306	1506	1491	1527	1559
1399411453517322032	1516	1497	1506	1564
1399411453539355652	1509	1509	1527	1540
1399411453556359289	1520	1505	1518	1539
1399411453645282241	1520	1514	1510	1538
1399411453766230237	1521	1517	1500	1536
1399411453783262896	1543	1500	1491	1536
1399411453857113116	1536	1508	1498	1527
1399411453874105130	1531	1517	1487	1535
1399411453977095687	1527	1510	1518	1516
1399411453993067311	1538	1494	1519	1515
1399411454063048130	1534	1503	1522	1511
1399411454079972444	1542	1495	1496	1535
1399411454096008481	1540	1499	1494	1531
1399411454173123850	1545	1490	1497	1531
1399411454213015929	1532	1505	1500	1529
1399411454285029483	1520	1511	1499	1524
1399411454301008167	1524	1505	1500	1525
1399411454317039441	1521	1506	1504	1523
1399411454390975978	1514	1514	1520	1516
1399411454486047118	1521	1502	1517	1523
1399411454502941688	1532	1488	1501	1542
1399411454518937836	1525	1489	1506	1540
1399411454592844918	1520	1488	1516	1537
1399411454608869659	1517	1485	1518	1544
1399411454624709266	1504	1494	1526	1540
1399411454725668703	1498	1500	1519	1546
1399411454741661493	1492	1501	1515	1553
1399411454811568865	1492	1497	1515	1556
1399411454828605109	1490	1497	1524	1553
1399411454847633177	1487	1489	1531	1550
1399411454947684335	1503	1473	1528	1552
1399411455018738008	1496	1481	1527	1556
1399411455035622629	1500	1477	1513	1567
1399411455051603155	1497	1476	1500	1581
1399411455124513613	1491	1477	1507	1578
1399411455141490379	1484	1480	1513	1577
1399411455209472492	1496	1470	1507	1580
1399411455225590186	1496	1472	1508	1581
1399411455246174196	1489	1481	1521	1569
1399411455262471209	1477	1491	1532	1562
1399411455278479496	1484	1488	1531	1560
1399411455375387071	1490	1482	1528	1562
1399411455446358033	1500	1481	1515	1566
1399411455462364343	1495	1495	1501	1570
1399411455479340847	1485	1510	1495	1567
1399411455553361891	1515	1489	1489	1564
1399411455569323654	1531	1472	1509	1549
1399411455670412117	1522	1478	1523	1538
1399411455686632003	1511	1490	1523	1536
1399411455703088909	1526	1476	1494	1559
1399411455772163637	1506	1496	1504	1551
1399411455788183148	1505	1501	1500	1551
1399411455978962538	1513	1513	1497	1539
1399411455995025123	1495	1531	1508	1521
1399411456012029853	1503	1524	1494	1533
1399411456085957549	1531	1501	1491	1531
1399411456127975754	1535	1496	1486	1535
1399411456196957349	1534	1501	1483	1535
1399411456219927550	1516	1524	1486	1535
1399411456236810528	1505	1535	1484	1535
1399411456311874014	1501	1540	1480	1537
1399411456406861492	1519	1527	1484	1532
1399411456422783500	1535	1511	1491	1523
1399411456438747173	1535	1514	1487	1525
1399411456481611899	1534	1522	1470	1535
1399411456497719841	1532	1526	1469	1534
1399411456556657246	1523	1525	1488	1526
1399411456629896171	1520	1524	1501	1518
1399411456646712093	1515	1521	1511	1516
1399411456663540896	1516	1516	1503	1528
1399411456736694008	1526	1501	1491	1535
1399411456776617722	1523	1508	1490	1539
1399411456848477103	1513	1513	1499	1537
1399411456865552259	1513	1508	1518	1524
1399411456881545501	1501	1514	1513	1527
1399411456954555604	1495	1520	1507	1532
1399411456977524238	1500	1521	1504	1529
1399411457075432806	1516	1509	1495	1534
1399411457091489820	1523	1502	1497	1532
1399411457161429793	1511	1507	1515	1513
1399411457178304281	1509	1509	1533	1494
1399411457194417093	1516	1511	1515	1504
1399411457293274141	1522	1511	1495	1518
1399411457309268660	1518	1518	1485	1525
1399411457385344472	1524	1516	1507	1499
1399411457402334311	1527	1515	1508	1496
1399411457477252319	1523	1521	1502	1500
1399411457494100482	1519	1531	1492	1499
1399411457594219353	1519	1536	1479	1506
1399411457611147760	1531	1534	1472	1508
1399411457627076298	1532	1535	1466	1510
1399411457695032029	1535	1540	1477	1491
1399411457712089094	1537	1537	1488	1476
1399411457808890863	1549	1525	1486	1471
1399411457826017963	1556	1523	1473	1478
1399411457841825066	1550	1532	1464	1481
1399411457914958480	1546	1536	1454	1490
1399411457930914412	1544	1536	1442	1509
1399411457947925751	1553	1519	1450	1509
1399411458044912980	1545	1526	1469	1492
1399411458118805424	1540	1528	1491	1483
1399411458137734586	1529	1535	1515	1466
1399411458154588443	1527	1533	1514	1471
1399411458228555977	1524	1535	1510	1474
1399411458269567203	1535	1527	1487	1496
1399411458341517092	1539	1532	1483	1498
1399411458357537386	1536	1533	1484	1495
1399411458374542601	1540	1531	1479	1498
1399411458447502858	1539	1532	1478	1495
1399411458464418924	1531	1541	1474	1496
1399411458561415918	1524	1545	1485	1487
1399411458577428837	1533	1535	1469	1507
1399411458650336722	1549	1504	1469	1518
1399411458667298013	1548	1494	1476	1532
1399411458768249568	1504	1521	1509	1520
1399411458785242244	1495	1514	1514	1532
1399411458801236539	1514	1490	1525	1540
1399411458870139180	1499	1497	1537	1535
1399411458910154063	1510	1487	1540	1541
1399411458982052610	1497	1490	1531	1558
1399411458998065666	1486	1495	1543	1554
1399411459020080142	1499	1473	1575	1528
1399411459112072745	1503	1469	1550	1557
1399411459182941353	1486	1486	1534	1573
1399411459199940265	1486	1486	1532	1575
1399411459215901111	1473	1495	1535	1575
1399411459314894628	1492	1467	1547	1570
1399411459331851280	1491	1466	1553	1565
1399411459401866319	1484	1480	1548	1566
1399411459418837872	1498	1474	1538	1569
1399411459514751430	1496	1483	1540	1562
1399411459531844356	1505	1482	1558	1538
1399411459547771338	1501	1497	1572	1510
1399411459619774065	1503	1505	1529	1549
1399411459714555690	1502	1510	1515	1551
1399411459731591935	1509	1511	1520	1540
1399411459747635444	1506	1513	1508	1544
1399411459823719562	1521	1494	1513	1544
1399411459866714176	1516	1497	1526	1532
1399411459938643575	1494	1521	1531	1522
1399411459954548413	1504	1523	1508	1527
1399411459971512796	1537	1499	1501	1516
1399411460070575593	1531	1518	1503	1503
1399411460141587774	1508	1543	1501	1499
1399411460157516383	1526	1537	1485	1504
1399411460247432697	1549	1524	1467	1509
1399411460289537642	1525	1554	1498	1470
1399411460359473122	1544	1541	1480	1482
1399411460375442703	1557	1531	1467	1492
1399411460458335900	1553	1539	1466	1496
1399411460577273115	1540	1544	1473	1490
1399411460593339772	1539	1540	1484	1486
1399411460679231987	1541	1525	1479	1506
1399411460801039153	1533	1527	1492	1497
1399411460821009617	1531	1532	1505	1486
1399411460853963616	1540	1523	1502	1487
1399411460884983546	1544	1518	1492	1497
1399411460988910506	1541	1519	1485	1506
1399411461030824878	1535	1525	1482	1511
1399411461100960352	1519	1533	1488	1509
1399411461117954778	1519	1525	1485	1521
1399411461133898334	1519	1519	1492	1520
1399411461208905495	1527	1502	1507	1509
1399411461248904497	1524	1499	1508	1515
1399411461315771268	1520	1501	1489	1531
1399411461331813885	1511	1511	1491	1531
1399411461348765997	1505	1514	1502	1525
1399411461390862231	1507	1507	1507	1520
1399411461406852556	1507	1503	1514	1518
1399411461448849886	1504	1500	1515	1523
1399411461525892088	1506	1498	1513	1521
1399411461541525222	1513	1489	1506	1529
1399411461557648609	1516	1486	1497	1534
1399411461632634434	1509	1495	1490	1537
1399411461674590865	1496	1510	1494	1533
1399411461745649883	1508	1498	1491	1535
1399411461761551623	1503	1499	1508	1523
1399411461777593099	1500	1500	1517	1517
1399411461824494470	1501	1497	1510	1525
1399411461841567980	1497	1503	1513	1521
1399411461883391835	1480	1522	1521	1515
1399411461950368378	1484	1518	1518	1518
1399411461975353866	1498	1502	1509	1528
1399411461991323227	1505	1492	1503	1535
1399411462067319512	1517	1483	1494	1544
1399411462108232664	1511	1482	1494	1549
1399411462179566480	1498	1487	1502	1549
1399411462195343022	1484	1490	1516	1547
1399411462212267200	1481	1489	1527	1541
1399411462287320677	1490	1480	1521	1549
1399411462303294818	1486	1484	1533	1540
1399411462401280804	1484	1486	1535	1537
1399411462417201886	1477	1491	1543	1531
1399411462495144700	1457	1522	1546	1521
1399411462512148207	1491	1491	1533	1533
1399411462608107839	1516	1478	1521	1538
1399411462623961326	1510	1491	1514	1537
1399411462641076680	1506	1502	1500	1543
1399411462708915292	1513	1508	1490	1547
1399411462725981735	1513	1515	1501	1534
1399411462741965224	1525	1510	1505	1522
1399411462814800300	1555	1486	1482	1535
1399411462834860899	1539	1514	1492	1520
1399411462850918765	1509	1544	1510	1496
1399411463038839092	1519	1536	1503	1503
1399411463055812737	1523	1527	1494	1510
1399411463128767781	1528	1520	1491	1523
1399411463144706806	1534	1507	1489	1531
1399411463161571086	1540	1496	1489	1535
1399411463234735317	1539	1497	1494	1531
1399411463276565468	1534	1505	1497	1531
1399411463347526622	1529	1510	1504	1523
1399411463363531258	1562	1470	1460	1558
1399411463380471170	1535	1501	1497	1532
1399411463448735870	1510	1523	1517	1517
1399411463490715269	1500	1525	1522	1520
1399411463561580477	1501	1518	1525	1523
1399411463577493290	1518	1501	1518	1534
1399411463594492960	1526	1488	1501	1550
1399411463667378783	1516	1497	1492	1558
1399411463684341241	1486	1516	1518	1544
1399411463781351426	1498	1502	1513	1549
1399411463797396840	1509	1488	1509	1553
1399411463814479707	1538	1455	1485	1574
1399411463886417663	1504	1489	1516	1552
1399411463908321541	1482	1507	1534	1540
1399411464006408432	1491	1491	1526	1549
1399411464023279328	1484	1499	1540	1536
1399411464094289936	1479	1504	1551	1527
1399411464110457719	1486	1501	1547	1528
1399411464127245417	1501	1486	1526	1549
1399411464201148878	1481	1513	1543	1531
1399411464241126112	1506	1487	1511	1558
1399411464313095925	1511	1486	1504	1561
1399411464329093019	1500	1494	1515	1556
1399411464345981847	1490	1499	1539	1539
1399411464419072156	1517	1470	1519	1558
1399411464512008487	1502	1483	1521	1554
1399411464535916973	1484	1503	1527	1548
1399411464552966097	1484	1507	1524	1544
1399411464627795032	1491	1502	1525	1541
1399411464644760934	1478	1514	1531	1531
1399411464660759028	1496	1496	1517	1543
1399411464759652186	1501	1492	1511	1545
1399411464775847940	1453	1538	1551	1513
1399411464846817278	1476	1520	1534	1532
1399411464863741956	1495	1501	1509	1552
1399411464879808539	1507	1492	1507	1557
1399411464976661336	1515	1479	1500	1567
1399411465049568761	1486	1501	1526	1555
1399411465066768780	1477	1506	1535	1551
1399411465082553020	1522	1452	1494	1590
1399411465156683242	1494	1474	1536	1561
1399411465198637751	1478	1484	1549	1553
1399411465268502979	1482	1478	1545	1562
1399411465284582360	1479	1483	1542	1563
1399411465301491020	1460	1504	1545	1555
1399411465374533148	1470	1500	1536	1559
1399411465415565262	1483	1491	1533	1559
1399411465486517908	1491	1489	1531	1556
1399411465503529286	1473	1507	1540	1540
1399411465519493597	1503	1486	1511	1558
1399411465593437463	1482	1503	1525	1541
1399411465609412102	1503	1486	1499	1558
1399411465706368060	1508	1489	1494	1556
1399411465723309576	1511	1486	1492	1557
1399411465794396217	1503	1499	1519	1533
1399411465811306279	1550	1452	1463	1571
1399411465827349877	1537	1473	1478	1557
1399411465927169333	1496	1517	1507	1534
1399411465944227864	1482	1526	1523	1523
1399411466014012858	1479	1529	1523	1523
1399411466030220938	1521	1483	1513	1536
1399411466046070402	1490	1511	1541	1517
1399411466127067949	1509	1490	1522	1539
1399411466220065063	1476	1520	1546	1521
1399411466237022969	1496	1500	1521	1549
1399411466252980536	1497	1495	1502	1567
1399411466294942908	1481	1502	1517	1559
1399411466310858102	1486	1486	1531	1557
1399411466354900218	1485	1481	1548	1544
1399411466370878146	1484	1476	1535	1558
1399411466440841158	1488	1478	1543	1546
1399411466457916293	1509	1459	1518	1560
1399411466474811418	1497	1478	1531	1541
1399411466539629659	1552	1427	1488	1567
1399411466571674157	1482	1528	1523	1521
1399411466587670067	1511	1511	1506	1525
1399411466687784105	1513	1513	1495	1531
1399411466757573632	1514	1516	1499	1522
1399411466774744256	1520	1520	1527	1487
1399411466790791105	1534	1505	1485	1529
1399411466890523441	1513	1527	1480	1534
1399411466910501468	1509	1520	1489	1535
1399411466983488404	1535	1480	1510	1538
1399411466999529471	1551	1458	1491	1561
1399411467096402068	1503	1511	1519	1536
1399411467113395486	1481	1538	1538	1515
1399411467184438729	1518	1509	1509	1537
1399411467200395063	1511	1526	1502	1535
1399411467301381579	1539	1501	1488	1542
1399411467318402659	1551	1489	1492	1535
1399411467334184348	1558	1480	1473	1553
1399411467403589409	1520	1520	1503	1535
1399411467527230754	1517	1521	1523	1523
1399411467543143433	1477	1554	1545	1492
1399411467613079106	1519	1519	1508	1536
1399411467630194921	1529	1500	1505	1545
1399411467740067512	1519	1500	1517	1544
1399411467756045232	1541	1468	1482	1580
1399411467831990588	1494	1517	1534	1540
1399411467848989841	1491	1519	1533	1538
1399411467936932460	1501	1516	1521	1543
1399411468030870932	1339	1466	1459	1389
1399411468047814929	1372	1431	1413	1428
1399411468063786253	1377	1432	1390	1445
1399411468105844163	1388	1417	1365	1453
1399411468121858038	1408	1404	1349	1463
1399411468159817508	1423	1389	1351	1461
1399411468178762191	1424	1379	1355	1448
1399411468257791849	1410	1391	1373	1432
1399411468273674298	1390	1407	1384	1417
1399411468353562494	1373	1411	1389	1404
1399411468369508022	1363	1423	1403	1388
1399411468471543716	1363	1421	1405	1384
1399411468487513665	1373	1403	1390	1386
1399411468504530714	1391	1391	1379	1390
1399411468573475839	1399	1376	1362	1392
1399411468589741172	1402	1372	1359	1397
1399411471675768374	1397	1376	1354	1403
1399411471675850223	1384	1384	1338	1404
1399411471675909911	1373	1400	1325	1410
1399411471675976181	1514	1347	1611	1211
1399411471676014662	1325	1374	1349	1435
1399411471676054425	1362	1352	1432	1337
1399411471676096457	1175	1175	1175	1175
1399411471676129712	1175	1175	1175	1175
1399411471676162460	1175	1175	1175	1175
1399411471676195672	1175	1175	1175	1175
1399411471676228272	1175	1175	1175	1175
1399411471676269482	1175	1175	1175	1175
1399411471676302637	1175	1175	1175	1175
1399411471676339224	1175	1175	1175	1175
1399411471676372960	1175	1175	1175	1175
1399411471676405611	1175	1175	1175	1175
1399411471676446747	1175	1175	1175	1175
1399411471676478857	1175	1175	1175	1175
1399411471676511922	1175	1175	1175	1175
1399411471676544963	1175	1175	1175	1175
1399411471676585418	1175	1175	1175	1175
1399411471676618550	1175	1175	1175	1175
1399411471676651762	1175	1175	1175	1175
1399411471676684028	1175	1175	1175	1175
1399411471676716401	1175	1175	1175	1175
1399411471676748638	1175	1175	1175	1175
1399411471676789417	1175	1175	1175	1175
1399411471676844224	1175	1175	1175	1175
1399411471676878338	1175	1175	1175	1175
1399411471676911677	1175	1175	1175	1175
1399411471676952570	1175	1175	1175	1175
1399411471676985247	1175	1175	1175	1175
1399411471677017634	1175	1175	1175	1175
1399411471677049823	1175	1175	1175	1175
1399411471677082243	1175	1175	1175	1175
1399411471677115465	1175	1175	1175	1175
1399411471677156542	1175	1175	1175	1175
1399411471677189199	1175	1175	1175	1175
1399411471677221432	1175	1175	1175	1175
1399411471677254454	1175	1175	1175	1175
1399411471677286820	1175	1175	1175	1175
1399411471677319705	1175	1175	1175	1175
1399411471677351670	1175	1175	1175	1175
1399411471677384932	1175	1175	1175	1175
1399411471677417600	1175	1175	1175	1175
1399411471677450327	1175	1175	1175	1175
1399411471677483559	1175	1175	1175	1175
1399411471677523951	1175	1175	1175	1175
1399411471677556662	1175	1175	1175	1175
1399411471677589760	1175	1175	1175	1175
1399411471677622501	1175	1175	1175	1175
1399411471677655011	1175	1175	1175	1175
