#Time	 Roll 	 Pitch 	 Yaw
1399434562452048088	-0.0194844	0.000819044	0.442994
1399434562509029213	-0.0195247	0.000756329	0.442944
1399434562524878077	-0.0195578	0.000677561	0.442922
1399434562545338289	-0.0195912	0.000615867	0.442871
1399434562732854046	-0.0196769	0.000462187	0.442799
1399434562759826927	-0.0197332	0.0003451	0.442698
1399434562775774274	-0.0197694	0.000305058	0.44265
1399434562815754427	-0.0197908	0.000249445	0.442628
1399434562918692610	-0.0198387	0.000164086	0.442604
1399434562975653060	-0.0198815	5.77364e-05	0.442606
1399434562991629293	-0.0199278	-2.92808e-06	0.442586
1399434563059677753	-0.0199474	-4.74323e-05	0.442571
1399434563076570680	-0.0199816	-0.000113428	0.442522
1399434563134430115	-0.0200293	-0.000169966	0.442506
1399434563151411878	-0.0200396	-0.000239894	0.442448
1399434563217490429	-0.0200891	-0.000291614	0.442445
1399434563235484555	-0.020124	-0.000335908	0.44243
1399434563258459867	-0.0201593	-0.00040004	0.4424
1399434563286432596	-0.0201812	-0.000419492	0.442373
1399434563395381316	-0.0202009	-0.000472542	0.442348
1399434563412365841	-0.0202299	-0.000505155	0.442304
1399434563431330385	-0.0202418	-0.000554997	0.442273
1399434563457589301	-0.020293	-0.000597773	0.44227
1399434563792174109	-0.0204284	-0.000959743	0.442059
1399434563899221472	-0.0204613	-0.00103559	0.442055
1399434564056057233	-0.020643	-0.00123448	0.442061
1399434564074056805	-0.0206643	-0.0013037	0.442065
1399434564099064401	-0.0206707	-0.00134968	0.442057
1399434564272007403	-0.0207635	-0.0015045	0.442107
1399434564421947878	-0.0208663	-0.0016692	0.442107
1399434564468902009	-0.0209	-0.00169746	0.442105
1399434564497919139	-0.020924	-0.00178282	0.442079
1399434564739852281	-0.0210471	-0.00203246	0.442014
1399434564756874499	-0.0210621	-0.0020721	0.441989
1399434564787787427	-0.0210756	-0.00208454	0.441959
1399434564927672852	-0.0211616	-0.0022536	0.441934
1399434565054905456	-0.0211936	-0.00228527	0.441925
1399434565070632749	-0.0212191	-0.00235151	0.441904
1399434565087678173	-0.021257	-0.00241548	0.441941
1399434565135608870	-0.0212923	-0.00245117	0.441964
1399434565152619225	-0.021319	-0.00249894	0.441972
1399434565348537344	-0.0213375	-0.00266976	0.441841
1399434565375498307	-0.0213108	-0.00270454	0.441802
1399434565392478595	-0.0213524	-0.00275048	0.441758
1399434565425448750	-0.0213723	-0.00279789	0.441742
1399434565453415999	-0.0214224	-0.0028488	0.441713
1399434565546366371	-0.0214477	-0.00291606	0.441687
1399434565579369499	-0.0214556	-0.00296705	0.441681
1399434565685363241	-0.0214667	-0.00299518	0.441653
1399434565702330855	-0.0214605	-0.00304083	0.441609
1399434565718269671	-0.0214878	-0.00307546	0.441568
1399434565778351107	-0.021547	-0.00319114	0.44147
1399434565807235719	-0.0215773	-0.00324366	0.441443
1399434565848855870	-0.0215774	-0.00327693	0.441428
1399434566009232150	-0.0216933	-0.00339959	0.441333
1399434566025166632	-0.0216997	-0.00345398	0.441328
1399434566416281607	-0.0218183	-0.00386149	0.441108
1399434566433274207	-0.0218296	-0.00389894	0.441102
1399434566522114794	-0.0218738	-0.00394825	0.441074
1399434566553994962	-0.0218876	-0.00403558	0.44097
1399434566656998803	-0.0219069	-0.00415085	0.440951
1399434566673021809	-0.0219309	-0.00416736	0.440931
1399434566739018983	-0.0219617	-0.0042193	0.440896
1399434566755855327	-0.0219667	-0.00425174	0.440874
1399434566911927005	-0.0220221	-0.00436536	0.440836
1399434566928771308	-0.0220476	-0.00440342	0.440808
1399434566987878685	-0.0220931	-0.00448798	0.440763
1399434567008829883	-0.0221237	-0.00451399	0.440708
1399434567080818311	-0.0221412	-0.00454688	0.440674
1399434567105756441	-0.022178	-0.00458433	0.440677
1399434567132772313	-0.0221966	-0.00463642	0.44065
1399434567258697332	-0.0222536	-0.00468326	0.440599
1399434567274705214	-0.0222909	-0.00472411	0.440581
1399434567397765364	-0.022381	-0.00486148	0.440589
1399434567414654817	-0.0224266	-0.00489588	0.440591
1399434567443540763	-0.0224362	-0.00494577	0.440608
1399434567574513098	-0.022451	-0.00499847	0.440548
1399434567590436521	-0.0224876	-0.00504498	0.440519
1399434567607400400	-0.0225135	-0.00509236	0.440489
1399434567631430929	-0.0225321	-0.00512163	0.440473
1399434567647394087	-0.0225164	-0.00515185	0.440454
1399434567939303649	-0.0225843	-0.00531541	0.440336
1399434567986224988	-0.0226226	-0.00533076	0.440304
1399434568013209110	-0.0226194	-0.00537633	0.440313
1399434568102394457	-0.0226498	-0.00542041	0.440277
1399434568149220308	-0.0226537	-0.00543616	0.440243
1399434568196285790	-0.0226678	-0.0054751	0.440224
1399434568229251974	-0.0226848	-0.00548962	0.440198
1399434568308130080	-0.0227197	-0.00550133	0.440171
1399434568325022024	-0.0227373	-0.0055158	0.440139
1399434568341063501	-0.0227199	-0.00553711	0.440156
1399434568465000843	-0.022698	-0.00559373	0.440101
1399434568488047908	-0.0227072	-0.00562129	0.440068
1399434568505005463	-0.0227306	-0.00565573	0.440029
1399434568544955991	-0.0227265	-0.00567328	0.440009
1399434568625960934	-0.0227071	-0.00571196	0.439943
1399434568666674268	-0.0227005	-0.00572843	0.439927
1399434568683924446	-0.0226952	-0.0057309	0.439935
1399434568706888171	-0.0226976	-0.00576456	0.439954
1399434568780930616	-0.0226986	-0.005788	0.439969
1399434568856794142	-0.0227005	-0.00582043	0.439901
1399434568873862617	-0.0227119	-0.0058437	0.439898
1399434568897784321	-0.0227139	-0.00586311	0.439881
1399434568983797785	-0.0227008	-0.00588056	0.43987
1399434569054742791	-0.0227151	-0.00588294	0.439877
1399434569096715426	-0.0227033	-0.00590532	0.439901
1399434569114700419	-0.0227201	-0.00593771	0.439917
1399434569130686152	-0.0227172	-0.00596535	0.439953
1399434569254689293	-0.0227313	-0.00599563	0.439978
1399434569271580156	-0.0227486	-0.00599953	0.439987
1399434569324613162	-0.0227702	-0.00601743	0.439985
1399434569340613015	-0.0227959	-0.00602475	0.439992
1399434569375557097	-0.0228132	-0.00607097	0.439984
1399434569592500786	-0.0228437	-0.00619615	0.439982
1399434569609457748	-0.022835	-0.00620994	0.440004
1399434569625484733	-0.0228426	-0.00624425	0.439996
1399434569642459652	-0.0228617	-0.00625244	0.440004
1399434569664483490	-0.0228812	-0.00628468	0.440006
1399434569732391184	-0.0228942	-0.00630157	0.440011
1399434569755421692	-0.0228895	-0.00631813	0.440027
1399434569792412182	-0.0229045	-0.00632908	0.440021
1399434569897357558	-0.0229448	-0.00634067	0.440019
1399434569914301018	-0.0229665	-0.00635139	0.439991
1399434569959358144	-0.0229824	-0.00637227	0.439983
1399434569976300536	-0.0230104	-0.00638106	0.439954
1399434570005326502	-0.0230201	-0.00642609	0.439932
1399434570172254313	-0.0230449	-0.00647495	0.439902
1399434570189163295	-0.0230546	-0.00649589	0.439868
1399434570285163287	-0.0230527	-0.00654203	0.439853
1399434570309146378	-0.0230992	-0.00655206	0.439848
1399434570326142031	-0.0231167	-0.00653265	0.439814
1399434570342092089	-0.0231232	-0.00656799	0.439827
1399434570445087552	-0.0231436	-0.0065664	0.439822
1399434570521163241	-0.0231719	-0.0065846	0.439705
1399434570538136373	-0.0232358	-0.0065346	0.440015
1399434570554052642	-0.0232738	-0.00669469	0.440149
1399434570629983358	-0.0233109	-0.00666693	0.440712
1399434570671745296	-0.0235146	-0.00659713	0.44097
1399434570747178599	-0.023671	-0.00653357	0.442274
1399434570763967261	-0.0235506	-0.00654718	0.442894
1399434570780155018	-0.0237738	-0.00656565	0.443748
1399434570854002281	-0.0236256	-0.00664068	0.444798
1399434570949882794	-0.0230018	-0.00668883	0.445546
1399434570965895652	-0.0226733	-0.00712917	0.445968
1399434570981877274	-0.0229152	-0.00716539	0.445997
1399434571055846465	-0.0221	-0.00780279	0.44685
1399434571072935302	-0.0203973	-0.00717762	0.44712
1399434571167839951	-0.0158406	-0.00716912	0.448226
1399434571183863301	-0.0134617	-0.0069136	0.448523
1399434571199807183	-0.00554925	-0.00669675	0.448995
1399434571274795075	0.00475117	-0.00512859	0.449299
1399434571290790330	0.0141951	-0.00504445	0.450171
1399434571307775709	0.0212767	-0.00582883	0.449968
1399434571404800049	0.0195485	-0.00640281	0.44956
1399434571420738990	0.0132734	-0.00607595	0.450115
1399434571492682983	0.00686109	-0.00487862	0.451294
1399434571511764329	0.000951563	-0.00538624	0.452601
1399434571589685953	-0.000120248	-0.00988246	0.453698
1399434571629594789	0.000464643	-0.0164593	0.454583
1399434571701594908	-0.0022418	-0.0196534	0.455013
1399434571717562315	-0.00844196	-0.0164683	0.455846
1399434571734613577	-0.0187507	-0.0116884	0.456918
1399434571807594101	-0.0328279	-0.0109857	0.458601
1399434571824679856	-0.0462478	-0.0133531	0.461121
1399434571918790199	-0.0561836	-0.0171469	0.463603
1399434571934678316	-0.061001	-0.0202933	0.46633
1399434571951452123	-0.0636333	-0.02142	0.468848
1399434572024459376	-0.0692941	-0.0194925	0.470452
1399434572041405000	-0.0773088	-0.0163208	0.471219
1399434572143324599	-0.0827449	-0.0140518	0.471216
1399434572160394182	-0.0846757	-0.0148215	0.470661
1399434572228313326	-0.0862385	-0.0171766	0.469446
1399434572245351653	-0.087329	-0.0192659	0.468398
1399434572261420748	-0.0855084	-0.0206921	0.467426
1399434572336471867	-0.0815039	-0.0195973	0.466672
1399434572376464488	-0.0748558	-0.0167696	0.466496
1399434572447421248	-0.0670686	-0.0144558	0.466801
1399434572463374205	-0.0601121	-0.0133456	0.467409
1399434572480323729	-0.0546468	-0.0134601	0.467785
1399434572550326859	-0.048908	-0.0139939	0.467913
1399434572590281445	-0.040022	-0.0138562	0.467865
1399434572685218407	-0.0135353	-0.00442185	0.468545
1399434572763170369	-0.00836627	-0.00113176	0.468933
1399434572780205810	-0.00429598	3.77782e-05	0.46954
1399434572839069998	-0.00116895	-0.000272572	0.470188
1399434572855174325	0.00199316	-0.000958758	0.47049
1399434572875160344	0.00721821	-0.00190164	0.470849
1399434572892122020	0.0122812	-0.00516635	0.471085
1399434572909226628	0.0138906	-0.0100886	0.47145
1399434573005271482	0.0125485	-0.0135977	0.472331
1399434573022075355	0.0107174	-0.0146057	0.473522
1399434573093083708	0.00704088	-0.0147422	0.474881
1399434573110036895	0.00122656	-0.0147655	0.476379
1399434573126003513	-0.00383433	-0.0175096	0.478039
1399434573166928416	-0.00740181	-0.0217858	0.480286
1399434573212962596	-0.00957423	-0.0214963	0.482586
1399434573228841370	-0.0123918	-0.0173911	0.485136
1399434573299822323	-0.0187761	-0.0156859	0.487818
1399434573315882536	-0.0256851	-0.0191216	0.490895
1399434573334035808	-0.0351158	-0.0244149	0.493983
1399434573427870640	-0.045347	-0.0276692	0.497218
1399434573444013140	-0.0516573	-0.0270698	0.499993
1399434573512895152	-0.0534233	-0.0238432	0.501801
1399434573529812000	-0.0551659	-0.0203523	0.502785
1399434573545925739	-0.0575454	-0.0169292	0.50303
1399434573625727988	-0.0595339	-0.0141988	0.502886
1399434573666766940	-0.0614765	-0.0125719	0.503353
1399434573736795763	-0.0623826	-0.0110105	0.503636
1399434573753731848	-0.0611888	-0.00933441	0.50338
1399434573769738789	-0.0588697	-0.00812111	0.502986
1399434573843719996	-0.0555419	-0.0075742	0.502753
1399434573940625874	-0.0495041	-0.00660673	0.502385
1399434573956606971	-0.0424782	-0.00394515	0.501743
1399434573973686976	-0.037081	-0.00179474	0.501636
1399434574047717067	-0.0316088	-0.00234762	0.502206
1399434574063598856	-0.0228128	-0.00490514	0.50289
1399434574080659096	-0.0134369	-0.00872582	0.503438
1399434574177439323	-0.00900824	-0.0110789	0.50401
1399434574194497903	-0.00975762	-0.0105127	0.505037
1399434574265509627	-0.0111215	-0.00721003	0.506018
1399434574281473953	-0.0104478	-0.0043997	0.506958
1399434574298489461	-0.00653076	-0.00639905	0.508687
1399434574396488326	-4.29876e-05	-0.010974	0.509981
1399434574413179710	0.00526128	-0.0146571	0.51041
1399434574484415620	0.00881293	-0.0151792	0.510219
1399434574500430620	0.0112297	-0.0124744	0.509822
1399434574517294114	0.0104119	-0.00882047	0.509803
1399434574591509286	0.00616163	-0.00677206	0.50959
1399434574686269436	0.00157332	-0.00731353	0.509547
1399434574706169025	-0.00218012	-0.00986589	0.509785
1399434574725192924	-0.00516998	-0.0119378	0.510068
1399434574765195417	-0.00885192	-0.0115677	0.510167
1399434574782154968	-0.0115712	-0.00835493	0.510181
1399434574822125197	-0.0138478	-0.00430124	0.510526
1399434574838144616	-0.0163541	-0.00207479	0.511355
1399434574912212277	-0.0208404	-0.00203701	0.512066
1399434574929040040	-0.0268176	-0.00418836	0.512788
1399434574946181520	-0.0359662	-0.00816916	0.513442
1399434575019236780	-0.0454589	-0.0123331	0.513992
1399434575114219790	-0.0522706	-0.0142862	0.514633
1399434575131237500	-0.0568851	-0.0145534	0.515478
1399434575148137557	-0.0595841	-0.0157543	0.516856
1399434575222076155	-0.0616877	-0.0186879	0.518334
1399434575239314678	-0.0628572	-0.0223745	0.520211
1399434575332939949	-0.0626227	-0.0253826	0.522737
1399434575352051646	-0.0602247	-0.026542	0.525735
1399434575365953363	-0.0563711	-0.0240141	0.529079
1399434575440201384	-0.0521238	-0.0180688	0.532261
1399434575456938828	-0.045164	-0.0112867	0.535492
1399434575473002104	-0.0360828	-0.0065296	0.538753
1399434575570030963	-0.0270861	-0.00426845	0.541537
1399434575585897361	-0.0204369	-0.00302159	0.543704
1399434575656886200	-0.0166646	-0.00178975	0.545362
1399434575673924367	-0.0142304	0.000275416	0.546618
1399434575689960932	-0.0127784	0.00203135	0.548102
1399434575760876910	-0.0114216	0.00268813	0.549464
1399434575777864576	-0.0111361	0.00263023	0.55091
1399434575793804760	-0.0116779	0.00234089	0.552448
1399434575868760112	-0.0121154	0.00289512	0.553942
1399434575884789061	-0.01329	0.00484272	0.555611
1399434575901849826	-0.0140293	0.00595893	0.557272
1399434575998687021	-0.0135253	0.00386163	0.5588
1399434576015743158	-0.0132325	-0.0011671	0.559777
1399434576086334184	-0.0136873	-0.0069898	0.560107
1399434576102648472	-0.015245	-0.010497	0.560274
1399434576118691323	-0.0191065	-0.00695387	0.559837
1399434576218592075	-0.0220688	0.00473074	0.55887
1399434576288602798	-0.0225191	0.0128448	0.557952
1399434576305443971	-0.0190041	0.0109036	0.555643
1399434576322429796	-0.0190706	0.0027548	0.553032
1399434576384468135	-0.023489	-0.00490516	0.551515
1399434576415370413	-0.0341017	-0.0157413	0.551281
1399434576433573259	-0.033964	-0.0193982	0.552568
1399434576531356538	-0.0331161	-0.0193009	0.554244
1399434576574338371	-0.0340289	-0.019285	0.555949
1399434576590343305	-0.0346521	-0.0258453	0.557652
1399434576649190638	-0.0268643	-0.035156	0.560152
1399434576725152567	-0.0309428	-0.0348495	0.562019
1399434576741120041	-0.0398373	-0.0294477	0.564294
1399434576788258507	-0.0474317	-0.0197435	0.566595
1399434576948207116	-0.0490336	-0.0119358	0.568801
1399434576965199737	-0.0455322	-0.00927124	0.570856
1399434576999194488	-0.0404844	-0.00422551	0.572607
1399434577140106058	-0.036896	0.00550497	0.572492
1399434577181138786	-0.0306824	0.0139887	0.571264
1399434577251184908	-0.0237346	0.0175161	0.570121
1399434577267138988	-0.0208277	0.0185515	0.569618
1399434577284073971	-0.0201807	0.0167075	0.570785
1399434577354040858	-0.0171858	0.015293	0.572951
1399434577470002297	-0.00767478	0.0156758	0.575203
1399434577490073307	0.00361424	0.0161592	0.57714
1399434577574837354	0.00703304	0.0122479	0.578378
1399434577670982929	0.00457172	0.0081628	0.579774
1399434577686886113	0.00044985	0.00344099	0.580891
1399434577704040419	-0.00379159	-0.00160584	0.581495
1399434577780740156	-0.00959859	-0.0103994	0.581829
1399434577821835884	-0.0142214	-0.0151159	0.582293
1399434577891855682	-0.0222398	-0.020406	0.582675
1399434577907773495	-0.0324974	-0.025077	0.583146
1399434577926095205	-0.0420662	-0.0280026	0.583604
1399434577997794378	-0.0490784	-0.0290312	0.583423
1399434578014641773	-0.0551613	-0.0297375	0.583236
1399434578108677282	-0.0610055	-0.0320504	0.582562
1399434578126902221	-0.0665026	-0.0357895	0.581281
1399434578141782397	-0.0710309	-0.0382132	0.579685
1399434578182669575	-0.073051	-0.0349261	0.577111
1399434578199609992	-0.0713681	-0.025553	0.573337
1399434578243545167	-0.0650778	-0.0140448	0.568784
1399434578313793357	-0.0545084	-0.00489395	0.564528
1399434578330447645	-0.0446158	0.000662074	0.560426
1399434578346354055	-0.0401242	0.0031154	0.556145
1399434578425513199	-0.0388887	0.00469098	0.552007
1399434578445525759	-0.036923	0.0075821	0.548272
1399434578512466014	-0.0295924	0.0118935	0.545813
1399434578537452641	-0.0080878	0.0178342	0.545867
1399434578555463010	0.000155065	0.0157436	0.548625
1399434578644438873	0.00628289	0.0124427	0.552496
1399434578746412258	0.0120587	0.0125552	0.562154
1399434578763369753	0.0155928	0.0142373	0.567514
1399434578779441489	0.0195196	0.013998	0.573105
1399434578858408605	0.0220276	0.0118154	0.578568
1399434578875530741	0.0209756	0.00896978	0.58376
1399434578942328988	0.0178825	0.00647498	0.589114
1399434578961363702	0.0157013	0.00328827	0.599573
1399434579061143553	0.0149427	0.00188708	0.604459
1399434579078068200	0.011753	-0.00230135	0.609737
1399434579173236293	0.00487563	-0.0082192	0.615108
1399434579189249206	-0.00381624	-0.0116596	0.620423
1399434579206187508	-0.0148162	-0.0100135	0.625798
1399434579247210524	-0.0278263	-0.00445221	0.630529
1399434579263168051	-0.0396094	0.00108672	0.634946
1399434579286208838	-0.0495491	0.00414165	0.639098
1399434579386143379	-0.0578315	0.0039692	0.642279
1399434579403088472	-0.0653038	0.00208175	0.645105
1399434579419105059	-0.0717391	0.00157189	0.647034
1399434579498135020	-0.0764797	0.00394364	0.647653
1399434579514027064	-0.0805837	0.00769934	0.647519
1399434579615072099	-0.0842212	0.0100251	0.647043
1399434579630990856	-0.0854091	0.0076013	0.646681
1399434579699879021	-0.0831479	0.000493353	0.64606
1399434579716849792	-0.0790568	-0.00633147	0.644879
1399434579732863713	-0.0749259	-0.0105826	0.643432
1399434579774803072	-0.0698844	-0.0124901	0.642114
1399434579817782288	-0.0626251	-0.0138467	0.641375
1399434579834741609	-0.0527823	-0.0152091	0.640312
1399434579924920765	-0.0228194	-0.0129995	0.636598
1399434579940777384	-0.0110374	-0.0146802	0.633939
1399434580041765306	-0.00282374	-0.0198028	0.628695
1399434580057858402	0.000809563	-0.022367	0.624874
1399434580127780440	0.00844838	-0.0225061	0.622162
1399434580143897492	0.0190077	-0.0214511	0.619638
1399434580163776199	0.0268034	-0.0221365	0.617213
1399434580261752256	0.0277688	-0.0275915	0.614553
1399434580278621743	0.0221814	-0.0343118	0.611764
1399434580352694200	0.00445247	-0.0366859	0.60903
1399434580368676224	-7.57189e-05	-0.0337415	0.608848
1399434580386165984	-0.00165515	-0.0295871	0.609816
1399434580488523173	-0.00228151	-0.0256459	0.61131
1399434580527538054	-0.00606524	-0.0205088	0.613347
1399434580543563301	-0.0143098	-0.0122338	0.615708
1399434580572649341	-0.0375792	0.0090235	0.621754
1399434580773549407	-0.0625274	0.0344341	0.635878
1399434580790457626	-0.0685188	0.0406984	0.641582
1399434580806353336	-0.0759978	0.0442578	0.647401
1399434580881452174	-0.0843842	0.0438951	0.653534
1399434580921367417	-0.0918189	0.0412982	0.660298
1399434580992406616	-0.0938929	0.0403356	0.666784
1399434581009398432	-0.0914905	0.0413682	0.673471
1399434581025280558	-0.0867895	0.0432763	0.680427
1399434581098236421	-0.0808553	0.04493	0.687066
1399434581194081404	-0.073303	0.0450887	0.693291
1399434581211236456	-0.0619556	0.0442996	0.698579
1399434581227048625	-0.047813	0.044282	0.703094
1399434581302373437	-0.0332763	0.0440524	0.706627
1399434581318974548	-0.0205301	0.0409615	0.708824
1399434581336064443	-0.0108324	0.0363216	0.709703
1399434581432108588	-0.00316253	0.0321688	0.709707
1399434581448035836	0.0016487	0.0291409	0.709587
1399434581520013265	0.00293248	0.026912	0.709637
1399434581541918849	0.00472469	0.0226265	0.709179
1399434581558960412	0.00958313	0.012739	0.708469
1399434581638983759	0.0241016	-0.0139101	0.705672
1399434581655897444	0.0303534	-0.0269091	0.704903
1399434581729951267	0.0341367	-0.0382955	0.705458
1399434581745889230	0.0347157	-0.0500261	0.707471
1399434581762865555	0.0322226	-0.0607827	0.710541
1399434581857882127	0.0283894	-0.0685244	0.714774
1399434581873800977	0.0258139	-0.0757795	0.719827
1399434581942725683	0.0244762	-0.0822427	0.724947
1399434581958745871	0.0189157	-0.0831819	0.73002
1399434581975733635	0.00796412	-0.0787191	0.734598
1399434582076678588	-0.00693614	-0.0708396	0.738949
1399434582093710060	-0.0218654	-0.0618436	0.742842
1399434582161648951	-0.0337338	-0.0550361	0.745782
1399434582177738420	-0.0420525	-0.0455072	0.748047
1399434582193665808	-0.047742	-0.0328299	0.749504
1399434582267624196	-0.053259	-0.0200065	0.750927
1399434582308642889	-0.0610304	-0.00603532	0.752679
1399434582378725509	-0.0700117	0.00680202	0.754406
1399434582394736873	-0.0757084	0.0176446	0.756107
1399434582411548791	-0.0762801	0.029845	0.757235
1399434582484667850	-0.0731276	0.0429632	0.758089
1399434582584526808	-0.0673904	0.053754	0.758604
1399434582604521739	-0.058841	0.0616219	0.758432
1399434582620470963	-0.0481101	0.0673255	0.757947
1399434582693550868	-0.0353437	0.0721195	0.75707
1399434582709422051	-0.0243177	0.0760478	0.75607
1399434582726393379	-0.015874	0.0772569	0.754651
1399434582823349503	-0.00909619	0.075058	0.753137
1399434582839333501	-0.00303012	0.07264	0.751612
1399434582911442564	0.00533935	0.0717534	0.749414
1399434582928631635	0.0144152	0.070642	0.74646
1399434582944251169	0.0200757	0.0644794	0.742815
1399434583025272160	0.0229313	0.0474193	0.733405
1399434583042269867	0.0261154	0.0414438	0.728552
1399434583116352964	0.0307359	0.0297834	0.723154
1399434583132188305	0.0356559	0.0143555	0.717617
1399434583149199189	0.0381289	8.06488e-05	0.712273
1399434583246171508	0.0360675	-0.01416	0.70714
1399434583262147405	0.0319511	-0.0272764	0.701983
1399434583334142154	0.0277109	-0.0366165	0.697173
1399434583350131504	0.0240853	-0.0435355	0.693082
1399434583367053216	0.0184407	-0.051851	0.689948
1399434583435065504	0.00578276	-0.0638441	0.688168
1399434583451093159	-0.0110204	-0.0768794	0.687165
1399434583468128024	-0.0283734	-0.0866296	0.687891
1399434583546063108	-0.043084	-0.0902624	0.690218
1399434583566236095	-0.0534934	-0.0866466	0.693667
1399434583582017142	-0.0621437	-0.0772012	0.69853
1399434583677967435	-0.0705394	-0.0665198	0.703854
1399434583695086896	-0.0769987	-0.055535	0.709725
1399434583765969122	-0.0816214	-0.0439229	0.715773
1399434583782891930	-0.0858382	-0.0324579	0.721661
1399434583799908647	-0.0884309	-0.0192466	0.727246
1399434583896900559	-0.0884324	-0.00387393	0.731988
1399434583968982179	-0.0863659	0.0134306	0.73658
1399434583984957308	-0.0816204	0.0306188	0.741184
1399434584002005233	-0.0754073	0.0436391	0.746132
1399434584076868075	-0.0669924	0.0496946	0.751821
1399434584092976545	-0.0562623	0.0521079	0.757565
1399434584187818716	-0.042777	0.0548866	0.762993
1399434584204911077	-0.0274194	0.0581388	0.768018
1399434584220704349	-0.0125038	0.0609234	0.772762
1399434584294741815	0.000749779	0.0623101	0.77765
1399434584311705974	0.0115626	0.0611373	0.782719
1399434584378689845	0.0193792	0.059807	0.787957
1399434584397648964	0.0234687	0.0570947	0.792901
1399434584414701045	0.0236926	0.0524591	0.796988
1399434584430690975	0.021669	0.0481037	0.80032
1399434584504796503	0.0202064	0.0438791	0.802736
1399434584521756028	0.019504	0.0413187	0.80437
1399434584615715084	0.0186369	0.0404916	0.804996
1399434584637650434	0.0151249	0.0390146	0.804562
1399434584654565580	0.0117717	0.0355819	0.80346
1399434584726634579	0.0119322	0.027938	0.801494
1399434584743734655	0.01453	0.016946	0.799349
1399434584842424285	0.0150592	0.00580674	0.797262
1399434584859401832	0.0091547	-0.00412303	0.79526
1399434584930414972	-0.00454982	-0.0127347	0.793534
1399434584946380440	-0.0233056	-0.0188273	0.791593
1399434584963386846	-0.0401964	-0.0231782	0.790051
1399434585078296074	-0.0468826	-0.0312488	0.787533
1399434585165319761	-0.0623366	-0.035038	0.785794
1399434585182343531	-0.0769816	-0.0345316	0.784843
1399434585255171909	-0.0861802	-0.0345032	0.78392
1399434585300241742	-0.0863248	-0.0347905	0.782745
1399434585367181542	-0.0794776	-0.0340828	0.782339
1399434585384221615	-0.0717391	-0.0311488	0.782079
1399434585400222833	-0.0686584	-0.0257821	0.782439
1399434585475210220	-0.0708931	-0.0191887	0.783576
1399434585491274672	-0.0736093	-0.0119737	0.785319
1399434585592184504	-0.0706355	-0.00435597	0.78821
1399434585609286439	-0.0630043	0.00210292	0.79132
1399434585677048543	-0.054042	0.00614667	0.794473
1399434585697119038	-0.0450457	0.00821181	0.797069
1399434585716094535	-0.0385087	0.00905207	0.799112
1399434585815202199	-0.0328493	0.0119701	0.800622
1399434585831236653	-0.0265772	0.0181316	0.801626
1399434585863921236	-0.0192651	0.0235553	0.803485
1399434585880104761	-0.0102513	0.0245068	0.806379
1399434585901065370	-0.000344111	0.0236811	0.809696
1399434585917020859	0.00561613	0.0224212	0.813905
1399434586019967818	0.00607404	0.0200992	0.81835
1399434586036989609	0.00399975	0.0162435	0.82309
1399434586105944516	0.00165624	0.0122991	0.827269
1399434586122914327	-0.00184135	0.0110227	0.832331
1399434586223906554	-0.00420969	0.0149263	0.836356
1399434586240870173	-0.00882855	0.0193182	0.839685
1399434586256987062	-0.0127583	0.0151453	0.841274
1399434586328716410	-0.0123647	0.00221573	0.841273
1399434586424780147	-0.012662	-0.0104187	0.840032
1399434586441696554	-0.0171398	-0.0161083	0.839037
1399434586457689841	-0.0272243	-0.0137523	0.838703
1399434586498631090	-0.0367291	-0.0104374	0.838492
1399434586542648302	-0.0429046	-0.00929406	0.838557
1399434586562695495	-0.0456052	-0.0043171	0.837598
1399434586578689095	-0.0456433	0.000817852	0.836517
1399434586650686406	-0.0467372	0.00212675	0.8359
1399434586746576504	-0.0471791	0.000324843	0.836053
1399434586762554355	-0.0411002	0.00160012	0.837435
1399434586779610770	-0.0333388	0.00751533	0.838415
1399434586805598547	-0.029579	0.0183916	0.839192
1399434586876535578	-0.0249641	0.0245072	0.841144
1399434586952519065	-0.012618	0.0224674	0.844485
1399434587035411866	0.000343311	0.0207834	0.849773
1399434587051504444	0.0026279	0.024567	0.856708
1399434587180372280	0.00209171	0.0272332	0.863559
1399434587196373283	0.00316444	0.028154	0.870751
1399434587227376988	0.00691524	0.0332582	0.877836
1399434587262337835	0.00674118	0.0402049	0.883576
1399434587414268912	0.00251416	0.0406508	0.88766
1399434587488272514	-0.000614577	0.0363291	0.891296
1399434587507209670	-0.00381444	0.0298082	0.893965
1399434587524226718	-0.00675352	0.0238814	0.895575
1399434587625133498	-0.00963754	0.0169878	0.896323
1399434587698197158	-0.0132133	0.0105928	0.896102
1399434587715273818	-0.018062	0.00458147	0.895796
1399434587731210596	-0.0231709	-0.000493551	0.894843
1399434587805179563	-0.0260734	-0.00336997	0.893575
1399434587822127107	-0.0270713	-0.00342088	0.891839
1399434587915982670	-0.0287242	-0.0030055	0.890184
1399434587933020768	-0.0320689	-0.0034571	0.889254
1399434587948973712	-0.0354844	-0.00433935	0.888351
1399434587987051480	-0.0383939	-0.00487567	0.888045
1399434588003944168	-0.0404102	-0.00429093	0.88827
1399434588048936422	-0.0398502	-0.00353066	0.889071
1399434588189941465	-0.0354812	-0.00498255	0.892747
1399434588206866028	-0.0339554	-0.00383111	0.894993
1399434588225853593	-0.032819	-0.00102379	0.897398
1399434588242871881	-0.031028	0.00340936	0.899684
1399434588337878617	-0.0286326	0.0067116	0.902357
1399434588354824130	-0.0280646	0.00746213	0.905132
1399434588371037503	-0.0309066	0.00581405	0.908408
1399434588444841866	-0.0355833	0.00293816	0.912118
1399434588466915362	-0.0395236	-0.000834214	0.916224
1399434588530795874	-0.0416361	-0.00432683	0.920602
1399434588563730655	-0.0401817	-0.00518741	0.928938
1399434588579687686	-0.0403827	-0.00117639	0.933537
1399434588659718344	-0.0413195	0.00234303	0.938108
1399434588677721323	-0.0420601	0.00355633	0.942432
1399434588778717797	-0.0412256	0.000119297	0.948198
1399434588794593704	-0.0421241	3.05325e-05	0.949955
1399434588868649899	-0.0425332	0.00225244	0.950679
1399434588885643094	-0.0409441	0.00467159	0.951098
1399434588988586915	-0.0384318	0.0054271	0.951114
1399434589004517688	-0.0375929	0.00408505	0.950754
1399434589021631249	-0.0390016	0.0034556	0.94955
1399434589093536807	-0.0413974	0.00534211	0.94782
1399434589109482735	-0.0406953	0.007582	0.945973
1399434589125397179	-0.0353682	0.00851728	0.943396
1399434589225533689	-0.0278856	0.00960593	0.939871
1399434589296451847	-0.0226287	0.0112053	0.936101
1399434589313395643	-0.018703	0.0117894	0.931809
1399434589329412991	-0.0136787	0.013095	0.927739
1399434589403621444	-0.00643871	0.017005	0.9238
1399434589446404789	0.00173145	0.0209529	0.920311
1399434589515250241	0.00761323	0.0218348	0.917838
1399434589537390613	0.0101824	0.020181	0.916562
1399434589553305667	0.0115716	0.0189451	0.917405
1399434589627270186	0.0143088	0.0192271	0.91959
1399434589643242212	0.0164674	0.0194768	0.923083
1399434589745145648	0.0172275	0.0184028	0.927663
1399434589761294534	0.0183562	0.0161321	0.93236
1399434589829194564	0.0176379	0.0147875	0.937642
1399434589845190181	0.0152216	0.015416	0.942864
1399434589862157659	0.0131187	0.0181834	0.948022
1399434589926195344	0.0115836	0.0224583	0.953235
1399434589948183288	0.00979921	0.0277995	0.957892
1399434589965170564	0.00565471	0.0337119	0.962218
1399434589981216247	-0.000806072	0.0377094	0.96589
1399434590055063624	-0.00783369	0.0377864	0.969511
1399434590071094702	-0.0139282	0.0342543	0.973122
1399434590139027606	-0.018582	0.029016	0.976313
1399434590158036421	-0.024292	0.0222413	0.979378
1399434590175017038	-0.0299369	0.0144044	0.983054
1399434590191080488	-0.0320937	0.00797322	0.98745
1399434590266006387	-0.0293083	0.00539229	0.992231
1399434590309933718	-0.0243546	0.00492136	0.997217
1399434590375907848	-0.0220201	0.00284171	1.00283
1399434590392925359	-0.021717	0.00134378	1.00877
1399434590408845336	-0.0221679	0.001487	1.01466
1399434590450905219	-0.0229515	0.00378241	1.01919
1399434590475994761	-0.0246153	0.00889346	1.02227
1399434590515883458	-0.0255115	0.0153255	1.02473
1399434590585826904	-0.0244322	0.021552	1.02623
1399434590607954974	-0.0204163	0.0259666	1.02686
1399434590624832900	-0.01663	0.0291432	1.02635
1399434590698904619	-0.015879	0.0319296	1.02479
1399434590794797410	-0.0186207	0.0338449	1.02263
1399434590811854808	-0.0218126	0.0354816	1.01982
1399434590827838480	-0.0223614	0.0366709	1.0162
1399434590869786485	-0.0197816	0.0347255	1.01216
1399434590885841493	-0.0151754	0.0287526	1.00798
1399434590944693744	-0.005007	0.0152092	0.998945
1399434591014880213	-0.00650415	0.0108557	0.994869
1399434591031757604	-0.0139487	0.00943903	0.991506
1399434591047627933	-0.0215731	0.00892223	0.988612
1399434591089657204	-0.0245401	0.00709943	0.98619
1399434591146547247	-0.0178587	-0.00149445	0.982079
1399434591225475182	-0.0139338	-0.0102961	0.981681
1399434591241534591	-0.0132167	-0.0197254	0.982099
1399434591258625560	-0.0157779	-0.026382	0.983295
1399434591338681905	-0.0197812	-0.0281946	0.985105
1399434591377482953	-0.0220705	-0.0255111	0.987917
1399434591448494907	-0.0210386	-0.02	0.991227
1399434591470416508	-0.0178658	-0.0141458	0.994804
1399434591560401536	-0.0142679	-0.00525913	1.00183
1399434591662393482	-0.0166114	-0.00310831	1.00551
1399434591678250518	-0.0219178	0.00322354	1.0092
1399434591695302013	-0.0277901	0.0132939	1.01304
1399434591733292173	-0.0303874	0.0237989	1.01746
1399434591749283241	-0.0301926	0.0321992	1.02199
1399434591864211886	-0.0283222	0.0407977	1.03197
1399434591880203943	-0.0287565	0.0408919	1.03756
1399434591897301536	-0.027249	0.0400484	1.04374
1399434591935061227	-0.0213451	0.0402674	1.0498
1399434591951095144	-0.0112652	0.0434806	1.05574
1399434591991132712	-0.00269627	0.048656	1.06139
1399434592075140614	0.00140848	0.0545131	1.06667
1399434592092083328	0.00146244	0.0593916	1.07108
1399434592108172484	-0.000345996	0.0600658	1.07429
1399434592149226386	-0.0034379	0.0590976	1.07686
1399434592166199582	-0.005495	0.0588058	1.07834
1399434592313026605	-0.00545827	0.0579322	1.07907
1399434592329103312	-0.00372643	0.0535779	1.07985
1399434592401169613	-0.000157935	0.0432267	1.08036
1399434592417098182	0.0039021	0.0301469	1.08029
1399434592434018110	0.00772547	0.0191924	1.0793
1399434592505135166	0.0108081	0.0123049	1.07763
1399434592521295829	0.0122878	0.0091837	1.07573
1399434592541257133	0.0100379	0.00770009	1.07428
1399434592611066622	0.00707376	0.00517293	1.07318
1399434592628351403	0.00517846	-0.00038439	1.07236
1399434592644866706	0.00359601	-0.00872633	1.07114
1399434592741897373	0.000787749	-0.0165529	1.06976
1399434592757966978	-0.00556378	-0.0208126	1.06787
1399434592828824634	-0.0148878	-0.022472	1.06611
1399434592845867568	-0.0233272	-0.0236911	1.06445
1399434592861893340	-0.0269935	-0.0258112	1.06284
1399434592962756142	-0.0268829	-0.0286187	1.06139
1399434592979644958	-0.0262649	-0.0308266	1.06014
1399434593045683610	-0.0287293	-0.0317757	1.05933
1399434593062661595	-0.0347198	-0.0308136	1.05872
1399434593078584220	-0.0421236	-0.0280674	1.05815
1399434593152487086	-0.0475869	-0.0245403	1.05771
1399434593249708470	-0.0502824	-0.0214784	1.05727
1399434593265640736	-0.0519194	-0.0180757	1.05666
1399434593283483822	-0.0546705	-0.0151956	1.05625
1399434593354515620	-0.058826	-0.012505	1.05628
1399434593371478382	-0.0605911	-0.00860213	1.05729
1399434593440464362	-0.0583277	-0.00288252	1.05845
1399434593457405755	-0.0544615	0.00340654	1.0595
1399434593473544788	-0.0498068	0.0089715	1.06092
1399434593496432193	-0.045585	0.0131484	1.06231
1399434593568418928	-0.0430831	0.0151662	1.06317
1399434593586438300	-0.0412875	0.0172973	1.06358
1399434593644315571	-0.039484	0.0208341	1.06334
1399434593661921378	-0.0379106	0.0252408	1.06283
1399434593681412519	-0.0365716	0.0295873	1.06222
1399434593697342780	-0.0326515	0.0338639	1.06147
1399434593714296898	-0.0237958	0.0387222	1.06033
1399434593818398366	-0.0135435	0.0456275	1.05901
1399434593890299215	-0.00399489	0.0527049	1.05734
1399434593906255097	0.00235389	0.0576946	1.05522
1399434593922226036	0.00601889	0.0609996	1.05317
1399434593997273296	0.00862962	0.0636075	1.05124
1399434594014228496	0.0118291	0.0660027	1.04987
1399434594108223168	0.0163663	0.0674457	1.04926
1399434594125219851	0.0203057	0.0650426	1.04938
1399434594141184569	0.0220959	0.058584	1.05035
1399434594215145610	0.0208693	0.049406	1.05261
1399434594231129815	0.0187619	0.0408312	1.05638
1399434594299129460	0.0193294	0.0357346	1.06139
1399434594318180065	0.0219415	0.032427	1.0673
1399434594335120620	0.0235802	0.0279974	1.07345
1399434594351008316	0.023084	0.0220504	1.07932
1399434594425022468	0.0203757	0.015272	1.08498
1399434594443010445	0.0164874	0.00968041	1.09039
1399434594542974980	0.011755	0.00644499	1.09561
1399434594559937616	0.00640088	0.0041927	1.1011
1399434594575865424	0.00127227	0.000924414	1.10719
1399434594611900897	-0.00280294	-0.00324423	1.11359
1399434594627804699	-0.00603237	-0.00688211	1.11993
1399434594671960959	-0.00852647	-0.00871095	1.12579
1399434594744856184	-0.0119225	-0.00743357	1.13118
1399434594761881899	-0.0158762	-0.00467128	1.13553
1399434594777839577	-0.0205863	-0.00268855	1.13881
1399434594850829706	-0.0275855	-0.00298912	1.14099
1399434594867810795	-0.0363597	-0.00415061	1.14162
1399434594962770194	-0.0449168	-0.0043991	1.14064
1399434594979708916	-0.0524686	-0.00259901	1.13861
1399434594995775015	-0.0572659	0.00196032	1.1359
1399434595036783714	-0.0583519	0.00865988	1.13225
1399434595052734695	-0.0571365	0.0151353	1.12821
1399434595096740698	-0.0531791	0.0202582	1.12441
1399434595113728522	-0.0470612	0.0228301	1.12071
1399434595182623374	-0.040034	0.0238423	1.11719
1399434595198671936	-0.0327761	0.0241284	1.11414
1399434595214636456	-0.0271734	0.0237485	1.11185
1399434595256083234	-0.0217941	0.0223749	1.11097
1399434595316910632	-0.0132132	0.0206311	1.11082
1399434595386727138	-0.00339479	0.0188968	1.11153
1399434595406487649	0.00576867	0.0166711	1.11328
1399434595425446875	0.0138	0.0121371	1.11574
1399434595498750695	0.0197265	0.00536042	1.11898
1399434595565455334	0.0237438	0.00021269	1.12243
1399434595581498784	0.0250908	-0.000152592	1.12621
1399434595605442474	0.0250454	0.00936759	1.13512
1399434595725357719	0.0303371	0.0228974	1.1442
1399434595820292582	0.0364486	0.0283136	1.14659
1399434595837286997	0.0421412	0.0302591	1.1477
1399434595853310871	0.043844	0.0306974	1.14773
1399434595894285336	0.0407377	0.0321951	1.14695
1399434595911256318	0.0363466	0.0348534	1.14567
1399434596014259871	0.0327529	0.0380134	1.14398
1399434596034215393	0.0312282	0.0407562	1.1421
1399434596051258498	0.0308791	0.0425115	1.13978
1399434596067215664	0.0289104	0.0413143	1.13696
1399434596141182087	0.0222405	0.0360913	1.13385
1399434596157156489	0.0133001	0.0298571	1.13102
1399434596226147276	0.00555985	0.0266905	1.12864
1399434596245254365	-0.000325178	0.0279429	1.12681
1399434596261122755	-0.00800351	0.0292192	1.12567
1399434596360944098	-0.0289879	0.0257016	1.12516
1399434596464002498	-0.0391955	0.0219736	1.12539
1399434596483994123	-0.047135	0.0171692	1.12561
1399434596499967486	-0.0518606	0.0128047	1.12573
1399434596568990293	-0.0537635	0.00992271	1.12525
1399434596585105001	-0.0547782	0.00917803	1.12448
1399434596601989688	-0.0547888	0.00958294	1.12349
1399434596682969822	-0.0483812	0.00746912	1.12175
1399434596699927588	-0.0418605	0.00433852	1.12096
1399434596777992578	-0.0367712	0.000247896	1.12068
1399434596794884764	-0.0353877	-0.00400732	1.12144
1399434596901335314	-0.0360555	-0.00574833	1.12355
1399434596914992621	-0.0339043	-0.00588335	1.12702
1399434596987112765	-0.0281441	-0.00577794	1.13155
1399434597002976793	-0.0223446	-0.00539923	1.13678
1399434597018886255	-0.019376	-0.00573175	1.14252
1399434597060803143	-0.0180597	-0.00713307	1.14856
1399434597105238643	-0.0165175	-0.00817002	1.15479
1399434597120788092	-0.0148451	-0.00663904	1.16034
1399434597137733501	-0.0144176	-0.00299742	1.16544
1399434597211680886	-0.0164196	0.000798984	1.17024
1399434597228702754	-0.0179544	0.00455732	1.17447
1399434597335761265	-0.0177289	0.00587723	1.1783
1399434597351747726	-0.0173018	0.00548604	1.18141
1399434597419652409	-0.0161445	0.00625461	1.18371
1399434597435642452	-0.0127747	0.0101773	1.18578
1399434597457605145	-0.0101486	0.0172588	1.18783
1399434597492641320	-0.0103142	0.0252037	1.1904
1399434597548653547	-0.0193299	0.0347264	1.19431
1399434597626517665	-0.0212958	0.0361019	1.19515
1399434597643613391	-0.0209303	0.03595	1.19568
1399434597659642460	-0.0176542	0.0370554	1.19667
1399434597734591157	-0.0137523	0.0407711	1.19789
1399434597751528905	-0.0096801	0.0482019	1.19928
1399434597767521812	-0.00583476	0.0549568	1.20048
1399434597850384916	-0.00285221	0.0563747	1.20118
1399434597867494117	0.000103106	0.0522827	1.20132
1399434597913464224	0.00284727	0.0462977	1.20054
1399434597964381411	0.00731819	0.0353663	1.19708
1399434598058331834	0.00783047	0.0329945	1.19454
1399434598075347768	0.00591046	0.0322221	1.19167
1399434598091358848	0.00310904	0.0329906	1.1881
1399434598284255717	0.0176807	0.030231	1.17136
1399434598300203393	0.0267115	0.0279107	1.16812
1399434598379219539	0.0320287	0.0261831	1.16534
1399434598497200977	0.0252734	0.0193275	1.16167
1399434598554183998	0.0103121	0.00941365	1.1612
1399434598570162099	0.00423785	0.00481265	1.16208
1399434598616090253	0.000642997	0.000345111	1.16407
1399434598633075960	-0.00128651	-0.00141687	1.16731
1399434598703092902	-0.00248864	-0.000819331	1.17176
1399434598719651632	-0.00615028	0.00271532	1.17675
1399434598813964200	-0.0182085	0.0167877	1.18704
1399434598915966774	-0.0271266	0.0332255	1.19595
1399434598931918467	-0.031147	0.0382294	1.20032
1399434598948945282	-0.033478	0.039768	1.20482
1399434599022896827	-0.0315405	0.0394962	1.20902
1399434599124383159	-0.0252029	0.0401911	1.21266
1399434599140822287	-0.0168841	0.0421362	1.21528
1399434599156997731	-0.00959654	0.0444917	1.21657
1399434599230839649	-0.00622064	0.047582	1.21667
1399434599246924473	-0.00643176	0.0508677	1.21615
1399434599263830451	-0.00692715	0.0519488	1.21478
1399434599360820755	-0.00502527	0.0481284	1.21329
1399434599376771739	0.000116351	0.0416504	1.21193
1399434599443818275	0.0068449	0.0361047	1.21106
1399434599463748470	0.0146511	0.0331022	1.21107
1399434599482787589	0.0221488	0.0314996	1.21162
1399434599551866068	0.02724	0.0283678	1.21262
1399434599568756474	0.0301366	0.0233529	1.21327
1399434599584793541	0.0313619	0.0176715	1.21298
1399434599669690917	0.022539	0.00224238	1.21028
1399434599685615556	0.0168131	-0.00364264	1.20947
1399434599753564368	0.0155815	-0.0067489	1.20864
1399434599777605133	0.0191744	-0.00156088	1.20709
1399434599871593742	0.0160033	0.00395787	1.20603
1399434599888546949	0.00863484	0.00941999	1.20509
1399434599958592607	-0.000512437	0.014552	1.2044
1399434599974617388	-0.00665454	0.018377	1.20403
1399434599991582119	-0.00768993	0.020529	1.20396
1399434600007426967	-0.00404229	0.0182585	1.20463
1399434600094370828	-0.0020394	0.0117616	1.20699
1399434600111364594	-0.00618582	0.00330674	1.21061
1399434600205364516	-0.0143504	-0.00357796	1.21553
1399434600222307911	-0.0199532	-0.00482755	1.22142
1399434600238361564	-0.0211564	-0.000827791	1.22797
1399434600312302112	-0.0200118	0.00562454	1.23478
1399434600328785757	-0.0180974	0.013279	1.2409
1399434600427209818	-0.013181	0.0229603	1.24862
1399434600443190447	-0.0104555	0.0255318	1.25076
1399434600520157457	-0.00168654	0.0306303	1.25474
1399434600537309143	0.00970079	0.034924	1.25789
1399434600553152368	0.0166909	0.0369843	1.2596
1399434600626089444	0.0163	0.0390858	1.26019
1399434600667231668	0.0125336	0.0431948	1.25979
1399434600737234228	0.00877654	0.0481311	1.25786
1399434600754091033	0.0082369	0.0496447	1.25506
1399434600770093838	0.0125089	0.0475143	1.25157
1399434600844089663	0.0184378	0.0426908	1.24699
1399434600939957354	0.0213067	0.0367826	1.24132
1399434600957028161	0.0185189	0.0315396	1.23497
1399434600973039784	0.011223	0.0268344	1.22889
1399434601047010258	0.0028485	0.0212356	1.22338
1399434601063941820	-0.00592604	0.0151283	1.21867
1399434601080925619	-0.0134432	0.00955588	1.2147
1399434601176843003	-0.0179829	0.00621284	1.21158
1399434601193877511	-0.0216006	0.0058076	1.2089
1399434601264883929	-0.0244796	0.00624329	1.20651
1399434601281973337	-0.0278981	0.00573245	1.20492
1399434601297879690	-0.034855	0.00326174	1.20436
1399434601399810240	-0.0449764	-0.000498382	1.20465
1399434601415815054	-0.0555508	-0.00349628	1.20531
1399434601482781205	-0.0651084	-0.0052415	1.20593
1399434601499791920	-0.0724219	-0.00778057	1.20664
1399434601515868916	-0.0777746	-0.0110791	1.20759
1399434601597767102	-0.0801253	-0.0127247	1.20869
1399434601693792955	-0.0795146	-0.00986836	1.2099
1399434601710665029	-0.0778209	-0.00427868	1.21159
1399434601726660045	-0.0766603	0.000214335	1.21421
1399434601800814817	-0.0752762	0.0034409	1.2176
1399434601816624723	-0.0714108	0.0052032	1.2209
1399434601917785815	-0.0647386	0.00368461	1.22424
1399434601934528004	-0.0555928	0.000291906	1.2272
1399434601950578937	-0.0459539	-0.00203788	1.22977
1399434602018592446	-0.0359733	-0.00316557	1.23258
1399434602035537633	-0.0251224	-0.00222018	1.23582
1399434602051600039	-0.0129487	0.00321983	1.23942
1399434602133571938	0.00739164	0.0183562	1.24659
1399434602150464930	0.0143248	0.0223964	1.2507
1399434602224457343	0.0193602	0.0233907	1.25453
1399434602240523199	0.0244459	0.0249868	1.25805
1399434602344301457	0.0311487	0.0297026	1.26109
1399434602360336877	0.0385639	0.0354309	1.26376
1399434602377359749	0.045046	0.0397319	1.26576
1399434602448299410	0.0487397	0.0426201	1.26686
1399434602465294377	0.0494977	0.0443199	1.26715
1399434602481285821	0.0494437	0.0437868	1.2663
1399434602581266970	0.0468894	0.0400909	1.26383
1399434602654199731	0.0427063	0.0344184	1.26003
1399434602673174056	0.0408696	0.0293869	1.25581
1399434602689144603	0.0403321	0.0262472	1.25177
1399434602762163613	0.0391825	0.0243958	1.24843
1399434602863069483	0.0361527	0.0219256	1.24588
1399434602880071030	0.0289823	0.0167569	1.24433
1399434602896090246	0.019655	0.00981555	1.24354
1399434602970074656	0.00893797	0.00428993	1.24429
1399434602987057714	-0.00263665	0.00161542	1.24567
1399434603003000185	-0.0128233	0.00282938	1.2477
1399434603099903893	-0.0205382	0.00733725	1.25001
1399434603115939650	-0.0270045	0.0112398	1.25233
1399434603188994972	-0.0330015	0.011044	1.25465
1399434603204868749	-0.0407188	0.00729919	1.25743
1399434603221846450	-0.0492775	0.00271518	1.26088
1399434603322932336	-0.0563642	7.16839e-05	1.26461
1399434603339920478	-0.0612034	0.00115195	1.26803
1399434603406877285	-0.0643349	0.00541941	1.27111
1399434603423856275	-0.0653504	0.0117028	1.27384
1399434603439853268	-0.0635544	0.0191818	1.27606
1399434603513726563	-0.0601487	0.0252608	1.27785
1399434603609754365	-0.0559313	0.0288866	1.27913
1399434603625770189	-0.0510415	0.030124	1.27971
1399434603642738522	-0.0475376	0.0305411	1.28012
1399434603683727438	-0.0465475	0.0302933	1.2806
1399434603700688661	-0.0456174	0.0306679	1.28112
1399434603938584145	-0.0025701	0.0485292	1.28369
1399434604034639748	0.0027751	0.0496225	1.28517
1399434604067603271	0.0164822	0.0495725	1.28845
1399434604108554244	0.0217023	0.0483357	1.28988
1399434604125490268	0.0236242	0.0458272	1.2908
1399434604171562393	0.0231501	0.041182	1.29171
1399434604187432231	0.0236768	0.0355538	1.29252
1399434604255406321	0.0254167	0.0302817	1.29327
1399434604272449391	0.0283375	0.0265517	1.29437
1399434604288420259	0.0317822	0.0269389	1.29603
1399434604363378363	0.0348317	0.031385	1.29844
1399434604403333045	0.0368403	0.0368221	1.30128
1399434604474287036	0.0371891	0.0398262	1.30405
1399434604490230291	0.0360939	0.0402188	1.30657
1399434604506317036	0.0332418	0.0396083	1.30882
1399434604548264728	0.0288532	0.0389111	1.31087
1399434604589203889	0.0248501	0.0378569	1.3124
1399434604605233816	0.0207237	0.0364284	1.3132
1399434604681274115	0.0152399	0.0346572	1.31307
1399434604701331877	0.00978988	0.0320886	1.31249
1399434604717237810	0.00477544	0.0266175	1.3113
1399434604790080493	-0.000678338	0.01911	1.3092
1399434604831166401	-0.00814051	0.0123743	1.30653
1399434604901085671	-0.0174446	0.00874067	1.30369
1399434604918117768	-0.0265583	0.00673348	1.30105
1399434604935089049	-0.0324009	0.00344146	1.29829
1399434605009040371	-0.0338711	-0.00201051	1.29497
1399434605104956565	-0.0336164	-0.00683665	1.29127
1399434605122005748	-0.0333573	-0.00932326	1.28737
1399434605137986304	-0.0334294	-0.00912489	1.28394
1399434605212003124	-0.0341886	-0.00710947	1.28141
1399434605228900495	-0.0352869	-0.00368717	1.27954
1399434605244916599	-0.0370701	0.000612274	1.27839
1399434605343760262	-0.0367922	0.00487582	1.27766
1399434605358876481	-0.0333239	0.00749635	1.27716
1399434605429814652	-0.0293226	0.0095433	1.27666
1399434605445852575	-0.0283044	0.0131009	1.27582
1399434605462858159	-0.0309172	0.0200956	1.27481
1399434605564937463	-0.0352813	0.0282274	1.27335
1399434605580831180	-0.037643	0.035365	1.27076
1399434605647741558	-0.0350232	0.0413582	1.26709
1399434605664769978	-0.0279308	0.0463684	1.26217
1399434605680721291	-0.0180273	0.050448	1.25612
1399434605753699364	-0.00873979	0.0519224	1.24991
1399434605855600275	-0.00240971	0.0498692	1.24397
1399434605872724729	0.000137261	0.0456683	1.23785
1399434605888651487	0.00121976	0.0400442	1.23198
1399434605960671064	0.00280364	0.0333065	1.22731
1399434605977655232	0.00422415	0.0273885	1.22365
1399434606043555429	0.00358078	0.0250039	1.22118
1399434606063585937	-0.000705117	0.0264478	1.22001
1399434606080547095	-0.00873898	0.0299145	1.21999
1399434606096531894	-0.0184513	0.0327851	1.22131
1399434606172602182	-0.0277727	0.0338037	1.22445
1399434606189509005	-0.0332912	0.0332735	1.22875
1399434606283447791	-0.031916	0.0317804	1.2349
1399434606300417556	-0.0246869	0.0278001	1.24142
1399434606316396507	-0.0107364	0.0185519	1.25059
1399434606390383801	-0.00740128	0.0117283	1.25974
1399434606434379465	-0.0103726	0.0106879	1.26758
1399434606502402820	-0.0119694	0.0145581	1.27502
1399434606518355979	-0.0114771	0.0175843	1.28201
1399434606535326829	-0.0114948	0.0168307	1.28813
1399434606634309380	-0.0117511	0.0152217	1.29391
1399434606710231528	-0.0143978	0.0235148	1.30056
1399434606730264506	-0.0126108	0.0408535	1.30719
1399434606746257039	-0.00624685	0.0512392	1.31268
1399434606848180234	-0.00362157	0.0478976	1.31603
1399434606864109759	-0.0060481	0.040723	1.31796
1399434606931260486	-0.00379652	0.0395536	1.31875
1399434606948255839	0.00334785	0.0430962	1.3197
1399434607047254066	0.00575993	0.0433511	1.32157
1399434607065313529	-0.00200752	0.0410726	1.32391
1399434607135128913	-0.0107212	0.0381389	1.32699
1399434607151162409	-0.0121554	0.0302175	1.33023
1399434607254180489	-0.0116251	0.0200915	1.33197
1399434607270020497	-0.0171212	0.0152033	1.33211
1399434607287149156	-0.02693	0.01402	1.33027
1399434607357061026	-0.0371482	0.0124209	1.3271
1399434607454165110	-0.0445534	0.0091364	1.32392
1399434607470086153	-0.047682	0.00751515	1.31999
1399434607488943303	-0.0465198	0.00548393	1.31612
1399434607560836161	-0.0429883	0.00327535	1.31354
1399434607603780732	-0.036762	0.00554894	1.31242
1399434607673551258	-0.0298191	0.0106986	1.31257
1399434607688779966	-0.0218812	0.0158052	1.31309
1399434607705732951	-0.0127909	0.0191424	1.31386
1399434607787073353	-0.00403872	0.021347	1.31297
1399434607809773626	0.000388493	0.0245161	1.31025
1399434607890724432	0.00390366	0.0267708	1.30668
1399434607952813870	0.00825981	0.0261758	1.3026
1399434608002714604	0.0087808	0.0240361	1.29927
1399434608092641058	0.0043442	0.0236754	1.29708
1399434608109608391	0.000253691	0.0295976	1.2964
1399434608164678115	-0.0020111	0.0362916	1.29627
1399434608286648203	-0.0040626	0.0397818	1.29716
1399434608377760799	-0.0109259	0.0501857	1.30211
1399434608414492284	-0.0124866	0.0537677	1.30546
1399434608532503719	-0.01664	0.0535285	1.30823
1399434608549422114	-0.0216371	0.0515315	1.31036
1399434608620456036	-0.0251195	0.0493808	1.31256
1399434608637377676	-0.0246169	0.0481431	1.31445
1399434608653434063	-0.0208916	0.0474814	1.31573
1399434608741357380	-0.0167553	0.0463725	1.31666
1399434608757365167	-0.0145979	0.0443829	1.31708
1399434608774399563	-0.0148605	0.0403872	1.3169
1399434608845324949	-0.0168335	0.036479	1.31616
1399434608862288144	-0.0199609	0.0328234	1.3151
1399434608878364364	-0.0234323	0.0293943	1.31453
1399434608978260652	-0.0241465	0.0255024	1.31418
1399434609048338986	-0.0215757	0.019913	1.31391
1399434609065238182	-0.0166197	0.0150031	1.31406
1399434609081278605	-0.0121103	0.0118851	1.31481
1399434609156226044	-0.0107829	0.00830527	1.31609
1399434609199159490	-0.0114017	0.00252157	1.31846
1399434609268131392	-0.0110475	0.000876721	1.31965
1399434609284141807	-0.00768883	-0.00182542	1.3224
1399434609301139403	-0.00197773	-0.00437977	1.32545
1399434609342115208	0.00505338	-0.00739063	1.32864
1399434609360124271	0.0120056	-0.00973483	1.33187
1399434609398178677	0.0159402	-0.0108201	1.33514
1399434609415132641	0.016438	-0.00990828	1.33818
1399434609495060292	0.0162746	-0.00743419	1.34033
1399434609511073156	0.0169837	-0.00413433	1.34138
1399434609552025885	0.0186118	-8.6721e-05	1.3413
1399434609598989374	0.0197158	0.00268786	1.34072
1399434609616061829	0.0181759	0.00351322	1.3395
1399434609632004883	0.0130838	0.00300527	1.3377
1399434609701046181	0.00617053	0.00424642	1.33514
1399434609717883065	-3.22346e-05	0.0093295	1.33193
1399434609803911598	-0.00364387	0.0163513	1.32845
1399434609843804973	-0.00519005	0.0230752	1.32458
1399434609913816748	-0.00859601	0.0264518	1.32072
1399434609930867979	-0.0166991	0.0269655	1.31688
1399434609946784045	-0.0294268	0.0272925	1.31331
1399434610020768543	-0.0430109	0.0276376	1.31026
1399434610116731564	-0.0560197	0.0270232	1.30774
1399434610133701429	-0.0684886	0.0276693	1.30584
1399434610149729302	-0.0780426	0.0316516	1.30471
1399434610223751948	-0.0832657	0.0380953	1.30451
1399434610240004278	-0.0839	0.0438043	1.30538
1399434610256732065	-0.0820235	0.0445843	1.30775
1399434610353665046	-0.0786129	0.0395137	1.31163
1399434610369632898	-0.0734762	0.0333819	1.31666
1399434610440829748	-0.0659022	0.0311208	1.32184
1399434610457578006	-0.0559744	0.0341345	1.32635
1399434610473570274	-0.0478222	0.0394195	1.33049
1399434610576517415	-0.0437488	0.0438612	1.33475
1399434610648532407	-0.0423833	0.0459463	1.339
1399434610665520527	-0.0406516	0.0462566	1.34324
1399434610683755622	-0.0345561	0.0443433	1.34713
1399434610755428061	-0.0235094	0.04249	1.3504
1399434610772425990	-0.0108198	0.0418645	1.35328
1399434610867356633	0.000148237	0.0406455	1.35591
1399434610883431689	0.00921261	0.0382967	1.35822
1399434610900371941	0.0195817	0.0358895	1.36036
1399434610973376201	0.0299588	0.0342388	1.36244
1399434610990382793	0.0378841	0.0332456	1.36483
1399434611057278249	0.0441045	0.0316016	1.36724
1399434611077265773	0.048053	0.0286186	1.36973
1399434611093305986	0.0492942	0.0249529	1.3726
1399434611110236863	0.0487546	0.0225178	1.37547
1399434611183282952	0.0491865	0.022949	1.37835
1399434611201247327	0.0485966	0.022899	1.38121
1399434611295363275	0.0451466	0.0197337	1.38382
1399434611312198434	0.0391406	0.0148318	1.38596
1399434611328233962	0.0313806	0.0106186	1.3877
1399434611402204315	0.0232483	0.00765927	1.38919
1399434611418253126	0.0153831	0.0055011	1.39036
1399434611485179780	0.00938903	0.00523717	1.39072
1399434611505156907	0.00451915	0.00893276	1.3907
1399434611524245359	-0.00416695	0.0158845	1.3902
1399434611544035363	-0.0162364	0.0228345	1.38947
1399434611619016264	-0.0266436	0.0264439	1.38845
1399434611635963098	-0.0340128	0.0264978	1.38736
1399434611731928716	-0.0401887	0.0243405	1.38598
1399434611748933154	-0.0444811	0.0229256	1.3846
1399434611765939670	-0.0479348	0.0241101	1.38336
1399434611838969396	-0.0515955	0.0270382	1.382
1399434611855874457	-0.0543268	0.03224	1.38049
1399434611954946545	-0.0552873	0.038878	1.3793
1399434611970848339	-0.0527483	0.0440596	1.37839
1399434612040827485	-0.0476416	0.0470643	1.37757
1399434612063856589	-0.0420087	0.0492507	1.37643
1399434612080873256	-0.0378024	0.0509519	1.37466
1399434612155865175	-0.0362138	0.0522008	1.37281
1399434612195911395	-0.0361387	0.0537756	1.37094
1399434612266911619	-0.0367072	0.0556081	1.36906
1399434612282732748	-0.0362095	0.05588	1.36719
1399434612299837732	-0.0333303	0.0522062	1.36521
1399434612372866260	-0.0270188	0.0453615	1.36306
1399434612502772018	-0.0091219	0.0275003	1.35404
1399434612542737100	-0.00850911	0.0222348	1.3507
1399434612559659290	-0.00816385	0.0155139	1.34732
1399434612622684492	-0.00914016	-0.00143343	1.34116
1399434612694610181	-0.0104454	-0.0115067	1.33832
1399434612711714648	-0.0135551	-0.0218363	1.33545
1399434612727516729	-0.0185011	-0.0299758	1.33244
1399434612800676806	-0.0245399	-0.0339754	1.32926
1399434612896581923	-0.0277744	-0.03529	1.32645
1399434612913794665	-0.0269581	-0.0345546	1.3243
1399434612929477169	-0.0227686	-0.0324785	1.32263
1399434613003458771	-0.0166416	-0.0304918	1.32145
1399434613019665680	-0.0110639	-0.0298036	1.32153
1399434613036552904	-0.00654795	-0.0299112	1.32257
1399434613130361351	-0.00467459	-0.0283171	1.32453
1399434613148133139	-0.00417807	-0.0247566	1.32737
1399434613215317068	-0.0040144	-0.0197145	1.33042
1399434613231418204	-0.00364583	-0.0109092	1.33423
1399434613248434725	-0.00267199	0.000527278	1.33901
1399434613350375396	-0.00121575	0.0186733	1.34722
1399434613366254513	-0.00131684	0.0252057	1.35004
1399434613399187780	-0.002407	0.0390891	1.35553
1399434613414112989	-0.00340564	0.0523741	1.36075
1399434613435251839	-0.00274299	0.0637985	1.3652
1399434613451218728	0.000322758	0.0741725	1.36873
1399434613542076766	0.00440213	0.0837771	1.37159
1399434613559082336	0.00743774	0.0938731	1.37372
1399434613574983906	0.00848236	0.103191	1.37513
1399434613654094800	0.00757533	0.108859	1.37524
1399434613671763943	0.00593475	0.110012	1.37432
1399434613771041157	0.00434353	0.107533	1.37275
1399434613786912193	0.00216466	0.103951	1.37001
1399434613857938959	-0.000758178	0.100974	1.36637
1399434613874944342	-0.00367313	0.0974905	1.36222
1399434613890846204	-0.00698123	0.0912978	1.35756
1399434613964838240	-0.0118405	0.0832991	1.35287
1399434614004841343	-0.0183172	0.0731841	1.34814
1399434614039915239	-0.0248315	0.0601683	1.34343
1399434614056888114	-0.0308819	0.0477985	1.33897
1399434614076757486	-0.0367151	0.0377332	1.33431
1399434614092761826	-0.0405101	0.0284595	1.32979
1399434614193151736	-0.0418721	0.0183988	1.32572
1399434614208721594	-0.0414174	0.00667715	1.32231
1399434614224725408	-0.040118	-0.00520292	1.3195
1399434614293628494	-0.0395616	-0.0162945	1.31742
1399434614309703400	-0.04098	-0.0252442	1.31608
1399434614326646765	-0.0424113	-0.0306164	1.31556
1399434614426652047	-0.0400912	-0.0334933	1.31611
1399434614497628603	-0.0341394	-0.0354653	1.3172
1399434614513492236	-0.0292485	-0.0367443	1.3189
1399434614530569385	-0.0272614	-0.0373134	1.32139
1399434614603606441	-0.0261204	-0.038105	1.32503
1399434614645598652	-0.0245528	-0.0374281	1.32922
1399434614721609179	-0.0235182	-0.0339409	1.33331
1399434614737649268	-0.0243262	-0.0260651	1.33758
1399434614753481054	-0.0271631	-0.0144169	1.3418
1399434614827430888	-0.0315039	-0.00288232	1.34619
1399434614844409500	-0.0365283	0.00653371	1.35009
1399434614942364050	-0.0419586	0.0204411	1.35469
1399434614958479219	-0.0436423	0.0316646	1.35705
1399434615043419297	-0.0444688	0.0579723	1.36124
1399434615060404489	-0.0446092	0.0701393	1.36344
1399434615122425346	-0.0447119	0.0801582	1.36552
1399434615154324350	-0.038606	0.0887487	1.36804
1399434615170298277	-0.0314323	0.0902505	1.36808
1399434615245541841	-0.024026	0.0939642	1.367
1399434615347254925	-0.0180125	0.099204	1.3651
1399434615363172868	-0.0141124	0.103728	1.36264
1399434615380176250	-0.0105636	0.102798	1.35942
1399434615454322469	-0.007593	0.0958244	1.35527
1399434615471301320	-0.00671977	0.0862994	1.35064
1399434615488188443	-0.00538364	0.0774079	1.3458
1399434615585049596	-0.00338801	0.0704107	1.34138
1399434615601126349	-0.00301259	0.0648943	1.33762
1399434615672083303	-0.00437893	0.0568196	1.3353
1399434615695095530	-0.00626712	0.0455515	1.33456
1399434615711067059	-0.00793275	0.0315873	1.33537
1399434615809048958	-0.00982935	0.0176391	1.3378
1399434615879989058	-0.01064	0.00706748	1.34132
1399434615897004756	-0.00874342	0.00108464	1.34584
1399434615912904982	-0.00654586	-0.000722878	1.35156
1399434615985961932	-0.00675838	-0.00113374	1.35791
1399434616002841126	-0.009129	-0.00350227	1.36439
1399434616097865111	-0.0112994	-0.00919808	1.37087
1399434616114823601	-0.0117382	-0.0164058	1.37684
1399434616130793181	-0.0121499	-0.0219026	1.38224
1399434616205842233	-0.0147302	-0.0247686	1.38671
1399434616222781905	-0.0198449	-0.0266633	1.3906
1399434616322732768	-0.0267986	-0.0281683	1.39417
1399434616338730798	-0.0336097	-0.0276566	1.39781
1399434616354687977	-0.036995	-0.0241996	1.40118
1399434616425683315	-0.0359207	-0.0192604	1.40398
1399434616442666815	-0.0308399	-0.01478	1.40649
1399434616458650146	-0.022933	-0.0121957	1.40892
1399434616557708649	-0.0134037	-0.00818637	1.41079
1399434616627644078	-0.00531852	-0.000487985	1.41185
1399434616643589058	-0.0019614	0.00868175	1.41224
1399434616660571320	-0.00211763	0.0180606	1.41155
1399434616734603771	-0.00335726	0.0294125	1.40987
1399434616777615259	-0.0031433	0.0408437	1.40764
1399434616847541019	-0.000138491	0.0492875	1.40505
1399434616866839626	0.00437478	0.0544599	1.40189
1399434616882509516	0.00768665	0.0576611	1.39808
1399434616958458386	0.00722014	0.0621768	1.394
1399434616975463910	0.0034702	0.0690653	1.39002
1399434617043430334	-0.00158111	0.0760152	1.38628
1399434617062364190	-0.00833361	0.0809398	1.38284
1399434617078485920	-0.0167627	0.0837647	1.37995
1399434617095398255	-0.0242488	0.0848596	1.37726
1399434617169316527	-0.0285779	0.0846287	1.37447
1399434617213368594	-0.0308148	0.0819084	1.3716
1399434617281361570	-0.0333498	0.0759143	1.36841
1399434617297376080	-0.038394	0.0694856	1.36483
1399434617313249484	-0.0470222	0.0623215	1.35921
1399434617388312690	-0.0525765	0.0523205	1.35425
1399434617484217306	-0.0548742	0.0370607	1.35052
1399434617500193609	-0.0526031	0.0172253	1.34842
1399434617517145877	-0.050763	0.00311667	1.34824
1399434617558182480	-0.0502334	-0.00246786	1.34924
1399434617602180831	-0.049319	-0.00447118	1.35195
1399434617619258953	-0.0473625	-0.00677202	1.3564
1399434617640093302	-0.0429457	-0.00784591	1.36106
1399434617745193103	-0.0236913	-0.00921771	1.36904
1399434617816234304	-0.0121914	-0.00837257	1.37147
1399434617833187045	-0.0037921	-0.0038917	1.37386
1399434617849280299	0.00247493	0.00857621	1.37654
1399434617950147113	0.00655592	0.0213926	1.37965
1399434618021068357	0.00803489	0.0333246	1.38267
1399434618037059611	0.00335854	0.040415	1.38445
1399434618053927432	-0.00399442	0.0380927	1.3848
1399434618153870687	-0.00214574	0.0375366	1.38506
1399434618169935763	0.00820571	0.0462341	1.38554
1399434618244794066	0.0187668	0.0570582	1.38613
1399434618260997589	0.01938	0.0617156	1.3867
1399434618350746177	-0.00847328	0.0624385	1.38794
1399434618370708245	-0.0270569	0.0597532	1.38932
1399434618462691315	-0.0416158	0.0518817	1.39058
1399434618528665837	-0.0500442	0.0441411	1.39161
1399434618545644817	-0.0559884	0.0403798	1.39214
1399434618578640782	-0.0640304	0.038785	1.39275
1399434618668621516	-0.0742333	0.0390332	1.39316
1399434618685697413	-0.0863369	0.0397763	1.39353
1399434618893513443	-0.0903731	0.0403948	1.39417
1399434618909491193	-0.0801058	0.0391914	1.39339
1399434618951570627	-0.06909	0.0371009	1.39215
1399434619010471746	-0.0507534	0.03749	1.38868
1399434619027420488	-0.0367512	0.0355112	1.38554
1399434619096429027	-0.0223997	0.0279432	1.38181
1399434619113423900	-0.0106712	0.0176895	1.37758
1399434619202379081	-0.00298372	0.00884605	1.37324
1399434619298368490	0.00152175	0.00342004	1.36895
1399434619315336899	0.00564876	0.00199522	1.36471
1399434619331254932	0.00971705	0.00410262	1.36058
1399434619406220564	0.0130428	0.00640981	1.35731
1399434619423288501	0.0141764	0.00570537	1.35439
1399434619520181898	0.013325	0.000611052	1.35113
1399434619540225108	0.011185	-0.00765872	1.34736
1399434619556198078	0.00810366	-0.0156672	1.34308
1399434619630773278	0.00549897	-0.0198255	1.3385
1399434619646297575	0.00436888	-0.0186522	1.33448
1399434619663177733	0.00675354	-0.0140488	1.33088
1399434619762110784	0.0132302	-0.00945594	1.32787
1399434619833163353	0.0189448	-0.00535163	1.32605
1399434619850047487	0.0197069	-0.00207681	1.32542
1399434619866121647	0.0159101	0.00136787	1.32571
1399434619940596079	0.0100922	0.00576701	1.32716
1399434619979022510	0.00452719	0.0111948	1.33016
1399434620050014624	-0.00322526	0.0181317	1.33476
1399434620066947009	-0.0142113	0.0276701	1.34072
1399434620082975087	-0.0254782	0.0383989	1.34765
1399434620123920793	-0.0344347	0.0482225	1.35503
1399434620141940472	-0.040108	0.0537596	1.36277
1399434620180999910	-0.0414347	0.05531	1.37074
1399434620197008969	-0.038813	0.0575107	1.37834
1399434620271065237	-0.0350916	0.0621083	1.38483
1399434620286977586	-0.0324069	0.0681194	1.39014
1399434620303875833	-0.0323222	0.0717385	1.39443
1399434620402840170	-0.035284	0.0711118	1.39718
1399434620473993830	-0.0390671	0.0659532	1.39855
1399434620490801718	-0.0414931	0.0592678	1.39889
1399434620506672667	-0.0425936	0.0535405	1.39834
1399434620583728311	-0.043512	0.0497114	1.39688
1399434620601689955	-0.0450303	0.0471445	1.39469
1399434620690678441	-0.046419	0.0435287	1.39248
1399434620706718918	-0.0476717	0.0377456	1.39036
1399434620723654516	-0.0456962	0.028435	1.38812
1399434620795650468	-0.0383625	0.0162801	1.3852
1399434620813618782	-0.0295265	0.00674448	1.38194
1399434620914597614	-0.0213531	-5.53653e-05	1.37646
1399434620930676652	-0.0242463	-0.00212741	1.37432
1399434621004539750	-0.0274921	-0.00629025	1.37271
1399434621021464504	-0.0269889	-0.0114462	1.37237
1399434621038592084	-0.0217748	-0.0149105	1.3727
1399434621135587172	-0.0156248	-0.0149878	1.37375
1399434621151605968	-0.0108893	-0.0131369	1.37566
1399434621223494976	-0.00870373	-0.0122436	1.37811
1399434621239424350	-0.00977118	-0.0132038	1.38101
1399434621257339677	-0.0125518	-0.0149134	1.38404
1399434621354335424	-0.0147518	-0.0132643	1.38705
1399434621371795317	-0.0137122	-0.00579292	1.38982
1399434621441277818	-0.0110833	0.0068621	1.39288
1399434621458302071	-0.00957018	0.0209332	1.39667
1399434621474266650	-0.0114085	0.0310542	1.40073
1399434621548782613	-0.0159009	0.0379781	1.40405
1399434621648214635	-0.0211103	0.0441111	1.40644
1399434621667137766	-0.0258534	0.0501453	1.40796
1399434621683169807	-0.0317471	0.0563285	1.40891
1399434621756123400	-0.0396593	0.0614444	1.40973
1399434621773165158	-0.0497556	0.0651529	1.41012
1399434621867156406	-0.0597035	0.0680946	1.40984
1399434621883038484	-0.0663851	0.0718367	1.40867
1399434621900015424	-0.0690561	0.0744063	1.40669
1399434621974053691	-0.0700925	0.0760418	1.40409
1399434621990184349	-0.071455	0.0764618	1.4014
1399434622007116663	-0.0727945	0.0738632	1.3988
1399434622088163169	-0.0748903	0.063145	1.3936
1399434622105181287	-0.0746351	0.0548579	1.39125
1399434622178926680	-0.0747849	0.0465823	1.38906
1399434622195912312	-0.0740701	0.0386854	1.38736
1399434622323924190	-0.0585781	0.0107938	1.38277
1399434622396856155	-0.0519714	-0.00130339	1.38177
1399434622413804356	-0.0468506	-0.0110964	1.38131
1399434622430797171	-0.0432009	-0.0176719	1.38169
1399434622520956518	-0.0397948	-0.0217397	1.38252
1399434622536801668	-0.0344207	-0.0246687	1.384
1399434622613699735	-0.0151214	-0.0204119	1.38849
1399434622633716628	-0.00422526	-0.0143882	1.3911
1399434622732759361	0.00448571	-0.00853531	1.39305
1399434622749645748	0.0114256	-0.00364222	1.39441
1399434622818728274	0.0180735	0.000142101	1.39524
1399434622834643906	0.0242118	0.00246281	1.39536
1399434622851665949	0.0294045	0.00430628	1.39495
1399434622926652457	0.0320903	0.00561239	1.39434
1399434622966675360	0.0315184	0.00663752	1.39349
1399434623035514099	0.0289074	0.00987681	1.39259
1399434623058543818	0.02507	0.0150219	1.39193
1399434623074558282	0.0216078	0.0199351	1.39189
1399434623150561140	0.0189949	0.0236945	1.39243
1399434623247537197	0.0185395	0.023955	1.39359
1399434623263466440	0.0187725	0.0207252	1.39519
1399434623280522652	0.0165646	0.0179647	1.3967
1399434623354480243	0.0120372	0.0184931	1.39802
1399434623370477226	0.00544178	0.0216921	1.39911
1399434623387509546	-0.0023302	0.0253616	1.40005
1399434623482413749	-0.0108222	0.0273499	1.4008
1399434623498336699	-0.0167172	0.0274359	1.40125
1399434623567452286	-0.0173288	0.0258222	1.40126
1399434623584351143	-0.0141843	0.0251035	1.40067
1399434623600315360	-0.0123031	0.0270774	1.39962
1399434623697308975	-0.0136627	0.030203	1.39855
1399434623713330535	-0.01753	0.0339969	1.39746
1399434623790197444	-0.0220447	0.0354255	1.39622
1399434623807225781	-0.025152	0.0328814	1.39464
1399434623823467908	-0.0263322	0.0283817	1.39258
1399434623898677452	-0.0277305	0.0246496	1.39074
1399434623994126764	-0.030521	0.023962	1.38945
1399434624010125016	-0.0333955	0.0265863	1.38838
1399434624027110911	-0.0350944	0.0317925	1.3877
1399434624101053119	-0.0333984	0.0379548	1.38723
1399434624118034811	-0.0290241	0.0413661	1.38694
1399434624213069040	-0.0255946	0.0398578	1.38634
1399434624230039237	-0.0258304	0.0348572	1.38545
1399434624245999656	-0.0286746	0.0302993	1.38395
1399434624334925343	-0.0334372	0.0309677	1.37986
1399434624351835989	-0.0334151	0.0336875	1.37725
1399434624448928622	-0.0320509	0.0370201	1.37437
1399434624465512202	-0.030228	0.0396334	1.37156
1399434624533045764	-0.0279415	0.04057	1.36867
1399434624549943769	-0.024289	0.0387481	1.36621
1399434624565762899	-0.0210095	0.0319947	1.36443
1399434624665720039	-0.0210687	0.0216066	1.36319
1399434624738357907	-0.0230088	0.0116362	1.36225
1399434624752884170	-0.0240529	0.00510066	1.36212
1399434624771595377	-0.0245735	0.00192293	1.3629
1399434624847811159	-0.0246573	0.00249731	1.36458
1399434624866830677	-0.0247511	0.0065445	1.36711
1399434624926807018	-0.0258053	0.0130361	1.37048
1399434624942770385	-0.0283195	0.0205623	1.375
1399434624978755764	-0.0362482	0.0334569	1.38636
1399434624994787944	-0.0386614	0.0349883	1.39171
1399434625090651858	-0.039029	0.0347715	1.39598
1399434625108025338	-0.0388584	0.0352753	1.3998
1399434625178684039	-0.0377103	0.0378261	1.40356
1399434625252682261	-0.0378234	0.0419446	1.41484
1399434625400570803	-0.0191403	0.046321	1.42729
1399434625495386454	-0.0145435	0.0485237	1.42927
1399434625512508945	-0.00843208	0.0466967	1.43104
1399434625528378848	0.00727193	0.0415849	1.43323
1399434625570311783	0.0207926	0.0378062	1.4354
1399434625620341668	0.0225898	0.0397376	1.43727
1399434625639363612	0.0213473	0.0473033	1.43932
1399434625709271254	0.0265771	0.0461091	1.4409
1399434625727287083	0.0327689	0.0337864	1.44058
1399434625821311736	0.033658	0.0218135	1.43882
1399434625837331284	0.0264634	0.0160644	1.43617
1399434625854150601	0.0207374	0.0149123	1.43215
1399434625928129746	0.0188704	0.0155563	1.42675
1399434626024174391	0.0100685	0.0135633	1.42027
1399434626041169890	-0.00661148	0.011081	1.41413
1399434626057153767	-0.0252045	0.0118673	1.40987
1399434626132017722	-0.0361233	0.0152121	1.4076
1399434626172068139	-0.0424126	0.0213213	1.40767
1399434626243044253	-0.0537179	0.0288902	1.41102
1399434626258935065	-0.0643189	0.0309156	1.41741
1399434626275884948	-0.0631617	0.0281646	1.42466
1399434626378884638	-0.054651	0.0261289	1.43132
1399434626456855138	-0.051937	0.024365	1.43744
1399434626475862578	-0.0599376	0.0193822	1.44285
1399434626530831583	-0.0701969	0.0171547	1.44678
1399434626576776814	-0.0693872	0.0218277	1.44784
1399434626593856340	-0.0631026	0.0296547	1.44824
1399434626686846804	-0.0514671	0.0438188	1.448
1399434626743694947	-0.0466645	0.0481411	1.44697
1399434626791710287	-0.0400351	0.050703	1.44455
1399434626808675680	-0.0300603	0.0496691	1.44055
1399434626884777126	-0.0194689	0.0432991	1.43521
1399434626902143491	-0.0115045	0.0344641	1.42877
1399434626948570460	-0.00778565	0.026454	1.42191
1399434626964582327	-0.00723955	0.021417	1.41504
1399434627012580484	-0.00537891	0.0186429	1.40874
1399434627099490127	-0.00105581	0.017137	1.40349
1399434627116531074	0.00448787	0.0157315	1.39967
1399434627132448236	0.0102532	0.0123666	1.39722
1399434627207443505	0.0164621	0.00805454	1.39563
1399434627303486141	0.0214356	0.00579055	1.39508
1399434627320408774	0.0237303	0.00826094	1.39517
1399434627336417427	0.0245621	0.0136988	1.39564
1399434627410387584	0.0246011	0.0160591	1.39615
1399434627426342548	0.0240336	0.012077	1.39692
1399434627443309573	0.0226691	0.00351107	1.39766
1399434627546280118	0.0169557	-0.00541356	1.39877
1399434627563275410	0.00776485	-0.0114591	1.40019
1399434627634435445	-0.00193913	-0.012233	1.40213
1399434627650427273	-0.00929401	-0.00846164	1.40486
1399434627667509409	-0.0140785	-0.00343812	1.40757
1399434627766459683	-0.0188093	0.000668293	1.40956
1399434627836181464	-0.0259101	0.00170426	1.4107
1399434627853210645	-0.0370784	0.00105911	1.41116
1399434627870101714	-0.0500556	0.00168001	1.41064
1399434627942105006	-0.063071	0.00374704	1.4098
1399434627959165917	-0.0723349	0.00745838	1.40877
1399434628054039742	-0.0765242	0.0132419	1.40788
1399434628071014256	-0.076715	0.0201948	1.40731
1399434628087005023	-0.0732952	0.0252205	1.40857
1399434628162001314	-0.0677618	0.0265434	1.41045
1399434628179000286	-0.0629118	0.026276	1.41196
1399434628274005867	-0.0592665	0.0286986	1.41311
1399434628290048947	-0.0560827	0.0368792	1.41476
1399434628305927643	-0.05127	0.0487412	1.41739
1399434628379929293	-0.0451596	0.058617	1.42072
1399434628396931568	-0.0390999	0.062614	1.42435
1399434628412888645	-0.0330285	0.0615927	1.4284
1399434628512892108	-0.0279054	0.0599897	1.4327
1399434628583908496	-0.0235113	0.0599914	1.43742
1399434628602876555	-0.018562	0.0617134	1.44204
1399434628622782165	-0.0126541	0.0644445	1.44681
1399434628695778045	-0.00345128	0.0660065	1.45144
1399434628735789180	0.0065698	0.0651286	1.45589
1399434628806736448	0.0141421	0.0618238	1.45923
1399434628822744018	0.0173392	0.0566816	1.46121
1399434628839724458	0.0155951	0.0517684	1.46178
1399434628913656733	0.0117353	0.0473537	1.46112
1399434628929624234	0.00742752	0.0433487	1.45958
1399434628998656181	0.00379387	0.0398489	1.45791
1399434629017671055	0.00309981	0.0377138	1.45604
1399434629033660619	0.00576461	0.0374645	1.45338
1399434629049631225	0.00990765	0.038089	1.45019
1399434629126572310	0.0117554	0.0365704	1.44666
1399434629166579594	0.0114271	0.0308213	1.44288
1399434629236555447	0.0101772	0.0212743	1.43938
1399434629253593022	0.00824007	0.0107654	1.43636
1399434629269615149	0.00600397	0.00259136	1.43402
1399434629344488786	0.00370361	-0.00093656	1.43188
1399434629360461197	0.00160397	-0.000152271	1.42946
1399434629460428835	0.00149484	0.0013552	1.42656
1399434629476500954	0.001212	0.000336567	1.42376
1399434629546395869	-0.00314735	-0.00305984	1.42145
1399434629562354389	-0.00979672	-0.00668278	1.41937
1399434629579351378	-0.0160093	-0.00952935	1.41773
1399434629677332167	-0.0216191	-0.0126091	1.41637
1399434629697339364	-0.0281773	-0.016744	1.41522
1399434629768366873	-0.0360789	-0.0201962	1.4148
1399434629785165933	-0.0428075	-0.0214886	1.41473
1399434629801282047	-0.0467309	-0.0194918	1.41502
1399434629878157007	-0.0469774	-0.0141505	1.41549
1399434630080133925	-0.0490014	-0.00137138	1.42106
1399434630097108828	-0.0514493	-8.584e-05	1.42238
1399434630192048550	-0.0542185	0.00272119	1.42306
1399434630209077508	-0.055091	0.00851512	1.423
1399434630224980461	-0.0519927	0.016463	1.42171
1399434630298001682	-0.0463167	0.0232325	1.41965
1399434630313941225	-0.0412965	0.0274085	1.41711
1399434630330938976	-0.0394262	0.028998	1.41438
1399434630427914175	-0.0401367	0.028884	1.41179
1399434630443939792	-0.0422169	0.0293162	1.4098
1399434630515842340	-0.0433555	0.0312772	1.4085
1399434630531854728	-0.0433596	0.0346619	1.40761
1399434630548833823	-0.0441848	0.0384477	1.40683
1399434630629859802	-0.0503823	0.0370059	1.40548
1399434630645818836	-0.0545211	0.0305169	1.40539
1399434630723849316	-0.0556061	0.0220719	1.4061
1399434630743785480	-0.0543825	0.0147288	1.40764
1399434630759795970	-0.052488	0.0120058	1.40952
1399434630855687143	-0.0516281	0.0132949	1.41148
1399434630871680889	-0.0523384	0.016682	1.41358
1399434630941698976	-0.0535906	0.0200915	1.41608
1399434630958640893	-0.0527109	0.0216668	1.41858
1399434630974668359	-0.0485905	0.0213154	1.42132
1399434631075645759	-0.0407173	0.0193003	1.42397
1399434631146682582	-0.0298244	0.0140611	1.42592
1399434631162562044	-0.0203621	0.00839191	1.42687
1399434631179515675	-0.0159091	0.00580636	1.42739
1399434631253625183	-0.0154903	0.00568032	1.42743
1399434631270560126	-0.0153209	0.00581164	1.42706
1399434631364571288	-0.0152199	0.00646098	1.42689
1399434631381594348	-0.016628	0.00742748	1.42683
1399434631398614789	-0.0206441	0.0080019	1.42656
1399434631472571877	-0.0271564	0.00869797	1.42611
1399434631489481022	-0.0329464	0.0106111	1.42588
1399434631583525113	-0.0344119	0.0126503	1.42633
1399434631600577621	-0.032214	0.0156551	1.42709
1399434631616480426	-0.0265308	0.0196482	1.428
1399434631691518816	-0.019923	0.0226584	1.42903
1399434631708387792	-0.017132	0.0239671	1.43041
1399434631724390775	-0.0183326	0.0257659	1.43204
1399434631824324468	-0.0201113	0.0292576	1.43433
1399434631899270804	-0.0203264	0.0346215	1.43723
1399434631915385139	-0.0187313	0.0409339	1.44069
1399434631932427338	-0.0176444	0.0475588	1.4444
1399434632007274292	-0.0186534	0.0517928	1.44765
1399434632047225792	-0.0221436	0.0509009	1.45065
1399434632118205908	-0.0261211	0.0466341	1.45285
1399434632135195218	-0.0295075	0.042952	1.45404
1399434632151131921	-0.0329292	0.0440976	1.45461
1399434632224147434	-0.0362799	0.0501882	1.45449
1399434632240159078	-0.0395813	0.0568367	1.45379
1399434632342203601	-0.0436666	0.0600158	1.45262
1399434632358972430	-0.047456	0.058458	1.45085
1399434632426941099	-0.0507763	0.0525644	1.44686
1399434632444020966	-0.0534875	0.0467785	1.44166
1399434632538977460	-0.053408	0.0388824	1.43682
1399434632554903823	-0.0489549	0.0278148	1.4333
1399434632572153623	-0.0398609	0.0173501	1.42981
1399434632647200220	-0.0314526	0.00992968	1.42727
1399434632686968242	-0.0264009	0.00274169	1.42644
1399434632759880091	-0.0236859	-0.00714493	1.42643
1399434632779801676	-0.0207516	-0.0174576	1.42755
1399434632820836531	-0.0163647	-0.0231397	1.42998
1399434632875811458	-0.0153029	-0.0235457	1.43714
1399434632892910021	-0.0242495	-0.0176235	1.44094
1399434632969935161	-0.0337988	-0.00943721	1.4446
1399434633009728937	-0.0344413	0.000747683	1.44747
1399434633079709309	-0.0298531	0.0132658	1.45029
1399434633096699507	-0.0291511	0.0255139	1.45233
1399434633112698338	-0.0315868	0.0359673	1.45376
1399434633212616792	-0.029162	0.0429553	1.4557
1399434633282786803	-0.0207384	0.048552	1.45882
1399434633302048518	-0.0156537	0.0550325	1.4629
1399434633318642796	-0.0163196	0.0585614	1.46682
1399434633413608603	-0.0169967	0.0566666	1.47028
1399434633429671623	-0.0137657	0.0495232	1.47312
1399434633504552754	-0.011013	0.0423096	1.47492
1399434633523663874	-0.0126553	0.043079	1.47488
1399434633589633593	-0.0136897	0.0469939	1.47263
1399434633676594749	0.00131463	0.0389147	1.46101
1399434633693528947	0.000676134	0.0347745	1.45422
1399434633740493745	-0.00763455	0.0336865	1.44794
1399434633822566751	-0.0162482	0.0349752	1.44243
1399434633873506674	-0.0162201	0.0369325	1.43819
1399434633929560848	-0.0144417	0.0316943	1.43552
1399434634047432951	-0.0211396	0.0171613	1.4338
1399434634063419778	-0.0319671	0.0012447	1.43223
1399434634141388837	-0.0402508	-0.0103645	1.43208
1399434634157364419	-0.0423804	-0.0151093	1.43371
1399434634266277808	-0.0390671	-0.0166194	1.4369
1399434634298393525	-0.0399605	-0.0207535	1.4419
1399434634333177284	-0.041298	-0.0230364	1.4471
1399434634463184354	-0.0371955	-0.0191182	1.45147
1399434634562037724	-0.0291586	-0.0109766	1.45438
1399434634579104747	-0.0225576	-0.000453061	1.45428
1399434634595136937	-0.0192148	0.00955107	1.4521
1399434634673140268	-0.0146957	0.0175163	1.44756
1399434634770077426	-0.0111853	0.0240514	1.44174
1399434634787008800	-0.0144342	0.0308253	1.43533
1399434634830256741	-0.0205512	0.0381133	1.42812
1399434634886992269	-0.0212332	0.0436704	1.41979
1399434635112866747	-0.0122498	0.00380573	1.3866
1399434635227816802	-0.0234326	-0.00482396	1.38018
1399434635263731815	-0.0334319	-0.0130218	1.3754
1399434635298765654	-0.0348749	-0.0213029	1.37221
1399434635415845064	-0.0280877	-0.0268066	1.36982
1399434638426755144	-0.0163362	-0.0262815	1.36812
1399434638426823980	-0.0100116	0.0201936	1.36676
1399434638426860479	-0.0295234	0.0503631	1.36169
1399434638426892789	-0.0407176	0.0624426	1.36054
1399434638426933094	-0.0425347	0.0385801	1.36166
1399434638426965177	-0.0328177	0.00998364	1.36291
1399434638426996965	-0.0197605	-0.025091	1.36382
1399434638427028346	-0.00552913	-0.0652377	1.3641
1399434638427060245	0.009771	-0.109997	1.36418
1399434638427130571	0.00210039	-0.0896937	1.36253
1399434638427197827	-0.0143972	0.0430775	1.35519
1399434638427242004	-0.0146083	0.0526433	1.35038
1399434638427270288	-0.0139784	0.0492525	1.35257
1399434638427288229	-0.0119171	0.0296226	1.35016
1399434638427304612	-0.0123214	0.0333088	1.34752
1399434638427326001	-0.0138188	0.0353005	1.34259
1399434638427343151	-0.0135284	0.0345713	1.33988
1399434638427361242	-0.0138507	0.0359801	1.33773
1399434638427379888	-0.0141813	0.0356705	1.33497
1399434638427403156	-0.0138536	0.0353956	1.33039
1399434638427422550	-0.0139998	0.035209	1.32807
1399434638427443223	-0.0141396	0.0349654	1.32577
1399434638427461627	-0.014367	0.035121	1.3232
1399434638427480636	-0.0143699	0.0352643	1.32104
1399434638427503592	-0.0144764	0.0351577	1.31845
1399434638427525723	-0.0147052	0.0352106	1.31634
1399434638427543233	-0.0147426	0.0352978	1.31407
1399434638427566249	-0.0149877	0.0352264	1.3094
1399434638427580526	-0.0150924	0.0352159	1.30678
1399434638427599197	-0.0152498	0.0352086	1.30476
1399434638427617204	-0.0152924	0.0352039	1.30233
1399434638427636099	-0.0155529	0.0351944	1.30015
1399434638427653166	-0.0155659	0.0352246	1.29769
1399434638427671066	-0.0158732	0.0352359	1.29563
1399434638427692563	-0.015821	0.0352149	1.29311
1399434638427709552	-0.0160529	0.035255	1.29126
1399434638427726283	-0.0160845	0.0351991	1.2887
1399434638427744513	-0.01613	0.0352164	1.28658
1399434638427760748	-0.0164436	0.0352585	1.28431
1399434638427781072	-0.0164389	0.0352172	1.28192
1399434638427797167	-0.0165922	0.0351753	1.27995
1399434638427812973	-0.0167742	0.0351837	1.27744
1399434638427828794	-0.0167971	0.0351201	1.27529
1399434638427844601	-0.0169716	0.0350455	1.27307
1399434638427860688	-0.0170877	0.0350038	1.27075
1399434638427883232	-0.0171538	0.034989	1.2687
1399434638427899282	-0.0172694	0.0349396	1.26624
1399434638427915418	-0.0173957	0.0348598	1.26407
1399434638427931435	-0.0180123	0.0350922	1.25242
1399434638427947631	-0.019076	0.0355604	1.23297
1399434638427959735	-0.0200146	0.0359138	1.21574
1399434638427975763	-0.0209624	0.0355948	1.19625
1399434638427992084	-0.0217502	0.0352195	1.17902
1399434638428007975	-0.0225604	0.0348186	1.16161
1399434638428023984	-0.0233502	0.0344333	1.14428
1399434638428039608	-0.0240471	0.0339357	1.12895
1399434638428059745	-0.0246697	0.0335441	1.11155
1399434638428075713	-0.0251671	0.0330495	1.09617
1399434638428091746	-0.0257052	0.0325789	1.08076
1399434638428117728	-0.0262264	0.0321099	1.06536
1399434638428134557	-0.0266582	0.0315653	1.05185
1399434638428154754	-0.0270796	0.0311214	1.03639
1399434638428170879	-0.0273834	0.0306369	1.02273
1399434638428186621	-0.0276845	0.0301798	1.00915
1399434638428202188	-0.027953	0.029704	0.995678
1399434638428217937	-0.0281428	0.0291769	0.983854
1399434638428233663	-0.0283753	0.0287554	0.970409
1399434638428253463	-0.0286442	0.0278238	0.946785
1399434638428269676	-0.0287639	0.0273359	0.934953
