#Time	 SERVO_1	 SERVO_2	 SERVO_3	 SERVO_4
1399434562441036127	1175	1175	1175	1175
1399434562497063199	1175	1175	1175	1175
1399434562513936759	1175	1175	1175	1175
1399434562533891638	1175	1175	1175	1175
1399434562552895756	1175	1175	1175	1175
1399434562602913550	1175	1175	1175	1175
1399434562721923966	1175	1175	1175	1175
1399434562737836201	1175	1175	1175	1175
1399434562764783878	1175	1175	1175	1175
1399434562805263897	1175	1175	1175	1175
1399434562840635099	1175	1175	1175	1175
1399434562946586205	1175	1175	1175	1175
1399434562980621436	1175	1175	1175	1175
1399434563002676145	1175	1175	1175	1175
1399434563065511303	1175	1175	1175	1175
1399434563119650931	1175	1175	1175	1175
1399434563139518800	1175	1175	1175	1175
1399434563156457015	1175	1175	1175	1175
1399434563222492986	1175	1175	1175	1175
1399434563240444986	1175	1175	1175	1175
1399434563270401950	1175	1175	1175	1175
1399434563383346674	1175	1175	1175	1175
1399434563400351139	1175	1175	1175	1175
1399434563419325964	1175	1175	1175	1175
1399434563446272540	1175	1175	1175	1175
1399434563842111001	1175	1175	1175	1175
1399434563904102083	1175	1175	1175	1175
1399434564061044194	1175	1175	1175	1175
1399434564079041419	1175	1175	1175	1175
1399434564367002682	1175	1175	1175	1175
1399434564456935935	1175	1175	1175	1175
1399434564473913802	1175	1175	1175	1175
1399434564653931671	1175	1175	1175	1175
1399434564744919585	1175	1175	1175	1175
1399434564762830727	1175	1175	1175	1175
1399434564910724897	1175	1175	1175	1175
1399434564996711459	1175	1175	1175	1175
1399434565059776145	1175	1175	1175	1175
1399434565075629571	1175	1175	1175	1175
1399434565124760373	1175	1175	1175	1175
1399434565140617192	1175	1175	1175	1175
1399434565353503928	1175	1175	1175	1175
1399434565380462465	1175	1175	1175	1175
1399434565401451695	1175	1175	1175	1175
1399434565441474853	1175	1175	1175	1175
1399434565534434585	1175	1175	1175	1175
1399434565553427258	1175	1175	1175	1175
1399434565628349448	1175	1175	1175	1175
1399434565690333902	1175	1175	1175	1175
1399434565707289307	1175	1175	1175	1175
1399434565791355789	1175	1175	1175	1175
1399434565831284166	1175	1175	1175	1175
1399434565912238050	1175	1175	1175	1175
1399434565997247497	1175	1175	1175	1175
1399434566014312654	1175	1175	1175	1175
1399434566046195749	1175	1175	1175	1175
1399434566359365393	1175	1175	1175	1175
1399434566421252506	1175	1175	1175	1175
1399434566465101062	1175	1175	1175	1175
1399434566526928867	1175	1175	1175	1175
1399434566559155197	1175	1175	1175	1175
1399434566646019330	1175	1175	1175	1175
1399434566662067310	1175	1175	1175	1175
1399434566678988611	1175	1175	1175	1175
1399434566743809608	1175	1175	1175	1175
1399434566761029541	1175	1175	1175	1175
1399434566896865037	1175	1175	1175	1175
1399434566916852644	1175	1175	1175	1175
1399434566933874534	1175	1175	1175	1175
1399434566992885281	1175	1175	1175	1175
1399434567066832392	1175	1175	1175	1175
1399434567085784816	1175	1175	1175	1175
1399434567120796218	1175	1175	1175	1175
1399434567263666446	1175	1175	1175	1175
1399434567279697140	1175	1175	1175	1175
1399434567373688172	1175	1175	1175	1175
1399434567402763942	1175	1175	1175	1175
1399434567432656346	1175	1175	1175	1175
1399434567448941375	1175	1175	1175	1175
1399434567517453353	1175	1175	1175	1175
1399434567579391195	1175	1175	1175	1175
1399434567595436634	1175	1175	1175	1175
1399434567612479859	1175	1175	1175	1175
1399434567636829791	1175	1175	1175	1175
1399434567727340283	1175	1175	1175	1175
1399434567975267820	1175	1175	1175	1175
1399434568001240871	1175	1175	1175	1175
1399434568040220829	1175	1175	1175	1175
1399434568121289289	1175	1175	1175	1175
1399434568184202857	1175	1175	1175	1175
1399434568218303432	1175	1175	1175	1175
1399434568251137974	1175	1175	1175	1175
1399434568313183016	1175	1175	1175	1175
1399434568330252175	1175	1175	1175	1175
1399434568442056080	1175	1175	1175	1175
1399434568470016399	1175	1175	1175	1175
1399434568493016117	1175	1175	1175	1175
1399434568533056593	1175	1175	1175	1175
1399434568654940370	1175	1175	1175	1175
1399434568670908139	1175	1175	1175	1175
1399434568694861450	1175	1175	1175	1175
1399434568785852651	1175	1175	1175	1175
1399434568845904641	1175	1175	1175	1175
1399434568861792675	1175	1175	1175	1175
1399434568885825710	1175	1175	1175	1175
1399434569042769037	1175	1175	1175	1175
1399434569084762376	1175	1175	1175	1175
1399434569101685650	1175	1175	1175	1175
1399434569119672457	1175	1175	1175	1175
1399434569259684130	1175	1175	1175	1175
1399434569300622400	1175	1175	1175	1175
1399434569329580312	1175	1175	1175	1175
1399434569345597773	1175	1175	1175	1175
1399434569355630549	1175	1175	1175	1175
1399434569581519647	1175	1175	1175	1175
1399434569597498963	1175	1175	1175	1175
1399434569614443575	1175	1175	1175	1175
1399434569630473107	1175	1175	1175	1175
1399434569653476521	1175	1175	1175	1175
1399434569711492837	1175	1175	1175	1175
1399434569744424287	1175	1175	1175	1175
1399434569780393504	1175	1175	1175	1175
1399434569805351563	1175	1175	1175	1175
1399434569886379113	1175	1175	1175	1175
1399434569902397775	1175	1175	1175	1175
1399434569948406467	1175	1175	1175	1175
1399434569964304417	1175	1175	1175	1175
1399434569989304453	1175	1175	1175	1175
1399434570040294188	1175	1175	1175	1175
1399434570157283136	1175	1175	1175	1175
1399434570177193530	1175	1175	1175	1175
1399434570256180482	1175	1175	1175	1175
1399434570290139427	1175	1175	1175	1175
1399434570314120446	1175	1175	1175	1175
1399434570331264315	1450	1469	1466	1453
1399434570433115459	1449	1468	1467	1454
1399434570453147657	1448	1467	1468	1455
1399434570525998304	1449	1466	1467	1457
1399434570543041104	1448	1467	1467	1457
1399434570559027055	1447	1472	1464	1455
1399434570659154480	1444	1473	1466	1455
1399434570675159373	1446	1465	1468	1460
1399434570736021120	1444	1471	1469	1454
1399434570752214332	1444	1469	1470	1455
1399434570768979563	1444	1469	1472	1453
1399434570842014686	1445	1470	1468	1455
1399434570885050902	1447	1466	1467	1459
1399434570954920410	1443	1474	1466	1455
1399434570970975179	1492	1509	1515	1500
1399434570986949459	1492	1511	1508	1504
1399434571060981711	1487	1513	1517	1504
1399434571172859637	1500	1504	1504	1513
1399434571188828652	1519	1481	1494	1527
1399434571204893445	1514	1488	1497	1522
1399434571279769878	1516	1490	1484	1531
1399434571295770868	1502	1491	1496	1527
1399434571392868918	1487	1506	1517	1506
1399434571409717206	1498	1498	1508	1508
1399434571480686344	1496	1502	1509	1505
1399434571500751609	1492	1507	1499	1514
1399434571519624578	1510	1485	1464	1538
1399434571618665883	1497	1497	1479	1527
1399434571634578963	1503	1484	1497	1511
1399434571706553917	1506	1483	1504	1502
1399434571722626991	1488	1503	1513	1491
1399434571739565287	1487	1506	1496	1498
1399434571812670467	1477	1517	1495	1499
1399434571906642466	1490	1507	1486	1503
1399434571924222206	1501	1495	1469	1505
1399434571939582030	1497	1497	1477	1496
1399434572013404591	1490	1499	1496	1481
1399434572029415491	1487	1498	1496	1481
1399434572133600157	1490	1490	1483	1498
1399434572149038090	1483	1494	1481	1504
1399434572165392789	1476	1499	1494	1498
1399434572233340513	1480	1497	1486	1503
1399434572250349564	1478	1503	1501	1492
1399434572266420830	1495	1488	1496	1496
1399434572364421695	1504	1481	1483	1506
1399434572382229793	1489	1498	1494	1498
1399434572452420832	1494	1494	1488	1503
1399434572468386933	1484	1509	1500	1502
1399434572485475750	1490	1501	1495	1509
1399434572578274035	1503	1486	1487	1519
1399434572595163061	1500	1496	1500	1508
1399434572674276736	1505	1490	1508	1504
1399434572691779919	1498	1498	1506	1506
1399434572768094419	1501	1497	1501	1509
1399434572809060042	1498	1502	1504	1508
1399434572844101547	1506	1491	1502	1517
1399434572860161495	1509	1490	1490	1526
1399434572880178813	1503	1497	1492	1528
1399434572897137904	1492	1507	1501	1520
1399434572994159680	1499	1501	1506	1515
1399434573010053476	1514	1495	1504	1521
1399434573082121565	1503	1503	1514	1514
1399434573098067008	1505	1505	1507	1516
1399434573114991795	1498	1513	1497	1526
1399434573156117392	1503	1511	1498	1521
1399434573201109773	1532	1484	1496	1521
1399434573218050318	1517	1500	1508	1508
1399434573233916306	1515	1515	1499	1518
1399434573304844510	1499	1531	1491	1517
1399434573320765459	1496	1535	1501	1505
1399434573415906603	1506	1529	1492	1509
1399434573432849721	1522	1511	1497	1507
1399434573448842540	1519	1510	1499	1509
1399434573517883167	1515	1515	1504	1504
1399434573534851738	1513	1513	1508	1504
1399434573553952602	1509	1514	1505	1509
1399434573654861612	1503	1528	1509	1505
1399434573725783491	1515	1515	1507	1509
1399434573741695000	1515	1513	1505	1514
1399434573758735108	1505	1522	1508	1510
1399434573831758989	1515	1515	1501	1516
1399434573874762146	1508	1517	1510	1510
1399434573945546354	1516	1509	1510	1510
1399434573961614851	1513	1517	1504	1513
1399434573978659355	1514	1518	1497	1518
1399434574052665075	1519	1515	1481	1531
1399434574068709906	1513	1521	1496	1521
1399434574166477203	1508	1523	1507	1507
1399434574182362122	1507	1526	1516	1497
1399434574199363734	1519	1517	1517	1498
1399434574271997867	1518	1520	1502	1510
1399434574286490516	1519	1523	1484	1524
1399434574385368583	1518	1522	1485	1525
1399434574402065927	1518	1516	1494	1523
1399434574472534361	1524	1507	1501	1518
1399434574489469583	1523	1504	1509	1509
1399434574506733379	1515	1510	1514	1507
1399434574578398914	1513	1513	1509	1516
1399434574620399695	1503	1518	1503	1514
1399434574691211304	1508	1513	1499	1518
1399434574713158594	1508	1517	1506	1515
1399434574730191965	1511	1511	1511	1511
1399434574770254860	1525	1494	1508	1510
1399434574810121268	1524	1499	1507	1516
1399434574827108362	1513	1510	1510	1513
1399434574901339077	1511	1507	1498	1517
1399434574918237422	1497	1520	1504	1513
1399434574934141693	1483	1533	1509	1507
1399434575008192637	1502	1521	1507	1516
1399434575050127195	1505	1518	1511	1511
1399434575119110910	1506	1523	1511	1514
1399434575135985622	1503	1528	1502	1521
1399434575153561797	1502	1531	1501	1520
1399434575227125993	1507	1531	1496	1521
1399434575268097589	1505	1537	1492	1518
1399434575338459099	1522	1526	1490	1516
1399434575354988790	1516	1537	1507	1492
1399434575370985213	1533	1525	1499	1497
1399434575444931477	1540	1518	1488	1505
1399434575461806554	1539	1526	1482	1505
1399434575557962737	1535	1528	1482	1507
1399434575575260528	1528	1537	1486	1501
1399434575645961321	1531	1533	1494	1496
1399434575661834761	1531	1531	1495	1497
1399434575678874883	1533	1533	1490	1497
1399434575747790927	1531	1536	1489	1496
1399434575765830431	1531	1539	1484	1499
1399434575782719272	1534	1537	1488	1492
1399434575798774584	1535	1536	1490	1490
1399434575873810395	1537	1539	1488	1486
1399434575889792271	1539	1540	1483	1491
1399434575987739720	1532	1547	1474	1500
1399434576003635436	1532	1545	1466	1510
1399434576074698611	1527	1548	1473	1505
1399434576091603255	1532	1544	1483	1496
1399434576107640923	1538	1533	1502	1483
1399434576207543973	1546	1521	1507	1480
1399434576223549526	1540	1524	1490	1501
1399434576293599475	1538	1521	1484	1514
1399434576310444407	1523	1536	1489	1508
1399434576373487982	1527	1535	1491	1500
1399434576391985071	1529	1535	1492	1497
1399434576420581107	1539	1528	1485	1500
1399434576520378564	1541	1527	1487	1496
1399434576539389167	1533	1540	1482	1497
1399434576579322333	1535	1535	1472	1508
1399434576595313804	1535	1538	1461	1518
1399434576638220833	1534	1540	1476	1501
1399434576713200502	1532	1544	1487	1487
1399434576730161431	1538	1541	1496	1474
1399434576772239851	1540	1541	1487	1485
1399434576937214873	1538	1546	1476	1492
1399434576953251416	1545	1542	1469	1495
1399434576970111916	1543	1548	1486	1486
1399434577026023645	1546	1538	1490	1490
1399434577169250647	1547	1534	1482	1499
1399434577186035820	1542	1539	1481	1500
1399434577256034415	1541	1543	1486	1495
1399434577272069932	1542	1545	1488	1488
1399434577342972120	1548	1543	1479	1494
1399434577458972282	1564	1527	1471	1503
1399434577477944536	1564	1529	1473	1499
1399434577562973153	1553	1544	1480	1497
1399434577606164484	1549	1549	1485	1491
1399434577675910042	1559	1540	1484	1499
1399434577691847183	1553	1545	1482	1501
1399434577708807139	1554	1543	1480	1505
1399434577808758154	1547	1552	1484	1499
1399434577825718787	1539	1558	1483	1502
1399434577896800937	1542	1557	1494	1494
1399434577912759779	1546	1549	1495	1497
1399434577929765590	1544	1549	1491	1500
1399434578002718928	1539	1552	1495	1499
1399434578097733787	1531	1556	1491	1506
1399434578114709936	1521	1556	1495	1514
1399434578130792296	1531	1545	1502	1510
1399434578171762399	1531	1535	1517	1504
1399434578187636557	1526	1526	1531	1505
1399434578231659342	1540	1501	1520	1524
1399434578248664850	1540	1499	1510	1535
1399434578318636083	1527	1506	1520	1534
1399434578335727006	1513	1513	1531	1531
1399434578351622039	1474	1533	1549	1525
1399434578430490529	1506	1500	1540	1537
1399434578501539739	1524	1484	1531	1544
1399434578518524264	1516	1490	1535	1542
1399434578542466871	1508	1508	1514	1549
1399434578633427462	1513	1508	1517	1543
1399434578675453236	1514	1509	1528	1532
1399434578751285692	1531	1501	1516	1539
1399434578768306500	1529	1504	1513	1540
1399434578846390157	1527	1513	1510	1540
1399434578863341762	1521	1519	1519	1533
1399434578930384211	1534	1509	1502	1540
1399434578947362442	1537	1509	1505	1537
1399434578973338371	1540	1511	1492	1542
1399434579066180845	1527	1533	1494	1536
1399434579107109869	1524	1539	1498	1529
1399434579178140763	1546	1523	1489	1529
1399434579194180238	1542	1528	1517	1502
1399434579211168771	1549	1523	1508	1506
1399434579252190864	1546	1531	1507	1503
1399434579276708748	1543	1536	1500	1508
1399434579315102536	1539	1539	1496	1510
1399434579391134718	1539	1539	1499	1507
1399434579407969876	1544	1532	1504	1504
1399434579486960691	1548	1523	1510	1506
1399434579503037163	1546	1523	1513	1506
1399434579603009319	1537	1532	1514	1507
1399434579620317569	1534	1534	1495	1528
1399434579636796929	1535	1531	1487	1536
1399434579704885104	1538	1525	1501	1531
1399434579721834518	1531	1531	1515	1519
1399434579737867367	1538	1527	1510	1523
1399434579806879815	1532	1535	1516	1516
1399434579823860559	1549	1510	1502	1533
1399434579912781310	1550	1499	1494	1548
1399434579929735601	1536	1513	1499	1547
1399434580029788534	1516	1528	1527	1540
1399434580046865077	1523	1515	1521	1549
1399434580062798056	1539	1492	1515	1558
1399434580133377842	1544	1484	1509	1563
1399434580148850634	1534	1495	1511	1563
1399434580165717135	1506	1510	1508	1576
1399434580267212256	1489	1519	1521	1572
1399434580283751184	1487	1519	1539	1558
1399434580340613873	1499	1501	1529	1572
1399434580357657472	1504	1491	1533	1572
1399434580373669904	1513	1487	1522	1578
1399434580474497280	1513	1485	1518	1583
1399434580493537356	1506	1491	1532	1571
1399434580532580647	1513	1483	1537	1568
1399434580548567742	1506	1489	1547	1558
1399434580577517267	1499	1499	1542	1562
1399434580778500983	1514	1505	1539	1549
1399434580795428004	1509	1511	1539	1547
1399434580811374903	1495	1532	1537	1540
1399434580910510450	1498	1538	1531	1541
1399434580982545796	1517	1523	1524	1545
1399434580997377024	1526	1526	1533	1527
1399434581014281688	1535	1521	1518	1537
1399434581087302285	1531	1532	1523	1519
1399434581103233904	1533	1533	1515	1515
1399434581199146019	1542	1520	1498	1529
1399434581216163729	1552	1511	1517	1506
1399434581232157102	1552	1509	1499	1526
1399434581307243338	1545	1514	1494	1535
1399434581324053611	1538	1519	1507	1526
1399434581419959712	1536	1517	1508	1529
1399434581437181899	1532	1518	1516	1526
1399434581453779956	1540	1513	1557	1473
1399434581524914752	1533	1519	1529	1510
1399434581546922275	1523	1527	1507	1534
1399434581585982555	1529	1513	1505	1535
1399434581643891561	1540	1502	1502	1540
1399434581660995393	1531	1518	1500	1535
1399434581734931308	1526	1531	1492	1534
1399434581750955714	1522	1540	1491	1527
1399434581846803546	1531	1542	1496	1513
1399434581862882513	1540	1540	1464	1535
1399434581878865374	1540	1547	1455	1536
1399434581947802419	1541	1548	1482	1509
1399434581963851527	1541	1553	1472	1517
1399434581980796396	1540	1554	1502	1487
1399434582081858605	1539	1557	1505	1482
1399434582098736752	1535	1566	1474	1506
1399434582166634260	1547	1550	1490	1495
1399434582182730753	1551	1551	1476	1511
1399434582199688650	1544	1557	1484	1501
1399434582296679023	1544	1559	1498	1483
1399434582366748110	1533	1576	1495	1480
1399434582383638420	1540	1570	1487	1485
1399434582399736909	1553	1561	1484	1484
1399434582472590256	1553	1562	1491	1474
1399434582489554312	1558	1558	1483	1483
1399434582589514690	1553	1560	1482	1486
1399434582609500944	1558	1555	1476	1492
1399434582625474042	1567	1549	1467	1499
1399434582698428303	1565	1550	1494	1477
1399434582714417926	1560	1557	1482	1490
1399434582812362026	1557	1560	1476	1497
1399434582828381729	1561	1553	1492	1492
1399434582899355431	1568	1540	1487	1500
1399434582916346173	1573	1531	1499	1499
1399434582932288023	1553	1547	1491	1510
1399434582972245610	1540	1555	1492	1516
1399434583030348717	1567	1519	1517	1517
1399434583047253915	1551	1531	1499	1540
1399434583121314484	1567	1503	1498	1551
1399434583137242472	1548	1523	1504	1549
1399434583234189139	1534	1534	1513	1548
1399434583251362491	1525	1538	1515	1549
1399434583267120369	1531	1527	1524	1547
1399434583339081158	1567	1461	1514	1568
1399434583355060235	1531	1504	1519	1566
1399434583372296285	1501	1535	1528	1557
1399434583440086107	1489	1533	1518	1570
1399434583456092086	1488	1537	1532	1558
1399434583473046118	1495	1532	1517	1567
1399434583551053924	1514	1514	1523	1556
1399434583571057247	1526	1507	1536	1540
1399434583667018125	1520	1516	1531	1543
1399434583683036938	1526	1516	1531	1538
1399434583754891249	1536	1506	1533	1535
1399434583771970644	1504	1536	1515	1541
1399434583788425363	1526	1518	1527	1529
1399434583859882109	1520	1520	1518	1534
1399434583902072960	1531	1511	1528	1522
1399434583973884789	1543	1500	1524	1522
1399434583989855575	1525	1523	1516	1524
1399434584006807525	1528	1528	1499	1532
1399434584081814751	1535	1527	1486	1537
1399434584121801904	1538	1531	1488	1532
1399434584192735998	1550	1518	1479	1538
1399434584209740701	1556	1519	1490	1520
1399434584225726470	1561	1521	1481	1525
1399434584299709624	1558	1531	1471	1528
1399434584316747071	1574	1519	1487	1504
1399434584383699533	1561	1538	1477	1510
1399434584402728115	1552	1549	1478	1507
1399434584420307698	1558	1541	1484	1503
1399434584435693147	1557	1542	1480	1507
1399434584509847016	1585	1510	1484	1505
1399434584550706083	1571	1520	1489	1508
1399434584620648851	1561	1529	1497	1505
1399434584642546056	1563	1522	1497	1509
1399434584715509242	1558	1526	1477	1531
1399434584731549464	1557	1524	1468	1541
1399434584748475298	1584	1487	1460	1556
1399434584847443142	1552	1526	1486	1537
1399434584864408683	1539	1539	1504	1523
1399434584935444779	1538	1538	1518	1516
1399434584951482737	1537	1537	1518	1518
1399434584968393770	1553	1519	1489	1543
1399434585066362374	1563	1503	1481	1551
1399434585083332284	1552	1518	1499	1537
1399434585170296124	1533	1535	1531	1513
1399434585187336792	1533	1533	1513	1536
1399434585261312425	1541	1519	1503	1547
1399434585355290116	1555	1501	1492	1555
1399434585373640287	1546	1513	1504	1553
1399434585389231034	1543	1515	1519	1540
1399434585463350682	1539	1524	1528	1528
1399434585480285902	1535	1531	1535	1523
1399434585581173010	1552	1514	1523	1531
1399434585597143378	1545	1524	1515	1533
1399434585614145995	1549	1521	1509	1539
1399434585682240718	1549	1519	1504	1544
1399434585702199524	1535	1533	1514	1537
1399434585721213893	1540	1520	1519	1535
1399434585820097839	1549	1507	1524	1532
1399434585852225613	1550	1507	1523	1531
1399434585869012930	1552	1511	1501	1544
1399434585889021617	1558	1510	1496	1543
1399434585905902761	1552	1524	1503	1532
1399434586008836405	1544	1536	1508	1523
1399434586024906848	1547	1537	1497	1526
1399434586041815818	1545	1539	1497	1526
1399434586110853234	1554	1531	1503	1518
1399434586127854215	1556	1527	1508	1515
1399434586228866149	1554	1523	1506	1510
1399434586245916254	1543	1533	1492	1528
1399434586317771494	1544	1527	1472	1548
1399434586333740647	1534	1534	1483	1544
1399434586429716018	1534	1531	1492	1540
1399434586446673530	1534	1531	1516	1520
1399434586462695492	1535	1531	1510	1531
1399434586503680028	1531	1532	1509	1539
1399434586550702810	1536	1519	1518	1537
1399434586567648451	1524	1528	1518	1540
1399434586638660995	1520	1528	1517	1544
1399434586655793910	1516	1532	1514	1547
1399434586751634412	1531	1516	1510	1551
1399434586767609190	1528	1514	1520	1547
1399434586784622264	1520	1514	1536	1540
1399434586810571775	1521	1515	1520	1549
1399434586881653206	1531	1510	1495	1563
1399434587023494824	1535	1511	1498	1556
1399434587040485222	1535	1521	1518	1537
1399434587069414120	1534	1524	1510	1538
1399434587185442054	1538	1523	1501	1542
1399434587201429430	1553	1509	1508	1531
1399434587232454388	1545	1516	1510	1525
1399434587377365296	1542	1520	1505	1531
1399434587419305966	1552	1509	1499	1534
1399434587496232867	1542	1522	1498	1535
1399434587512189971	1541	1521	1498	1536
1399434587588251354	1536	1523	1497	1540
1399434587630101682	1534	1520	1496	1543
1399434587703102722	1531	1526	1500	1541
1399434587720144992	1524	1528	1504	1541
1399434587736220164	1533	1515	1504	1544
1399434587809989444	1543	1491	1515	1544
1399434587851144637	1532	1505	1515	1544
1399434587921085155	1529	1506	1518	1544
1399434587938034465	1531	1506	1523	1548
1399434587954050116	1532	1507	1523	1546
1399434587991995692	1531	1503	1525	1546
1399434588008989220	1535	1499	1518	1550
1399434588053950404	1536	1504	1507	1553
1399434588114969857	1540	1502	1510	1549
1399434588194906390	1542	1499	1513	1548
1399434588211870052	1541	1500	1519	1543
1399434588230928739	1547	1492	1520	1542
1399434588271851393	1547	1495	1515	1544
1399434588342889296	1542	1503	1513	1544
1399434588359879540	1532	1518	1513	1543
1399434588375770684	1532	1524	1514	1540
1399434588449776191	1531	1531	1505	1542
1399434588471797558	1536	1527	1502	1543
1399434588535748889	1541	1525	1498	1543
1399434588568719665	1551	1519	1509	1528
1399434588584661511	1552	1526	1505	1524
1399434588665668274	1548	1531	1500	1529
1399434588783655706	1544	1533	1504	1527
1399434588799712434	1538	1538	1509	1524
1399434588874060320	1544	1531	1505	1531
1399434588890877406	1541	1531	1499	1537
1399434588993509822	1529	1541	1503	1535
1399434589009632438	1526	1539	1514	1532
1399434589081552520	1527	1535	1525	1525
1399434589098481811	1527	1529	1517	1538
1399434589114469949	1528	1524	1505	1550
1399434589214508652	1526	1516	1517	1549
1399434589230501035	1522	1511	1524	1550
1399434589301938340	1514	1514	1525	1554
1399434589318409369	1513	1504	1529	1559
1399434589334415163	1525	1485	1531	1563
1399434589408414339	1520	1486	1533	1564
1399434589451341914	1504	1496	1533	1569
1399434589520338991	1496	1504	1531	1571
1399434589542303043	1504	1504	1531	1564
1399434589615288730	1518	1492	1528	1568
1399434589632240252	1513	1504	1528	1563
1399434589733336715	1520	1501	1518	1565
1399434589749265843	1513	1513	1513	1566
1399434589766209521	1514	1511	1521	1559
1399434589834222765	1517	1510	1521	1554
1399434589850180594	1524	1505	1523	1551
1399434589867224421	1533	1500	1525	1549
1399434589937161244	1531	1504	1525	1548
1399434589953178670	1527	1508	1533	1541
1399434589970072607	1529	1510	1534	1540
1399434590043045057	1520	1522	1528	1544
1399434590060047164	1521	1523	1520	1549
1399434590128025986	1520	1528	1517	1551
1399434590145011879	1510	1538	1517	1549
1399434590163036697	1511	1540	1508	1549
1399434590179960305	1523	1538	1501	1549
1399434590196000791	1543	1523	1491	1551
1399434590270924566	1548	1523	1489	1544
1399434590364910753	1539	1539	1486	1542
1399434590381918550	1542	1540	1487	1536
1399434590397951129	1544	1546	1487	1527
1399434590438891634	1548	1541	1491	1525
1399434590455911664	1552	1535	1499	1520
1399434590505060292	1553	1535	1501	1518
1399434590521793094	1555	1531	1499	1522
1399434590597146256	1559	1523	1487	1531
1399434590612871685	1557	1520	1490	1534
1399434590688623165	1547	1526	1503	1528
1399434590703808138	1537	1532	1513	1525
1399434590799761659	1539	1528	1516	1524
1399434590816836269	1543	1506	1515	1529
1399434590832855046	1535	1511	1500	1544
1399434590875371958	1529	1515	1489	1556
1399434590891877268	1531	1505	1492	1563
1399434590932817810	1526	1501	1495	1562
1399434590949683901	1514	1509	1515	1549
1399434591020612946	1506	1515	1533	1536
1399434591036651708	1507	1511	1531	1540
1399434591052780621	1513	1508	1518	1549
1399434591094545004	1519	1494	1520	1567
1399434591135632774	1514	1501	1507	1575
1399434591151681192	1507	1511	1501	1580
1399434591230489039	1496	1525	1503	1576
1399434591246511771	1499	1524	1514	1567
1399434591263505440	1498	1523	1525	1562
1399434591366974100	1514	1511	1527	1558
1399434591436502439	1525	1504	1524	1560
1399434591455458573	1531	1505	1519	1562
1399434591475358937	1532	1503	1519	1562
1399434591540326453	1520	1520	1516	1562
1399434591565394913	1516	1526	1518	1562
1399434591667292898	1520	1524	1535	1546
1399434591683249046	1527	1519	1543	1536
1399434591721492733	1536	1513	1536	1540
1399434591738237164	1536	1521	1527	1541
1399434591798223170	1536	1529	1515	1541
1399434591869235338	1534	1542	1514	1535
1399434591885145886	1542	1540	1504	1536
1399434591902339896	1554	1531	1491	1543
1399434591940184921	1570	1520	1488	1532
1399434591956129667	1574	1521	1492	1522
1399434591996105099	1573	1524	1506	1506
1399434592080843549	1567	1532	1508	1504
1399434592097282302	1558	1540	1500	1515
1399434592113216190	1562	1536	1510	1494
1399434592156887097	1560	1537	1505	1501
1399434592301104955	1568	1526	1506	1502
1399434592317964819	1566	1535	1494	1513
1399434592334091496	1570	1531	1476	1526
1399434592405995466	1562	1539	1471	1531
1399434592422129654	1561	1535	1476	1532
1399434592439114783	1563	1528	1485	1527
1399434592509965273	1566	1521	1494	1523
1399434592525956777	1560	1531	1500	1515
1399434592541942856	1572	1515	1502	1517
1399434592615920779	1561	1529	1489	1529
1399434592633143574	1553	1537	1484	1534
1399434592729990443	1550	1539	1487	1533
1399434592746907765	1553	1527	1506	1525
1399434592762908009	1548	1531	1517	1517
1399434592833745642	1549	1526	1505	1532
1399434592850833772	1551	1523	1497	1539
1399434592866867779	1553	1520	1492	1542
1399434592967717633	1553	1518	1486	1545
1399434593034633917	1548	1523	1499	1537
1399434593050663987	1541	1531	1500	1540
1399434593068719557	1538	1531	1517	1525
1399434593141611956	1542	1526	1513	1529
1399434593183722018	1538	1531	1507	1540
1399434593254602950	1544	1522	1510	1540
1399434593270519097	1537	1531	1515	1540
1399434593287617376	1535	1534	1522	1532
1399434593359471048	1544	1526	1517	1535
1399434593376487344	1541	1529	1515	1536
1399434593445481170	1547	1522	1515	1536
1399434593462404931	1552	1518	1511	1537
1399434593481394170	1539	1531	1513	1536
1399434593501476012	1534	1534	1517	1538
1399434593573404101	1532	1531	1520	1537
1399434593614325716	1533	1527	1523	1536
1399434593649374032	1533	1523	1528	1535
1399434593666342901	1528	1526	1532	1534
1399434593686372178	1531	1521	1532	1539
1399434593702426393	1541	1504	1521	1551
1399434593719306355	1542	1495	1531	1546
1399434593823343998	1543	1485	1535	1549
1399434593895235363	1531	1495	1537	1552
1399434593911299425	1520	1495	1546	1548
1399434593928181707	1516	1495	1545	1552
1399434594002242765	1531	1477	1551	1551
1399434594042245091	1527	1483	1544	1556
1399434594113237010	1522	1490	1538	1561
1399434594130236179	1511	1497	1540	1562
1399434594146188370	1507	1505	1540	1558
1399434594220168772	1509	1509	1537	1557
1399434594237045228	1540	1486	1535	1550
1399434594304089186	1540	1492	1528	1552
1399434594323117935	1536	1504	1523	1551
1399434594340094730	1537	1509	1522	1547
1399434594356020091	1531	1519	1522	1545
1399434594429970840	1538	1510	1521	1543
1399434594471062513	1535	1519	1526	1535
1399434594547949720	1533	1525	1526	1532
1399434594564909915	1540	1528	1508	1536
1399434594599880474	1540	1535	1506	1533
1399434594616928212	1549	1529	1500	1533
1399434594676873935	1553	1533	1506	1515
1399434594749831896	1552	1534	1506	1515
1399434594766799121	1546	1538	1509	1514
1399434594782877032	1539	1542	1513	1515
1399434594855793040	1532	1549	1511	1516
1399434594896852458	1529	1544	1520	1516
1399434594967817389	1526	1542	1529	1517
1399434594984729991	1534	1534	1535	1517
1399434595000769122	1538	1521	1538	1521
1399434595041734780	1527	1527	1544	1519
1399434595057666255	1535	1513	1539	1532
1399434595101649309	1531	1515	1533	1540
1399434595170656490	1527	1513	1534	1540
1399434595187610573	1528	1509	1531	1545
1399434595203807819	1521	1519	1536	1538
1399434595244706710	1517	1521	1535	1538
1399434595305523478	1531	1511	1521	1546
1399434595321611582	1528	1520	1523	1543
1399434595391536762	1531	1521	1517	1544
1399434595411537988	1529	1529	1507	1547
1399434595430466915	1522	1537	1499	1549
1399434595502472189	1525	1538	1502	1543
1399434595570440663	1532	1534	1514	1532
1399434595586397537	1535	1531	1521	1525
1399434595611903227	1549	1529	1511	1518
1399434595697404136	1557	1520	1509	1520
1399434595809341253	1554	1517	1504	1531
1399434595825299167	1555	1516	1481	1549
1399434595842359290	1543	1527	1501	1537
1399434595883295657	1536	1527	1519	1529
1399434595899316317	1539	1520	1516	1535
1399434596023310301	1551	1500	1513	1544
1399434596039233860	1544	1504	1514	1547
1399434596056184076	1539	1509	1511	1550
1399434596130176047	1519	1527	1518	1549
1399434596146175030	1513	1531	1520	1549
1399434596214132131	1538	1502	1518	1555
1399434596231094704	1543	1489	1531	1550
1399434596250151576	1532	1503	1535	1546
1399434596266631487	1524	1511	1538	1543
1399434596366114427	1516	1520	1536	1544
1399434596469024495	1520	1511	1533	1548
1399434596488938490	1521	1506	1531	1553
1399434596556991809	1519	1504	1536	1551
1399434596573945914	1522	1497	1540	1551
1399434596589941275	1520	1492	1540	1555
1399434596658191067	1518	1490	1538	1558
1399434596689002624	1519	1485	1529	1572
1399434596704855382	1508	1489	1532	1571
1399434596783924637	1499	1499	1535	1568
1399434596799936488	1507	1499	1546	1554
1399434596903950380	1513	1496	1535	1561
1399434596919966316	1528	1490	1522	1563
1399434596991030626	1521	1504	1521	1559
1399434597007949583	1523	1508	1523	1553
1399434597023915469	1521	1517	1516	1553
1399434597093779190	1524	1524	1510	1549
1399434597109851887	1532	1514	1515	1548
1399434597125920793	1528	1524	1517	1541
1399434597200828279	1526	1526	1524	1535
1399434597216684539	1532	1522	1518	1539
1399434597233765294	1529	1525	1513	1543
1399434597340683049	1525	1533	1508	1543
1399434597356632257	1528	1528	1511	1542
1399434597424697559	1531	1526	1506	1543
1399434597440627521	1539	1516	1516	1535
1399434597462655598	1537	1520	1525	1525
1399434597536566899	1526	1535	1525	1521
1399434597553595077	1522	1539	1521	1529
1399434597632593393	1528	1534	1516	1534
1399434597648524420	1538	1525	1513	1535
1399434597664522329	1536	1529	1521	1521
1399434597739498193	1549	1515	1524	1516
1399434597756495664	1549	1518	1528	1509
1399434597839473528	1537	1531	1516	1524
1399434597855547357	1533	1535	1504	1535
1399434597872419137	1528	1534	1514	1532
1399434597942383728	1526	1534	1514	1537
1399434597973381730	1525	1525	1527	1535
1399434598063304595	1519	1525	1536	1531
1399434598080328508	1519	1517	1543	1531
1399434598125309632	1517	1508	1543	1540
1399434598289267429	1531	1487	1529	1564
1399434598305170240	1523	1487	1538	1566
1399434598482382721	1497	1511	1543	1562
1399434598559243117	1489	1519	1540	1565
1399434598575053183	1495	1518	1536	1566
1399434598621244604	1505	1514	1539	1558
1399434598638210105	1513	1517	1535	1558
1399434598707971444	1515	1517	1546	1544
1399434598723974121	1516	1524	1545	1539
1399434598803022367	1519	1523	1547	1535
1399434598844993093	1525	1519	1551	1529
1399434598921022723	1523	1533	1543	1527
1399434598936913333	1524	1537	1536	1529
1399434598953917065	1528	1535	1528	1535
1399434599027879754	1540	1526	1521	1538
1399434599128802016	1544	1517	1521	1541
1399434599145746861	1542	1518	1524	1540
1399434599161811714	1535	1518	1536	1536
1399434599235807126	1524	1524	1553	1519
1399434599251761689	1523	1523	1548	1527
1399434599348785149	1520	1524	1535	1542
1399434599365884975	1521	1517	1535	1540
1399434599381760622	1525	1517	1529	1543
1399434599448762692	1538	1502	1527	1541
1399434599468859580	1540	1502	1527	1540
1399434599487687394	1532	1516	1524	1539
1399434599556793962	1532	1514	1522	1539
1399434599572645578	1525	1519	1525	1541
1399434599589822851	1510	1527	1528	1544
1399434599657639514	1496	1531	1531	1536
1399434599674720398	1501	1526	1532	1535
1399434599741576997	1513	1513	1526	1542
1399434599758550630	1526	1497	1522	1547
1399434599782713061	1522	1501	1544	1537
1399434599876542704	1514	1507	1555	1526
1399434599893519040	1508	1513	1558	1522
1399434599963500700	1515	1510	1549	1534
1399434599979564998	1526	1499	1543	1540
1399434599996561082	1523	1506	1523	1554
1399434600012419474	1517	1521	1518	1552
1399434600099364275	1499	1545	1523	1540
1399434600194336092	1500	1553	1523	1531
1399434600210287780	1524	1542	1526	1518
1399434600227391024	1544	1529	1521	1515
1399434600300347640	1545	1535	1517	1510
1399434600317281311	1552	1532	1520	1503
1399434600333260273	1553	1531	1514	1509
1399434600432187666	1555	1535	1503	1511
1399434600448215920	1567	1523	1495	1518
1399434600525125548	1576	1513	1485	1527
1399434600542204978	1562	1528	1492	1522
1399434600558173890	1549	1536	1510	1510
1399434600655098934	1557	1526	1519	1504
1399434600726177282	1553	1523	1525	1506
1399434600742071095	1552	1518	1514	1524
1399434600759084179	1561	1504	1498	1540
1399434600833167733	1552	1507	1494	1549
1399434600849099102	1552	1499	1501	1553
1399434600946882274	1536	1506	1522	1550
1399434600961977184	1525	1513	1532	1547
1399434600977917383	1529	1502	1534	1553
1399434601051999538	1520	1511	1535	1552
1399434601068954273	1523	1506	1535	1558
1399434601165908061	1533	1494	1532	1562
1399434601181907436	1535	1491	1539	1555
1399434601198861594	1538	1481	1536	1562
1399434601269892611	1533	1489	1540	1563
1399434601286966172	1521	1502	1545	1558
1399434601303550685	1511	1514	1551	1554
1399434601404855254	1513	1513	1553	1553
1399434601471809156	1510	1510	1553	1553
1399434601487845888	1505	1514	1553	1557
1399434601504862848	1505	1514	1552	1558
1399434601583802576	1502	1517	1555	1558
1399434601626795412	1523	1498	1557	1552
1399434601698668267	1528	1492	1558	1551
1399434601715648241	1518	1507	1559	1546
1399434601731670564	1521	1506	1555	1549
1399434601805654176	1524	1505	1548	1554
1399434601821695122	1520	1514	1543	1559
1399434601922551201	1522	1511	1535	1567
1399434601939562333	1506	1525	1548	1553
1399434602007501235	1526	1507	1539	1560
1399434602023573072	1533	1504	1535	1561
1399434602043885405	1541	1498	1539	1553
1399434602107531913	1539	1501	1543	1543
1399434602138454900	1531	1524	1536	1540
1399434602155490327	1531	1527	1531	1541
1399434602230142351	1539	1518	1531	1542
1399434602245419938	1548	1508	1532	1539
1399434602349380519	1551	1504	1532	1539
1399434602365319842	1554	1500	1525	1544
1399434602437407163	1545	1507	1531	1543
1399434602453362262	1537	1514	1537	1540
1399434602470258177	1547	1497	1526	1550
1399434602570227457	1527	1510	1531	1554
1399434602586230034	1516	1511	1537	1557
1399434602659197498	1526	1492	1532	1568
1399434602678242641	1525	1489	1535	1569
1399434602694154672	1528	1486	1538	1569
1399434602767171373	1525	1489	1535	1569
1399434602868107716	1508	1508	1538	1564
1399434602885090019	1510	1508	1528	1571
1399434602901319931	1508	1513	1539	1560
1399434602974951868	1514	1514	1535	1559
1399434602992032651	1522	1507	1543	1549
1399434603088985580	1531	1500	1546	1544
1399434603104911517	1528	1503	1535	1552
1399434603121310850	1520	1516	1532	1555
1399434603193919594	1511	1531	1531	1551
1399434603209894399	1506	1538	1525	1549
1399434603227211828	1515	1535	1531	1542
1399434603327922856	1516	1534	1528	1540
1399434603395896471	1524	1531	1533	1533
1399434603412831701	1531	1523	1533	1533
1399434603428890435	1533	1525	1540	1525
1399434603502927477	1536	1519	1533	1535
1399434603544767157	1522	1534	1532	1532
1399434603614919470	1527	1527	1526	1539
1399434603630773302	1526	1526	1529	1538
1399434603648635520	1510	1541	1533	1533
1399434603688748595	1513	1543	1539	1526
1399434603705697623	1531	1525	1534	1534
1399434603926576816	1532	1531	1537	1528
1399434603969603895	1535	1529	1529	1535
1399434604039613385	1540	1527	1527	1533
1399434604072577640	1542	1535	1529	1527
1399434604113582416	1535	1540	1527	1531
1399434604130571522	1528	1547	1525	1533
1399434604176575332	1537	1542	1526	1532
1399434604192438831	1538	1541	1520	1537
1399434604260380320	1548	1536	1506	1543
1399434604277416157	1555	1534	1519	1531
1399434604293311822	1563	1528	1525	1521
1399434604392351432	1572	1521	1521	1521
1399434604462358447	1562	1535	1516	1520
1399434604479331401	1562	1542	1510	1517
1399434604495386361	1561	1541	1513	1513
1399434604536292071	1559	1544	1514	1509
1399434604553299216	1565	1539	1502	1517
1399434604594194505	1562	1541	1503	1511
1399434604610162960	1555	1547	1509	1507
1399434604686115006	1562	1536	1502	1515
1399434604706096365	1555	1545	1495	1520
1399434604722155367	1548	1549	1495	1524
1399434604819120208	1545	1549	1504	1523
1399434604890102603	1544	1547	1518	1514
1399434604906044897	1545	1542	1520	1516
1399434604923033906	1542	1544	1511	1526
1399434604997117148	1542	1542	1499	1539
1399434605013993906	1539	1539	1501	1547
1399434605109908065	1540	1534	1509	1544
1399434605126999932	1541	1531	1517	1540
1399434605142912208	1541	1529	1522	1537
1399434605216987091	1544	1528	1522	1535
1399434605233977113	1534	1540	1531	1531
1399434605331750120	1544	1531	1522	1535
1399434605347875919	1550	1524	1514	1542
1399434605363838330	1549	1526	1513	1543
1399434605434919823	1539	1535	1526	1537
1399434605450915498	1542	1531	1539	1526
1399434605467961356	1536	1536	1544	1527
1399434605569744499	1538	1529	1544	1533
1399434605636790131	1543	1513	1541	1544
1399434605652755806	1543	1498	1540	1557
1399434605671246513	1544	1484	1540	1567
1399434605741724574	1535	1488	1540	1571
1399434605783710169	1526	1492	1541	1576
1399434605860646100	1510	1500	1544	1579
1399434605877563750	1502	1487	1558	1581
1399434605893589209	1498	1489	1549	1592
1399434605965584934	1497	1488	1553	1593
1399434605982636824	1501	1476	1562	1588
1399434606048597610	1495	1480	1576	1576
1399434606069008657	1496	1474	1585	1570
1399434606085616519	1487	1485	1586	1567
1399434606101582656	1486	1492	1580	1568
1399434606177484312	1495	1490	1573	1570
1399434606217487771	1507	1482	1560	1580
1399434606288546579	1515	1481	1544	1587
1399434606305434308	1516	1486	1536	1590
1399434606321462210	1504	1500	1544	1578
1399434606395393852	1508	1500	1551	1564
1399434606490392108	1509	1501	1553	1557
1399434606507375307	1515	1498	1549	1560
1399434606523357901	1511	1507	1541	1562
1399434606597330097	1513	1508	1538	1564
1399434606639329196	1521	1508	1546	1546
1399434606715238806	1544	1488	1552	1535
1399434606735269296	1546	1491	1539	1544
1399434606751222221	1535	1513	1531	1553
1399434606853205375	1521	1525	1534	1552
1399434606920471074	1535	1510	1535	1553
1399434606936281603	1549	1491	1535	1554
1399434606953292414	1553	1489	1535	1549
1399434607052201475	1533	1521	1538	1541
1399434607069141328	1538	1519	1539	1534
1399434607140111044	1542	1520	1521	1544
1399434607156159130	1541	1521	1509	1550
1399434607259081005	1540	1523	1521	1541
1399434607275342962	1535	1523	1535	1535
1399434607346057140	1531	1522	1536	1538
1399434607362109906	1523	1523	1537	1542
1399434607458993763	1525	1517	1538	1544
1399434607474976541	1526	1511	1535	1550
1399434607496955689	1516	1520	1538	1553
1399434607565814059	1524	1514	1535	1550
1399434607608796555	1531	1511	1537	1549
1399434607677773226	1527	1519	1537	1549
1399434607693783216	1535	1510	1533	1553
1399434607719782780	1536	1510	1531	1559
1399434607791726783	1532	1507	1539	1558
1399434607878733512	1527	1502	1541	1564
1399434607895698063	1524	1499	1539	1571
1399434607957669524	1518	1503	1539	1573
1399434608007658000	1510	1510	1545	1570
1399434608097618418	1520	1503	1553	1560
1399434608114627637	1525	1500	1553	1558
1399434608173695444	1521	1500	1549	1563
1399434608291558910	1520	1503	1554	1556
1399434608383793812	1528	1499	1549	1554
1399434608419500809	1526	1503	1549	1549
1399434608537411797	1515	1519	1549	1546
1399434608554469833	1518	1516	1547	1549
1399434608625414896	1534	1501	1548	1546
1399434608642353060	1536	1498	1541	1553
1399434608658371476	1536	1498	1543	1551
1399434608746373776	1531	1503	1548	1548
1399434608762352272	1520	1511	1546	1551
1399434608834280619	1521	1506	1553	1548
1399434608850323994	1514	1509	1554	1549
1399434608868603323	1511	1511	1554	1549
1399434608967374436	1515	1506	1553	1546
1399434608983709539	1517	1506	1539	1558
1399434609053284764	1528	1495	1544	1553
1399434609070213798	1529	1498	1540	1553
1399434609086206874	1519	1510	1543	1549
1399434609161188317	1519	1515	1543	1546
1399434609204203627	1523	1515	1539	1547
1399434609273830422	1533	1508	1531	1549
1399434609289162581	1537	1507	1521	1553
1399434609306159360	1540	1509	1513	1554
1399434609347041169	1544	1508	1505	1557
1399434609387112080	1540	1514	1515	1549
1399434609404138246	1540	1518	1524	1539
1399434609483073489	1544	1511	1523	1541
1399434609500050678	1545	1505	1522	1545
1399434609516115511	1546	1498	1527	1546
1399434609556998406	1541	1500	1519	1553
1399434609603967490	1534	1505	1526	1550
1399434609620983568	1522	1514	1509	1567
1399434609689983329	1522	1507	1534	1552
1399434609705920775	1526	1492	1544	1550
1399434609722972629	1531	1481	1544	1552
1399434609831902154	1532	1471	1544	1558
1399434609902900289	1521	1474	1535	1574
1399434609918793350	1502	1489	1537	1571
1399434609935795090	1492	1495	1554	1558
1399434610008792301	1487	1500	1558	1554
1399434610025697061	1483	1498	1557	1560
1399434610122339204	1480	1503	1564	1551
1399434610138707116	1483	1500	1570	1552
1399434610154718836	1500	1485	1571	1549
1399434610228793821	1509	1486	1561	1554
1399434610244739872	1499	1503	1553	1557
1399434610342629627	1496	1515	1540	1564
1399434610358551378	1496	1523	1540	1557
1399434610374595796	1516	1514	1540	1553
1399434610445866227	1534	1495	1540	1553
1399434610462606427	1526	1509	1551	1536
1399434610540539270	1523	1517	1548	1536
1399434610582589798	1516	1531	1554	1523
1399434610653472122	1519	1531	1548	1527
1399434610670478854	1526	1528	1535	1538
1399434610687392060	1533	1523	1534	1537
1399434610760413841	1542	1516	1529	1541
1399434610801436986	1540	1520	1527	1541
1399434610872392105	1540	1527	1533	1538
1399434610888325766	1546	1521	1521	1546
1399434610905386035	1553	1515	1524	1545
1399434610978322650	1553	1520	1524	1540
1399434610995354825	1552	1526	1519	1541
1399434611062263668	1561	1523	1516	1544
1399434611082274571	1555	1535	1515	1536
1399434611098275609	1556	1538	1517	1531
1399434611115269563	1576	1519	1507	1535
1399434611188280040	1568	1534	1508	1529
1399434611229234787	1567	1542	1501	1532
1399434611300223897	1558	1552	1503	1528
1399434611317225484	1555	1555	1508	1523
1399434611333177259	1564	1549	1491	1531
1399434611407181214	1561	1554	1503	1518
1399434611423124175	1562	1549	1504	1521
1399434611490345129	1576	1538	1502	1521
1399434611510199518	1567	1544	1525	1500
1399434611532165305	1562	1550	1532	1492
1399434611549152278	1572	1541	1509	1518
1399434611623937870	1565	1550	1506	1519
1399434611720962381	1560	1557	1506	1517
1399434611738039279	1564	1553	1506	1517
1399434611753920981	1570	1550	1509	1509
1399434611827829438	1564	1553	1506	1513
1399434611844892167	1571	1544	1514	1507
1399434611860855141	1577	1541	1517	1500
1399434611959735609	1575	1542	1507	1511
1399434611975782036	1581	1540	1499	1516
1399434612045734264	1584	1535	1508	1508
1399434612069000026	1576	1540	1513	1510
1399434612085868393	1575	1542	1516	1507
1399434612184863362	1572	1541	1522	1505
1399434612254930213	1572	1541	1525	1502
1399434612271788975	1571	1542	1519	1508
1399434612287830971	1569	1543	1521	1513
1399434612361794157	1571	1540	1499	1534
1399434612377782529	1578	1532	1503	1539
1399434612490750147	1562	1539	1522	1534
1399434612507622300	1558	1541	1529	1536
1399434612547705032	1554	1543	1527	1543
1399434612564678445	1549	1547	1525	1546
1399434612610669555	1547	1547	1520	1552
1399434612683649528	1540	1552	1518	1555
1399434612699541720	1533	1558	1521	1558
1399434612716582831	1528	1555	1531	1553
1399434612789662973	1527	1549	1542	1549
1399434612805551758	1527	1546	1538	1556
1399434612901565988	1536	1536	1535	1561
1399434612918469308	1541	1531	1532	1563
1399434612934515210	1541	1531	1527	1567
1399434613008415313	1541	1535	1522	1568
1399434613025513720	1527	1549	1509	1576
1399434613118468196	1537	1545	1523	1561
1399434613135317611	1541	1543	1526	1557
1399434613151363342	1533	1551	1519	1562
1399434613220234683	1546	1540	1528	1553
1399434613236292440	1554	1538	1529	1546
1399434613253357054	1540	1559	1495	1560
1399434613355269451	1555	1549	1515	1540
1399434613371229858	1559	1548	1523	1529
1399434613403282416	1560	1552	1514	1528
1399434613419302864	1565	1549	1507	1532
1399434613440290898	1566	1543	1495	1537
1399434613510108373	1572	1540	1498	1538
1399434613547099722	1573	1539	1506	1531
1399434613564026690	1584	1529	1514	1522
1399434613642982085	1571	1540	1511	1532
1399434613659006489	1563	1542	1507	1534
1399434613675931662	1557	1545	1500	1543
1399434613775884101	1552	1545	1504	1544
1399434613791913654	1559	1531	1520	1539
1399434613862903222	1556	1525	1518	1545
1399434613879835615	1543	1533	1516	1553
1399434613895840575	1553	1515	1531	1549
1399434613993821363	1535	1535	1527	1554
1399434614010013001	1534	1531	1523	1559
1399434614044774878	1534	1526	1532	1558
1399434614061912599	1527	1527	1538	1558
1399434614081764893	1532	1514	1540	1562
1399434614097762702	1523	1515	1532	1573
1399434614197700554	1518	1518	1525	1581
1399434614213845533	1517	1513	1529	1582
1399434614281685917	1508	1521	1525	1585
1399434614298624715	1504	1527	1533	1587
1399434614314680590	1511	1520	1537	1583
1399434614415710482	1524	1511	1531	1585
1399434614431768559	1523	1510	1522	1594
1399434614502578490	1525	1513	1525	1589
1399434614518592935	1524	1516	1529	1584
1399434614535556375	1514	1528	1516	1586
1399434614608551369	1524	1520	1517	1584
1399434614709625060	1515	1531	1511	1583
1399434614726500502	1531	1517	1529	1567
1399434614742537835	1534	1516	1539	1557
1399434614816491243	1533	1519	1539	1552
1399434614832420243	1520	1537	1528	1560
1399434614930419422	1531	1526	1535	1555
1399434614947511049	1532	1528	1533	1554
1399434614963372602	1540	1518	1539	1549
1399434615048403595	1541	1521	1539	1542
1399434615111388134	1542	1526	1538	1541
1399434615127387424	1540	1531	1536	1544
1399434615159305149	1544	1519	1520	1563
1399434615175334145	1549	1506	1529	1561
1399434615251475848	1549	1499	1536	1561
1399434615352352210	1556	1489	1562	1539
1399434615368321282	1541	1504	1547	1560
1399434615385276050	1535	1502	1548	1567
1399434615459219168	1519	1510	1547	1575
1399434615476177848	1520	1505	1547	1578
1399434615573169681	1539	1480	1561	1567
1399434615590160024	1525	1483	1561	1567
1399434615606081505	1515	1500	1553	1570
1399434615677071006	1522	1492	1558	1566
1399434615700055030	1509	1514	1544	1573
1399434615772027975	1511	1516	1543	1567
1399434615813993154	1521	1517	1540	1562
1399434615884984400	1538	1504	1537	1560
1399434615902003498	1546	1506	1538	1549
1399434615918016510	1550	1516	1538	1541
1399434615991868942	1544	1529	1533	1541
1399434616031923723	1540	1540	1515	1548
1399434616102954973	1543	1540	1509	1549
1399434616119794281	1545	1539	1515	1546
1399434616135850750	1542	1544	1517	1540
1399434616210776714	1540	1548	1523	1533
1399434616227754141	1533	1559	1513	1536
1399434616328802029	1537	1557	1520	1528
1399434616343634600	1549	1549	1518	1524
1399434616414704381	1558	1547	1508	1533
1399434616430700621	1564	1544	1500	1536
1399434616447723299	1557	1555	1480	1545
1399434616546654047	1575	1540	1481	1541
1399434616562819641	1579	1533	1497	1532
1399434616632555151	1572	1538	1508	1523
1399434616648666842	1562	1554	1508	1527
1399434616665615937	1571	1544	1520	1522
1399434616739521530	1576	1537	1522	1522
1399434616783488739	1577	1535	1508	1536
1399434616855468323	1576	1535	1503	1540
1399434616871454452	1571	1536	1494	1553
1399434616947500392	1567	1535	1519	1538
1399434616963450071	1571	1526	1531	1531
1399434617031450951	1568	1528	1532	1532
1399434617048416135	1564	1533	1535	1532
1399434617067474275	1570	1524	1540	1533
1399434617083472716	1561	1535	1537	1535
1399434617100395528	1565	1531	1536	1536
1399434617174330377	1569	1519	1535	1542
1399434617269276962	1557	1531	1531	1550
1399434617286274844	1553	1525	1541	1544
1399434617302293269	1550	1524	1546	1543
1399434617376295686	1544	1524	1544	1544
1399434617418313405	1540	1531	1536	1554
1399434617489240331	1535	1535	1523	1564
1399434617505248311	1538	1535	1524	1560
1399434617522200858	1536	1535	1540	1547
1399434617591129898	1543	1531	1539	1545
1399434617607106586	1545	1540	1536	1546
1399434617626127136	1549	1540	1533	1546
1399434617734100975	1548	1546	1515	1553
1399434617805176859	1558	1535	1516	1553
1399434617821128032	1555	1540	1515	1551
1399434617838228433	1569	1525	1526	1542
1399434617938176805	1560	1535	1520	1540
1399434617955107792	1567	1532	1527	1531
1399434618025944036	1561	1538	1525	1533
1399434618041920889	1545	1552	1525	1535
1399434618141881712	1558	1540	1509	1545
1399434618158851007	1578	1518	1513	1543
1399434618233760607	1584	1508	1514	1544
1399434618249960327	1588	1507	1510	1546
1399434618333766278	1574	1535	1527	1531
1399434618355756881	1567	1546	1531	1526
1399434618451685546	1561	1554	1523	1531
1399434618499112106	1571	1544	1513	1540
1399434618533659326	1567	1553	1522	1531
1399434618559793910	1567	1553	1535	1517
1399434618657657801	1567	1555	1539	1509
1399434618673623637	1561	1561	1544	1502
1399434618690622673	1559	1566	1552	1492
1399434618898482831	1581	1542	1524	1524
1399434618914455079	1576	1545	1525	1525
1399434618989526664	1586	1531	1531	1525
1399434618999481871	1581	1531	1528	1534
1399434619015460256	1573	1534	1517	1548
1399434619085452746	1564	1536	1510	1559
1399434619101490374	1559	1536	1516	1560
1399434619190437629	1547	1539	1531	1551
1399434619233380225	1552	1532	1536	1548
1399434619303748853	1556	1519	1544	1547
1399434619322525312	1559	1513	1547	1545
1399434619336364054	1552	1522	1544	1549
1399434619411213546	1543	1531	1542	1555
1399434619451292389	1531	1536	1540	1567
1399434619528187431	1520	1539	1543	1571
1399434619545180164	1517	1531	1544	1576
1399434619618225921	1522	1518	1558	1569
1399434619635127142	1532	1503	1562	1567
1399434619651395370	1535	1488	1547	1591
1399434619751183620	1539	1482	1549	1591
1399434619767064297	1531	1487	1547	1596
1399434619838096645	1520	1497	1554	1584
1399434619855128832	1518	1501	1562	1575
1399434619871006122	1524	1495	1549	1584
1399434619968013800	1526	1501	1556	1571
1399434619983969955	1528	1507	1562	1558
1399434620054929032	1532	1514	1562	1547
1399434620071960577	1540	1510	1563	1540
1399434620087934934	1544	1519	1547	1545
1399434620128880878	1542	1531	1537	1549
1399434620168923541	1555	1520	1525	1554
1399434620185873090	1566	1510	1521	1544
1399434620259026650	1567	1508	1529	1538
1399434620275871597	1569	1508	1533	1529
1399434620291870785	1556	1523	1528	1535
1399434620391868071	1542	1534	1528	1540
1399434620407833369	1543	1531	1531	1537
1399434620478914338	1544	1523	1523	1544
1399434620495762946	1542	1520	1526	1547
1399434620514690346	1547	1511	1541	1538
1399434620588728711	1541	1515	1540	1543
1399434620658626827	1540	1514	1540	1544
1399434620695699158	1531	1523	1531	1554
1399434620711605281	1532	1518	1510	1574
1399434620728618617	1537	1503	1513	1579
1399434620800661378	1538	1498	1522	1575
1399434620920075848	1519	1515	1543	1562
1399434620935637636	1518	1518	1537	1567
1399434621009702353	1533	1508	1521	1576
1399434621026538557	1541	1502	1520	1573
1399434621124427168	1547	1499	1522	1571
1399434621140419095	1544	1508	1520	1568
1399434621156468791	1540	1519	1521	1564
1399434621228431999	1532	1537	1499	1583
1399434621244388549	1537	1534	1515	1569
1399434621342436696	1552	1518	1523	1561
1399434621359318386	1566	1506	1518	1567
1399434621430368942	1575	1499	1528	1555
1399434621446297235	1567	1511	1515	1558
1399434621463279244	1562	1525	1518	1552
1399434621536282557	1561	1525	1524	1549
1399434621580203935	1564	1521	1513	1558
1399434621655165338	1562	1522	1525	1549
1399434621672110141	1558	1526	1533	1543
1399434621688155968	1556	1531	1534	1537
1399434621761083403	1548	1536	1537	1537
1399434621855127636	1554	1527	1544	1532
1399434621872112421	1558	1519	1539	1540
1399434621888110466	1558	1519	1533	1546
1399434621962050140	1559	1508	1548	1538
1399434621979038224	1550	1518	1542	1545
1399434621995116495	1544	1518	1548	1536
1399434622062176811	1542	1518	1547	1542
1399434622092993343	1531	1522	1551	1540
1399434622110217303	1531	1522	1549	1542
1399434622183948646	1531	1521	1541	1549
1399434622328824542	1517	1525	1533	1562
1399434622401958769	1520	1524	1538	1556
1399434622418725950	1510	1535	1549	1540
1399434622508882416	1520	1528	1540	1548
1399434622525932973	1533	1521	1531	1551
1399434622541717570	1544	1510	1535	1547
1399434622621717196	1548	1513	1536	1541
1399434622721644363	1546	1510	1540	1541
1399434622737668483	1544	1510	1537	1545
1399434622754665232	1544	1513	1535	1549
1399434622823622572	1544	1509	1535	1553
1399434622839613097	1539	1511	1540	1551
1399434622856637470	1531	1522	1529	1561
1399434622954650872	1529	1519	1543	1551
1399434622971590309	1532	1516	1553	1540
1399434623046605346	1538	1508	1546	1548
1399434623063530075	1536	1513	1546	1546
1399434623139543079	1540	1513	1532	1557
1399434623181679989	1537	1518	1518	1560
1399434623252495723	1531	1531	1519	1556
1399434623268557817	1534	1526	1533	1548
1399434623285490290	1532	1524	1542	1542
1399434623359428541	1533	1527	1544	1540
1399434623375452157	1534	1526	1542	1542
1399434623470405446	1528	1532	1543	1541
1399434623487429497	1536	1523	1531	1553
1399434623503532314	1540	1517	1521	1562
1399434623572354150	1542	1509	1528	1560
1399434623589286014	1540	1504	1532	1557
1399434623685437212	1533	1510	1541	1549
1399434623702424924	1529	1513	1546	1546
1399434623779298674	1519	1519	1535	1554
1399434623795174805	1517	1517	1529	1562
1399434623812192288	1519	1510	1527	1571
1399434623886210849	1516	1511	1540	1561
1399434623928182197	1520	1507	1545	1555
1399434623999169839	1521	1502	1549	1555
1399434624015117256	1534	1490	1549	1553
1399434624032083283	1535	1484	1544	1558
1399434624106224600	1531	1490	1535	1570
1399434624147029670	1513	1504	1535	1574
1399434624218025445	1503	1507	1540	1570
1399434624234996338	1503	1501	1546	1569
1399434624250960348	1506	1491	1555	1565
1399434624339887182	1509	1480	1563	1573
1399434624437128250	1509	1473	1564	1581
1399434624453884403	1504	1474	1564	1584
1399434624521047714	1501	1471	1562	1591
1399434624541316160	1495	1476	1553	1601
1399434624554857375	1481	1491	1557	1609
1399434624654780556	1466	1506	1560	1606
1399434624670794151	1473	1492	1561	1610
1399434624741833466	1481	1485	1564	1607
1399434624757721070	1483	1483	1569	1602
1399434624774892216	1489	1479	1572	1597
1399434624855802630	1498	1472	1576	1591
1399434624914832891	1491	1487	1576	1585
1399434624933314737	1501	1484	1580	1576
1399434624966746057	1497	1497	1573	1576
1399434624983853830	1497	1497	1565	1585
1399434625079668286	1488	1507	1562	1580
1399434625095754979	1498	1498	1565	1576
1399434625168701589	1505	1490	1566	1576
1399434625240634615	1491	1521	1567	1567
1399434625500584747	1522	1516	1553	1575
1399434625517592446	1535	1506	1543	1585
1399434625533310411	1528	1516	1553	1573
1399434625608289987	1526	1518	1567	1559
1399434625628328995	1542	1503	1562	1562
1399434625644387885	1532	1520	1538	1582
1399434625714240831	1532	1514	1524	1593
1399434625809266810	1521	1519	1545	1575
1399434625826186069	1517	1515	1554	1572
1399434625842212791	1520	1501	1554	1581
1399434625917271498	1514	1486	1550	1585
1399434625959105770	1497	1488	1554	1589
1399434626029068884	1486	1495	1571	1576
1399434626046163693	1494	1481	1568	1580
1399434626062100909	1501	1482	1565	1576
1399434626161071025	1514	1480	1568	1568
1399434626177068862	1505	1505	1567	1557
1399434626247993338	1516	1511	1551	1559
1399434626264015154	1528	1505	1535	1571
1399434626367924774	1535	1507	1535	1566
1399434626383874955	1518	1532	1543	1549
1399434626464852009	1506	1543	1545	1545
1399434626519878818	1523	1531	1550	1539
1399434626565858482	1544	1504	1545	1545
1399434626581806384	1546	1500	1547	1542
1399434626674943833	1540	1506	1548	1543
1399434626732768276	1535	1515	1556	1540
1399434626780737731	1539	1499	1549	1555
1399434626796721481	1529	1500	1544	1567
1399434626873707239	1514	1505	1537	1583
1399434626889615261	1503	1503	1548	1582
1399434626906585560	1496	1502	1567	1573
1399434626953838936	1495	1495	1570	1576
1399434627001662211	1500	1481	1567	1582
1399434627088600836	1505	1473	1567	1585
1399434627104539865	1506	1477	1561	1587
1399434627121778690	1506	1479	1553	1590
1399434627195504110	1511	1473	1550	1596
1399434627239388047	1515	1472	1562	1583
1399434627308510831	1519	1468	1567	1574
1399434627325395219	1519	1468	1567	1574
1399434627341360547	1506	1481	1558	1584
1399434627415398455	1520	1482	1540	1610
1399434627431419639	1499	1501	1549	1602
1399434627535386994	1490	1516	1558	1589
1399434627551354103	1498	1513	1560	1590
1399434627623492094	1509	1501	1570	1580
1399434627639424405	1526	1490	1555	1593
1399434627656403404	1523	1494	1562	1586
1399434627754383771	1514	1501	1564	1585
1399434627771994290	1501	1514	1563	1590
1399434627841152023	1491	1521	1574	1581
1399434627858100958	1483	1523	1574	1585
1399434627874187422	1487	1517	1582	1579
1399434627947279308	1499	1503	1581	1581
1399434627988149312	1501	1501	1578	1581
1399434628059007358	1509	1495	1576	1582
1399434628076037629	1510	1500	1561	1592
1399434628092006084	1496	1515	1559	1590
1399434628167037731	1500	1513	1562	1585
1399434628261976447	1498	1513	1573	1573
1399434628279026910	1522	1497	1578	1562
1399434628294981434	1532	1492	1569	1566
1399434628368989549	1521	1508	1567	1558
1399434628384929211	1519	1517	1551	1569
1399434628401959596	1522	1522	1545	1568
1399434628501614205	1526	1522	1552	1555
1399434628517823391	1532	1520	1549	1554
1399434628588840193	1540	1518	1552	1545
1399434628610782519	1548	1519	1543	1546
1399434628627738458	1556	1513	1529	1556
1399434628724938322	1553	1520	1525	1549
1399434628794737654	1543	1531	1526	1550
1399434628811646952	1535	1535	1535	1546
1399434628827704639	1534	1532	1540	1539
1399434628901768217	1531	1532	1540	1542
1399434628918696220	1535	1521	1547	1537
1399434628986696882	1542	1511	1542	1539
1399434629003675357	1544	1506	1539	1544
1399434629023564214	1547	1497	1538	1546
1399434629038627149	1548	1489	1543	1546
1399434629055591731	1534	1505	1540	1551
1399434629155615344	1536	1496	1535	1563
1399434629225597185	1521	1517	1532	1563
1399434629241570814	1523	1515	1532	1563
1399434629258596744	1529	1510	1537	1557
1399434629332647125	1534	1501	1546	1551
1399434629349457739	1547	1480	1548	1559
1399434629449464189	1541	1481	1543	1569
1399434629465384010	1529	1496	1544	1567
1399434629482480083	1525	1498	1543	1571
1399434629551454025	1525	1496	1549	1567
1399434629567350579	1522	1501	1549	1571
1399434629664382398	1521	1500	1544	1575
1399434629685299565	1510	1510	1549	1569
1399434629757249859	1516	1516	1549	1571
1399434629773264404	1521	1506	1548	1569
1399434629790214524	1534	1495	1549	1566
1399434629866223717	1541	1489	1547	1571
1399434630012102298	1533	1513	1541	1567
1399434630085118420	1531	1513	1544	1567
1399434630126087033	1535	1506	1548	1564
1399434630197047408	1545	1488	1551	1564
1399434630214030317	1544	1482	1549	1573
1399434630230044981	1541	1479	1546	1581
1399434630303098994	1534	1484	1548	1582
1399434630319052496	1519	1491	1549	1581
1399434630415982949	1517	1491	1553	1579
1399434630433027108	1519	1494	1554	1574
1399434630503956765	1528	1484	1552	1576
1399434630521003314	1532	1482	1556	1571
1399434630536903836	1522	1482	1557	1571
1399434630603900221	1511	1492	1554	1574
1399434630634749546	1500	1504	1544	1585
1399434630650808642	1503	1503	1536	1590
1399434630731755724	1508	1500	1540	1582
1399434630748763998	1517	1491	1546	1576
1399434630843704147	1518	1492	1553	1567
1399434630860750284	1516	1501	1560	1558
1399434630930684208	1522	1499	1552	1563
1399434630947663941	1524	1499	1542	1571
1399434630963665341	1531	1499	1534	1575
1399434631063617584	1534	1495	1518	1588
1399434631080589989	1527	1510	1517	1595
1399434631151669246	1531	1505	1528	1591
1399434631167579715	1523	1510	1542	1580
1399434631184504171	1527	1506	1545	1583
1399434631258562542	1526	1505	1543	1587
1399434631299482469	1527	1508	1549	1585
1399434631369567581	1522	1514	1548	1585
1399434631386586932	1514	1522	1556	1577
1399434631402533423	1516	1520	1561	1576
1399434631477595809	1518	1520	1555	1580
1399434631572616946	1532	1509	1546	1585
1399434631588616709	1540	1503	1547	1585
1399434631605599373	1547	1497	1540	1590
1399434631680562142	1539	1509	1538	1590
1399434631696568864	1535	1521	1544	1583
1399434631713480140	1540	1517	1549	1576
1399434631812346144	1547	1518	1547	1573
1399434631832206728	1555	1511	1543	1571
1399434631904268945	1562	1506	1543	1567
1399434631920291062	1560	1518	1547	1563
1399434631938497773	1553	1531	1542	1565
1399434632036306634	1544	1539	1535	1567
1399434632107698555	1544	1540	1531	1572
1399434632123294895	1545	1534	1541	1567
1399434632140232488	1566	1515	1553	1554
1399434632212323389	1566	1510	1557	1553
1399434632230302364	1557	1520	1556	1556
1399434632330240036	1549	1528	1556	1558
1399434632347330851	1544	1531	1549	1567
1399434632363322372	1543	1523	1556	1567
1399434632432034321	1539	1522	1556	1572
1399434632472098865	1537	1518	1567	1567
1399434632543978216	1539	1518	1545	1586
1399434632559954398	1540	1510	1549	1585
1399434632577120067	1536	1515	1551	1582
1399434632676931838	1534	1520	1548	1584
1399434632749079279	1524	1528	1540	1586
1399434632767968353	1533	1525	1537	1585
1399434632785096677	1538	1521	1534	1580
1399434632848823191	1540	1525	1534	1575
1399434632880808108	1533	1536	1546	1556
1399434632897926380	1537	1537	1541	1556
1399434632997852616	1544	1531	1529	1559
1399434633068737255	1546	1531	1535	1549
1399434633085719237	1539	1535	1540	1544
1399434633101739303	1544	1534	1535	1545
1399434633201687192	1548	1531	1522	1545
1399434633217757117	1558	1529	1517	1541
1399434633287589844	1553	1539	1519	1527
1399434633304643265	1553	1545	1518	1520
1399434633401739220	1554	1548	1500	1525
1399434633418633120	1558	1549	1492	1526
1399434633434770706	1556	1553	1498	1519
1399434633512585664	1566	1540	1515	1506
1399434633578677272	1563	1537	1501	1526
1399434633594492798	1576	1520	1504	1536
1399434633681608099	1553	1539	1526	1524
1399434633728540459	1556	1536	1540	1525
1399434633811534693	1563	1528	1536	1529
1399434633830599375	1579	1513	1531	1538
1399434633918670959	1558	1541	1522	1545
1399434634035493687	1545	1552	1526	1544
1399434634052488595	1546	1553	1526	1542
1399434634129426330	1554	1543	1521	1541
1399434634146364142	1564	1538	1515	1538
1399434634254298828	1565	1545	1508	1535
1399434634271298396	1557	1563	1499	1532
1399434634310174707	1571	1554	1502	1527
1399434634452357013	1576	1550	1495	1528
1399434634495220466	1580	1547	1494	1533
1399434634568220488	1580	1540	1508	1527
1399434634584142943	1576	1538	1507	1532
1399434634662071238	1571	1537	1510	1541
1399434634703981020	1460	1420	1455	1390
1399434634775024918	1450	1418	1443	1409
1399434634792063669	1446	1404	1443	1407
1399434634876032648	1445	1396	1432	1426
1399434635100939837	1383	1402	1430	1434
1399434635215774791	1371	1411	1436	1430
1399434635232841456	1372	1404	1422	1430
1399434635273809393	1378	1393	1404	1435
1399434635403792599	1391	1378	1396	1441
1399434638426719750	1398	1362	1394	1430
1399434638426798789	1614	1252	1701	1211
1399434638426844523	1405	1335	1524	1321
1399434638426877468	1175	1175	1175	1175
1399434638426917986	1175	1175	1175	1175
1399434638426950069	1175	1175	1175	1175
1399434638426982058	1175	1175	1175	1175
1399434638427013399	1175	1175	1175	1175
1399434638427045362	1175	1175	1175	1175
1399434638427099618	1175	1175	1175	1175
1399434638427170388	1175	1175	1175	1175
1399434638427233241	1175	1175	1175	1175
1399434638427258889	1175	1175	1175	1175
1399434638427280357	1175	1175	1175	1175
1399434638427296686	1175	1175	1175	1175
1399434638427318126	1175	1175	1175	1175
1399434638427334958	1175	1175	1175	1175
1399434638427352314	1175	1175	1175	1175
1399434638427371172	1175	1175	1175	1175
1399434638427394698	1175	1175	1175	1175
1399434638427414374	1175	1175	1175	1175
1399434638427434485	1175	1175	1175	1175
1399434638427452945	1175	1175	1175	1175
1399434638427472438	1175	1175	1175	1175
1399434638427494730	1175	1175	1175	1175
1399434638427517744	1175	1175	1175	1175
1399434638427534916	1175	1175	1175	1175
1399434638427552317	1175	1175	1175	1175
1399434638427557753	1175	1175	1175	1175
1399434638427590569	1175	1175	1175	1175
1399434638427608409	1175	1175	1175	1175
1399434638427626701	1175	1175	1175	1175
1399434638427645173	1175	1175	1175	1175
1399434638427662761	1175	1175	1175	1175
1399434638427684365	1175	1175	1175	1175
1399434638427701707	1175	1175	1175	1175
1399434638427718564	1175	1175	1175	1175
1399434638427736446	1175	1175	1175	1175
1399434638427753191	1175	1175	1175	1175
1399434638427773455	1175	1175	1175	1175
1399434638427789513	1175	1175	1175	1175
1399434638427805411	1175	1175	1175	1175
1399434638427821240	1175	1175	1175	1175
1399434638427837047	1175	1175	1175	1175
1399434638427852828	1175	1175	1175	1175
1399434638427875672	1175	1175	1175	1175
1399434638427891684	1175	1175	1175	1175
1399434638427907796	1175	1175	1175	1175
1399434638427923826	1105	1105	1105	1105
1399434638427939869	1105	1105	1105	1105
1399434638427968053	1105	1105	1105	1105
1399434638427984059	1105	1105	1105	1105
1399434638428000526	1105	1105	1105	1105
1399434638428016302	1105	1105	1105	1105
1399434638428032168	1105	1105	1105	1105
1399434638428052302	1105	1105	1105	1105
1399434638428068188	1105	1105	1105	1105
1399434638428083962	1105	1105	1105	1105
1399434638428100154	1105	1105	1105	1105
1399434638428126841	1105	1105	1105	1105
1399434638428147083	1105	1105	1105	1105
1399434638428163136	1105	1105	1105	1105
1399434638428179134	1105	1105	1105	1105
1399434638428194870	1105	1105	1105	1105
1399434638428210520	1105	1105	1105	1105
1399434638428226239	1105	1105	1105	1105
1399434638428245976	1105	1105	1105	1105
1399434638428261792	1105	1105	1105	1105
