#Time	 Roll 	 Pitch 	 Yaw
1399585533560150512	-0.00723886	-0.0358723	2.02146
1399585533660117490	-0.00720709	-0.0358841	2.02148
1399585533713101066	-0.00718017	-0.035859	2.02156
1399585533762007581	-0.0071566	-0.0358521	2.02162
1399585533817041680	-0.00717895	-0.0358685	2.02166
1399585533866000930	-0.00719362	-0.035872	2.02174
1399585533921001527	-0.00716672	-0.035883	2.02196
1399585534028914166	-0.00713005	-0.0358981	2.02206
1399585534074898907	-0.00711737	-0.0359153	2.02211
1399585534129875435	-0.00713538	-0.0359406	2.02206
1399585534178886531	-0.00715194	-0.0359647	2.02204
1399585534234831071	-0.00718617	-0.0360065	2.02209
1399585534282839953	-0.00719007	-0.0360124	2.0221
1399585534387808704	-0.00718164	-0.036045	2.02209
1399585534402766646	-0.00719564	-0.0360802	2.02197
1399585534491781632	-0.00719841	-0.0360943	2.02183
1399585534549760282	-0.00719393	-0.0360933	2.02156
1399585534595842460	-0.00724238	-0.0360965	2.02155
1399585534657738580	-0.00723528	-0.0360923	2.02161
1399585534700762723	-0.00723305	-0.0360616	2.02152
1399585534804609382	-0.0072694	-0.0360544	2.02149
1399585534819656634	-0.0073018	-0.036006	2.02156
1399585534909590748	-0.00732432	-0.0359718	2.02158
1399585534964544223	-0.00730783	-0.0359573	2.0215
1399585535013426728	-0.00728979	-0.0359531	2.02148
1399585535072444840	-0.0072583	-0.035934	2.02147
1399585535125470036	-0.0072577	-0.035927	2.02144
1399585535222438671	-0.00721037	-0.035905	2.0215
1399585535277404433	-0.00718556	-0.0358781	2.02163
1399585535326443172	-0.00720023	-0.0358768	2.02164
1399585535382356857	-0.00722893	-0.0358511	2.02166
1399585535431336175	-0.00723211	-0.0358306	2.02174
1399585535486269113	-0.00719015	-0.035804	2.02172
1399585535542286813	-0.00719895	-0.0358076	2.02171
1399585535643244898	-0.00718679	-0.0357906	2.02173
1399585535695211794	-0.00717557	-0.0357767	2.02177
1399585535744181868	-0.00720695	-0.0357852	2.02187
1399585535812104556	-0.00723074	-0.0357996	2.02195
1399585535849130193	-0.00728751	-0.0358188	2.02207
1399585535917106798	-0.00727933	-0.0358443	2.02191
1399585536028043849	-0.0072785	-0.0358876	2.02186
1399585536034008489	-0.00732409	-0.0359045	2.02196
1399585536127989994	-0.00735709	-0.0359051	2.02207
1399585536142979181	-0.00736417	-0.0359104	2.02218
1399585536229012433	-0.00738852	-0.0359378	2.02213
1399585536265947775	-0.00735294	-0.035932	2.02205
1399585536333912992	-0.00734408	-0.0358931	2.02182
1399585536437862208	-0.00736454	-0.0358716	2.02182
1399585536445875533	-0.00738049	-0.0358628	2.02189
1399585536541859219	-0.00738678	-0.0358487	2.0217
1399585536578800434	-0.00739348	-0.035819	2.02155
1399585536640796883	-0.00740672	-0.0357953	2.02149
1399585536682793482	-0.00739467	-0.0357768	2.0214
1399585536787717949	-0.00738746	-0.0357748	2.02129
1399585536802720686	-0.00735943	-0.0357793	2.02135
1399585536891702280	-0.0073169	-0.0357768	2.02136
1399585536946694592	-0.00729564	-0.0358133	2.02137
1399585536996631758	-0.00724902	-0.0358026	2.02127
1399585537051621685	-0.00722223	-0.0358055	2.0212
1399585537100629481	-0.00722768	-0.0358097	2.02136
1399585537159604810	-0.00727092	-0.0358191	2.02146
1399585537260580903	-0.0072589	-0.0358444	2.02148
1399585537399459909	-0.00728048	-0.0358558	2.02148
1399585537406456848	-0.00731215	-0.0358616	2.0215
1399585537412405277	-0.00725831	-0.0358662	2.02149
1399585537481435403	-0.00727314	-0.0358713	2.02149
1399585537576350243	-0.00727811	-0.0358545	2.02149
1399585537622397106	-0.00727864	-0.0358743	2.02151
1399585537643283934	-0.00726166	-0.0358913	2.02148
1399585537727278728	-0.00727052	-0.0359051	2.02147
1399585537782243430	-0.00729035	-0.0359117	2.02146
1399585537831195201	-0.0072911	-0.0359268	2.02149
1399585537887209051	-0.00728274	-0.0358883	2.02149
1399585537943178001	-0.00727769	-0.0358728	2.02151
1399585538040347122	-0.00726629	-0.0358378	2.0215
1399585538098260674	-0.00726012	-0.0358356	2.02151
1399585538144307949	-0.0072538	-0.0358255	2.02151
1399585538200289455	-0.00724312	-0.0358053	2.02155
1399585538249116386	-0.00724467	-0.0358131	2.02156
1399585538304206743	-0.00724029	-0.0358224	2.0216
1399585538361052983	-0.00727076	-0.0358216	2.02163
1399585538457187726	-0.00728215	-0.0358217	2.02166
1399585538513034512	-0.00727569	-0.0357995	2.02166
1399585538562083506	-0.00729057	-0.0357841	2.02165
1399585538620121815	-0.00729638	-0.0357852	2.02169
1399585538672016418	-0.00728982	-0.0358041	2.02168
1399585538722003156	-0.00727762	-0.0358079	2.02169
1399585538826957950	-0.00728096	-0.0358136	2.02175
1399585538875851236	-0.00725184	-0.0358126	2.02177
1399585538930815581	-0.00723133	-0.0358176	2.02181
1399585538979756547	-0.00720741	-0.0358329	2.02181
1399585539034747651	-0.00719627	-0.0358237	2.02184
1399585539083777867	-0.00718872	-0.0358407	2.02189
1399585539141917618	-0.00717688	-0.0358321	2.02185
1399585539243658526	-0.00719881	-0.0358389	2.02181
1399585539292740646	-0.0072153	-0.0358495	2.02177
1399585539347495799	-0.0072295	-0.035833	2.0218
1399585539396543114	-0.00719155	-0.0358364	2.02181
1399585539452482376	-0.00715613	-0.0358554	2.0218
1399585539501444443	-0.00714069	-0.0358325	2.02181
1399585539605440685	-0.0070936	-0.0358262	2.02179
1399585539620541300	-0.00709977	-0.0358299	2.02176
1399585539709475848	-0.00707946	-0.0358497	2.02172
1399585539765399566	-0.00711689	-0.035835	2.02173
1399585539814382091	-0.00712256	-0.0358182	2.02174
1399585539869316155	-0.00714536	-0.0358394	2.02175
1399585539974260605	-0.00712004	-0.0358416	2.02176
1399585540023263694	-0.00709921	-0.0358269	2.0218
1399585540041236525	-0.00706678	-0.0358097	2.02183
1399585540127174327	-0.00707348	-0.0358089	2.02187
1399585540185173242	-0.00708711	-0.0358206	2.02186
1399585540231135693	-0.00710939	-0.0358084	2.02188
1399585540287043134	-0.00708972	-0.0358034	2.02189
1399585540343047085	-0.00710696	-0.0357881	2.02191
1399585540440061105	-0.00711423	-0.0357993	2.02187
1399585540495938944	-0.00712359	-0.0357804	2.02188
1399585540544929898	-0.0071355	-0.0357814	2.02189
1399585540599982363	-0.00714768	-0.0357815	2.02189
1399585540654844381	-0.00712056	-0.0357867	2.02188
1399585540707820328	-0.0071527	-0.0357942	2.02193
1399585540760795599	-0.00713492	-0.035797	2.02193
1399585540857776731	-0.00713423	-0.0358043	2.02187
1399585540913759781	-0.00711773	-0.0357994	2.02187
1399585540962682708	-0.00711104	-0.0357996	2.02187
1399585541017667181	-0.00711291	-0.03579	2.02188
1399585541066683883	-0.00711814	-0.0358011	2.0219
1399585541122667807	-0.00711858	-0.0357919	2.02191
1399585541178668561	-0.00712183	-0.0358091	2.02193
1399585541275644770	-0.00712494	-0.0358328	2.02193
1399585541331513021	-0.00715115	-0.035838	2.0219
1399585541379574534	-0.00713136	-0.0358308	2.02189
1399585541435524280	-0.00712944	-0.0358498	2.0219
1399585541484456237	-0.0071182	-0.0358669	2.0219
1399585541539480216	-0.00707161	-0.0358352	2.0219
1399585541647418979	-0.00704858	-0.0358508	2.02192
1399585541693395342	-0.00705886	-0.0358473	2.02189
1399585541751441442	-0.00704565	-0.0358274	2.02187
1399585541797439684	-0.00703959	-0.0357908	2.02186
1399585541853407181	-0.00702612	-0.0357508	2.02185
1399585541902336139	-0.00703861	-0.0357366	2.02184
1399585542006306558	-0.00704093	-0.0357456	2.02184
1399585542021287458	-0.00704118	-0.0357778	2.02186
1399585542110227932	-0.00703794	-0.0357761	2.02188
1399585542169274283	-0.00700661	-0.0357603	2.02188
1399585542215187952	-0.00700866	-0.0357549	2.02192
1399585542270157613	-0.00697762	-0.0357275	2.02194
1399585542319129755	-0.00697499	-0.0357123	2.02196
1399585542424073095	-0.00698169	-0.0356902	2.02199
1399585542479060206	-0.00696844	-0.0356978	2.02197
1399585542527974431	-0.00693048	-0.0356998	2.02197
1399585542583967802	-0.00696652	-0.0357038	2.022
1399585542632892292	-0.00695462	-0.0356798	2.02199
1399585542690869473	-0.00695349	-0.0356691	2.02198
1399585542743853373	-0.00694822	-0.0356694	2.02199
1399585542840836664	-0.00696384	-0.0356615	2.02199
1399585542896816212	-0.00696087	-0.0356606	2.02197
1399585542945736994	-0.0069631	-0.0356844	2.022
1399585543000804784	-0.00692781	-0.0356738	2.02203
1399585543049901102	-0.00693214	-0.0356829	2.02205
1399585543104820995	-0.00697057	-0.0356805	2.02205
1399585543162320610	-0.00700203	-0.035699	2.02205
1399585543258713130	-0.00699823	-0.0357159	2.02207
1399585543313685045	-0.00699645	-0.0357006	2.02208
1399585543362785953	-0.00695896	-0.0357018	2.02205
1399585543418617004	-0.00693886	-0.0357099	2.02202
1399585543467627550	-0.00695273	-0.0357098	2.022
1399585543522551843	-0.00692152	-0.0356959	2.02201
1399585543578662589	-0.0068987	-0.0356729	2.02204
1399585543682476189	-0.00688864	-0.0356536	2.02205
1399585543734448067	-0.00689303	-0.0356449	2.02206
1399585543780456282	-0.00691914	-0.0356627	2.02203
1399585543836454314	-0.0069393	-0.0356615	2.02202
1399585543885444825	-0.00691322	-0.0356785	2.02204
1399585543940389900	-0.0069471	-0.0356645	2.022
1399585544045328870	-0.00693815	-0.0356627	2.02199
1399585544093339665	-0.00694905	-0.0356621	2.02199
1399585544149254175	-0.00693753	-0.0356595	2.022
1399585544198213720	-0.00692501	-0.0356559	2.02198
1399585544256315418	-0.00693779	-0.0356803	2.02198
1399585544302186586	-0.00693641	-0.0356699	2.02192
1399585544406197964	-0.00692227	-0.0356437	2.02191
1399585544421252411	-0.00689237	-0.0356303	2.02192
1399585544511210669	-0.00685426	-0.0356166	2.02191
1399585544601112790	-0.00685447	-0.0356012	2.0219
1399585544615047414	-0.00683319	-0.0355973	2.02164
1399585544690096655	-0.00691087	-0.0355493	2.02202
1399585544720032257	-0.00682426	-0.0356637	2.02252
1399585544823986634	-0.00663708	-0.0357222	2.0221
1399585544840091990	-0.00600471	-0.0360925	2.02174
1399585544929114623	-0.00564873	-0.0366811	2.02165
1399585545041076914	-0.00593413	-0.0367564	2.02183
1399585545047014270	-0.0036015	-0.0343742	2.02158
1399585545105024304	0.000219327	-0.032427	2.02076
1399585545141052828	0.00719348	-0.0375483	2.01827
1399585545245959715	0.0137646	-0.0453361	2.01349
1399585545260884643	0.0232804	-0.0405686	2.00695
1399585545350832164	0.0142055	-0.0343638	1.99814
1399585545462826777	-0.00581773	-0.0280442	1.98621
1399585545468835008	-0.0133419	-0.0190027	1.97188
1399585545569683563	-0.0118701	-0.0109435	1.95836
1399585545575737773	-0.00381428	0.00058889	1.94818
1399585545670825380	0.00272509	0.00905144	1.94096
1399585545776688859	-0.0291296	0.00367297	1.93211
1399585545885694155	-0.0365144	0.0108293	1.92993
1399585545891636940	-0.0252849	0.0123127	1.92929
1399585545948641692	-0.0195619	0.00545749	1.93072
1399585545984693790	-0.0284748	-0.00241622	1.93454
1399585546089692528	-0.0338278	-0.00713878	1.9396
1399585546104494415	-0.0257275	-0.0121673	1.94418
1399585546160601022	-0.0175694	-0.0199862	1.9479
1399585546307531551	-0.0186059	-0.0328784	1.95212
1399585546313459786	-0.0220166	-0.0290538	1.95609
1399585546380384882	-0.0125542	-0.0156437	1.95861
1399585546406527035	5.47981e-05	-0.0281148	1.95997
1399585546512509950	0.00328628	-0.0461538	1.96173
1399585546519377575	0.00367052	-0.0455205	1.96314
1399585546616359269	-0.00265505	-0.0452142	1.96432
1399585546735079056	-0.0192204	-0.0481912	1.96464
1399585546742481655	-0.0214593	-0.0417102	1.96353
1399585546837234430	-0.0132955	-0.0389615	1.96227
1399585546843159898	-0.00882715	-0.0397056	1.9614
1399585546900247106	-0.00548039	-0.0307285	1.96119
1399585547011191816	-0.00280728	-0.0140925	1.96184
1399585547017206971	-0.00174741	-0.00051564	1.96264
1399585547112316493	0.00171692	0.00946342	1.96299
1399585547119191024	0.00469266	0.0137055	1.96244
1399585547215013133	0.00343554	0.0150765	1.96173
1399585547251061635	0.00236927	0.0255832	1.96156
1399585547320033475	0.00411417	0.0302294	1.96184
1399585547430959517	0.00391272	0.0240898	1.96177
1399585547436817714	0.00181195	0.0242015	1.96055
1399585547514920169	-0.00080762	0.0324799	1.95988
1399585547563902165	-0.00394481	0.0239027	1.9601
1399585547657845217	-0.00656613	0.00827794	1.9601
1399585547668893863	-0.0114228	0.0019928	1.9601
1399585547773615787	-0.0138442	0.000105407	1.96033
1399585547781723431	-0.00982596	-0.0121533	1.96017
1399585547878790259	-0.00574279	-0.0355312	1.9597
1399585547950587985	-0.00799536	-0.0598477	1.95978
1399585547965856273	-0.010129	-0.0647742	1.96006
1399585548097512129	-0.0084072	-0.0576265	1.96105
1399585548104518298	-0.00940618	-0.055787	1.96228
1399585548148482562	-0.0100854	-0.0565917	1.96271
1399585548204463890	-0.00556434	-0.0602366	1.96223
1399585548302388210	0.00233123	-0.0519824	1.96169
1399585548371317874	0.00018619	-0.0406344	1.96221
1399585548407267423	-0.00224584	-0.0338597	1.96217
1399585548519270888	0.00103556	-0.0169634	1.96216
1399585548525255413	0.00354553	-0.0012132	1.96303
1399585548625244109	0.00718373	0.00418522	1.96341
1399585548632183491	0.0130471	0.0175435	1.96324
1399585548695128202	0.015127	0.0324189	1.96337
1399585548793132461	0.0118499	0.0277188	1.96291
1399585548800144693	0.00507244	0.0237271	1.9615
1399585548897073825	-0.00103781	0.0277807	1.95997
1399585548933140584	-0.00325899	0.0299184	1.95987
1399585549039113159	-0.00440065	0.0323457	1.96161
1399585549046030916	-0.0141142	0.0312716	1.96479
1399585549106985812	-0.0226896	0.0225195	1.96875
1399585549210945715	-0.0174401	0.0133846	1.97266
1399585549246893536	-0.0164476	0.0118508	1.97603
1399585549336879438	-0.0257799	0.00659709	1.97902
1399585549350900611	-0.0293999	-0.00619299	1.98158
1399585549419883883	-0.027739	-0.0175598	1.98392
1399585549530766146	-0.0257767	-0.0265016	1.98632
1399585549536787163	-0.0185503	-0.034352	1.98895
1399585549627759842	-0.0138836	-0.0289958	1.99099
1399585549649701259	-0.0126389	-0.0284729	1.99184
1399585549776665661	-0.0139764	-0.0330724	1.99041
1399585549782620349	-0.0218298	-0.0288644	1.98771
1399585549838644060	-0.0304805	-0.0213231	1.98491
1399585549987603209	-0.0284376	-0.0157544	1.98224
1399585549994612414	-0.0109894	-0.0149089	1.98066
1399585550050610940	0.00317237	-0.0113784	1.98171
1399585550087597200	0.00829687	-0.00754423	1.98419
1399585550199510825	0.0126007	-0.00509765	1.9882
1399585550205509665	0.0128837	-0.00465714	1.99326
1399585550296460752	0.0125388	-0.00468052	1.99867
1399585550304460702	0.0206718	0.0028084	2.00492
1399585550401453153	0.0221515	0.0128973	2.01078
1399585550470499966	0.0142616	0.0208444	2.01509
1399585550485405756	0.00529431	0.0272604	2.01765
1399585550574337871	-0.00146467	0.0306473	2.01759
1399585550610339703	0.00121093	0.0181738	2.01515
1399585550722262718	0.00896432	0.00594231	2.01187
1399585550791306182	0.00928184	0.00859074	2.008
1399585550797243662	0.00745835	0.0203004	2.00313
1399585550932095747	0.00256314	0.020793	1.99922
1399585550938190393	-0.0027092	0.0145435	1.99572
1399585550995104761	-0.0088629	0.00676979	1.99318
1399585551031133444	-0.0205337	-0.00330727	1.99246
1399585551135968509	-0.0286708	-0.00559182	1.99413
1399585551144055147	-0.0276765	-0.0103833	1.99724
1399585551242019345	-0.0269493	-0.018695	2.00084
1399585551259980290	-0.0276737	-0.0176261	2.00527
1399585551348974439	-0.0247113	-0.0101653	2.01036
1399585551441906885	-0.021729	-0.000921417	2.01525
1399585551452940083	-0.022566	0.00499559	2.02084
1399585551521913895	-0.0247584	0.00536951	2.02746
1399585551632780930	-0.0193568	-0.00467878	2.03302
1399585551638786723	-0.00364875	-0.0213203	2.03595
1399585551729758902	0.0114928	-0.0286261	2.03751
1399585551744752289	0.0169782	-0.0221182	2.038
1399585551833702955	0.0148397	-0.0108896	2.03699
1399585551869723901	0.00963681	0.00447724	2.03453
1399585551938666777	0.007907	0.0107667	2.03132
1399585552050655995	0.013775	0.00557122	2.02766
1399585552056637850	0.019485	0.00330417	2.02389
1399585552150572176	0.0200172	0.00672937	2.02271
1399585552185598252	0.0218903	0.0099787	2.02328
1399585552298566040	0.0225348	0.0179537	2.02493
1399585552304486045	0.0231322	0.0223171	2.02678
1399585552395471413	0.0292176	0.0202801	2.02813
1399585552403463904	0.0274629	0.0193483	2.02996
1399585552500440529	0.0218167	0.0173419	2.03142
1399585552569414700	0.0187909	0.0142288	2.03221
1399585552584405407	0.0121027	0.0175458	2.03318
1399585552679373680	0.00399529	0.0171668	2.03424
1399585552709431193	0.00458063	0.0147201	2.03556
1399585552814343269	0.00629897	0.0111964	2.03789
1399585552822311762	0.000297552	0.0067943	2.0428
1399585552882235968	-0.00278178	0.00104418	2.04953
1399585553030338704	-0.00309902	-0.00409634	2.05735
1399585553037290650	-0.0148814	-0.00615553	2.0672
1399585553094212079	-0.0347882	-0.00630955	2.07635
1399585553130349067	-0.0477746	-0.000888936	2.08318
1399585553235170236	-0.0559885	0.00227898	2.08808
1399585553243211362	-0.0481969	0.00335369	2.09043
1399585553341318779	-0.0355984	0.00573346	2.09031
1399585553409272553	-0.0330257	0.0024201	2.08774
1399585553424280984	-0.0311764	0.00379921	2.0834
1399585553529157957	-0.0155291	0.0160023	2.07829
1399585553550045536	-0.00322003	0.0153127	2.07473
1399585553618090232	0.00407323	0.0153498	2.07289
1399585553658988801	0.0253973	0.0266675	2.0721
1399585553759040742	0.0454414	0.0339786	2.07257
1399585553828114632	0.0487147	0.0242791	2.07314
1399585553839009436	0.0488445	0.0180338	2.07517
1399585553930968236	0.0526267	0.0222717	2.0799
1399585553967928639	0.0519871	0.0233181	2.08494
1399585554035890442	0.0459472	0.0204399	2.08878
1399585554146903367	0.0391114	0.0199398	2.09289
1399585554153885964	0.031633	0.0194126	2.09756
1399585554244732675	0.0118264	0.0120778	2.10258
1399585554259767537	-0.00635526	-0.00714807	2.10691
1399585554348747192	-0.0138296	-0.0237849	2.11056
1399585554384698310	-0.0203317	-0.0335143	2.11326
1399585554489604682	-0.0310843	-0.0376099	2.11494
1399585554505632791	-0.0439291	-0.0439693	2.1152
1399585554595550164	-0.0451111	-0.0487409	2.11533
1399585554666504690	-0.036071	-0.0414712	2.11563
1399585554684494154	-0.0265221	-0.0322894	2.11546
1399585554812499678	-0.0128956	-0.022902	2.11537
1399585554818441893	-0.00570182	-0.0118148	2.11643
1399585554910258619	-0.00312639	-0.00885464	2.11965
1399585554985314874	-0.00181136	-0.00403095	2.12278
1399585554992277585	0.000146555	0.00951546	2.12501
1399585555126253160	0.00815227	0.0275279	2.12539
1399585555132211990	0.0142152	0.0356055	2.12365
1399585555189226670	0.0158264	0.0389947	2.12094
1399585555225188122	0.0174971	0.0454436	2.11848
1399585555294123128	0.0134727	0.0528935	2.11667
1399585555405095868	0.0149974	0.0444037	2.1146
1399585555412070411	0.0158691	0.0339466	2.11108
1399585555511064226	0.0088449	0.0345372	2.10728
1399585555519011724	0.00492163	0.029063	2.10357
1399585555609976994	0.00520457	0.0140559	2.10032
1399585555651939305	0.00727943	-0.00217221	2.09747
1399585555752892058	0.00842613	-0.0113599	2.09567
1399585555760916157	0.00930257	-0.0134719	2.09552
1399585555858893768	0.0112937	-0.0160108	2.09773
1399585555926845357	0.0131381	-0.0212461	2.10325
1399585555941781172	0.00316237	-0.0248132	2.11191
1399585556074816807	-0.0139318	-0.0233851	2.12136
1399585556080707343	-0.0246192	-0.0260374	2.12911
1399585556124732739	-0.0275419	-0.0250303	2.13428
1399585556181692569	-0.024437	-0.0166698	2.13817
1399585556241658567	-0.0174509	-0.00787932	2.14032
1399585556346617851	-0.0121359	-0.00223106	2.14061
1399585556361619758	-0.00991973	0.00139354	2.13852
1399585556450588714	-0.00525689	0.00872915	2.13449
1399585556486547157	-0.000283933	0.0121909	2.12881
1399585556554580345	0.00389963	0.0150696	2.12265
1399585556669441370	0.0145583	0.022229	2.11673
1399585556678454420	0.0317776	0.0254456	2.11034
1399585556812422841	0.0426547	0.0185535	2.10274
1399585556818389255	0.0432332	0.00838067	2.0975
1399585556917428215	0.0410092	0.00393004	2.09675
1399585556923326734	0.0359571	0.00012264	2.1007
1399585556980281954	0.0268147	-0.00728787	2.10812
1399585557108255869	0.0218709	-0.00750181	2.11717
1399585557122236931	0.0247666	-0.00509147	2.1262
1399585557190243826	0.0337354	-0.00518624	2.13533
1399585557205259310	0.0340449	-0.00403428	2.14555
1399585557294129659	0.0282109	0.00272326	2.15529
1399585557330135557	0.022069	0.00964675	2.16594
1399585557420115465	0.0157406	0.0102924	2.17795
1399585557442100029	0.00944272	0.00713368	2.19092
1399585557540062407	0.007463	0.0159218	2.20408
1399585557656978625	0.00567483	0.034084	2.21776
1399585557662989816	-0.0254869	0.0385467	2.23122
1399585557760996285	-0.0752405	0.0387574	2.24216
1399585557767018690	-0.103427	0.035634	2.24777
1399585557811895332	-0.0835159	0.0288059	2.24706
1399585557860938334	-0.0458175	0.0278507	2.24116
1399585557965897006	-0.0198482	0.034182	2.23294
1399585557980817544	-0.0253897	0.0411595	2.22376
1399585558070913828	-0.0384266	0.0383417	2.21407
1399585558140012523	-0.0513188	0.0237594	2.20463
1399585558175860617	-0.0555992	0.0103978	2.19709
1399585558287999400	-0.0410164	0.00604812	2.19022
1399585558293715163	0.0369545	0.0070595	2.18383
1399585558387769872	0.150209	0.00457418	2.17725
1399585558402858613	0.168987	-0.00901674	2.17339
1399585558492841570	0.0927425	-0.0232335	2.17204
1399585558583802465	0.00188049	-0.0284189	2.1739
1399585558597735386	-0.00436053	-0.0266483	2.17366
1399585558716776353	0.10189	-0.0186633	2.17006
1399585558722743667	0.182577	-0.0109819	2.17117
1399585558797729787	0.160985	-0.00985033	2.17313
1399585558818765056	0.0489251	-0.0134369	2.17537
1399585558882604983	-0.0637826	-0.0151378	2.17562
1399585559029592662	-0.117551	-0.017729	2.17228
1399585559035593629	-0.108715	-0.0201221	2.16827
1399585559092626267	-0.0911527	-0.0132858	2.16348
1399585559128567061	-0.0707002	0.0032358	2.15915
1399585559234504077	-0.0542651	0.0203106	2.15387
1399585559241500892	-0.0543783	0.0345679	2.14863
1399585559317405720	-0.0565918	0.0343931	2.14506
1399585559450379006	-0.0515197	0.0252454	2.14341
1399585559456384982	-0.0464181	0.022004	2.14412
1399585559556371212	-0.0382882	0.0298769	2.1471
1399585559562358681	-0.0171445	0.0383289	2.15168
1399585559659312085	-0.000454584	0.0409382	2.15683
1399585559769176211	0.00175928	0.0426661	2.16334
1399585559775228238	0.00910378	0.0393716	2.17236
1399585559832203763	0.02677	0.0258204	2.18311
1399585559838997289	0.0406007	0.0175285	2.19441
1399585559939103975	0.0473507	0.0172124	2.20536
1399585559975122481	0.0514486	0.0203677	2.21316
1399585560042997169	0.0548228	0.0214038	2.21951
1399585560078918345	0.0620546	0.0153829	2.22378
1399585560183975281	0.0677549	0.00855511	2.22706
1399585560198996269	0.0575355	0.00732991	2.22988
1399585560288839039	0.0427588	0.00506284	2.23039
1399585560400920130	0.0200587	-0.00433014	2.22851
1399585560406848568	0.00326227	-0.00753195	2.22472
1399585560497865115	-0.000916565	-0.00597318	2.21933
1399585560505891206	-0.00936246	-0.00797969	2.21408
1399585560602805642	-0.0229089	-0.00834867	2.20893
1399585560717713562	-0.0264331	-0.0164089	2.20146
1399585560778704573	-0.0384712	-0.0106452	2.20065
1399585560814683504	-0.0425655	-0.00211676	2.20107
1399585560883725675	-0.0332733	-1.82539e-05	2.203
1399585560918622419	-0.0269596	-0.00384038	2.20646
1399585561023555234	-0.0241647	-0.00169896	2.21154
1399585561038639032	-0.0196885	0.00652318	2.21812
1399585561130567888	-0.0164937	0.017236	2.2248
1399585561243487943	-0.0109713	0.0307208	2.23171
1399585561249442209	-0.00906282	0.0386974	2.23892
1399585561306549092	-0.00834568	0.0375242	2.24624
1399585561342579155	-0.0164605	0.0280007	2.25365
1399585561447286036	-0.0264762	0.0205622	2.26029
1399585561462383816	-0.0182687	0.0175071	2.26484
1399585561552411127	-0.0222137	0.0169186	2.26794
1399585561621440441	-0.0172026	0.0155792	2.26867
1399585561657272771	-0.007292	0.0152635	2.26797
1399585561725437781	0.0022377	0.0194149	2.26805
1399585561761277742	0.0063806	0.0249082	2.26838
1399585561830394412	0.0101873	0.0234446	2.2685
1399585561934170713	0.0113455	0.0106851	2.2681
1399585561942275516	-0.0330477	0.00153837	2.26894
1399585562038242366	-0.0477388	0.00717249	2.26784
1399585562074133184	-0.012143	0.0170437	2.26608
1399585562143150880	0.018129	0.0224343	2.26521
1399585562179173655	-0.0288267	0.024996	2.26582
1399585562246972317	-0.14651	0.0245737	2.26701
1399585562351018628	-0.237619	0.016553	2.26428
1399585562359013496	-0.22482	0.00314764	2.26018
1399585562449096739	-0.118148	-0.00838503	2.25348
1399585562491993235	-0.0126034	-0.0100166	2.24957
1399585562595930344	0.0531642	-0.00575196	2.24725
1399585562603890030	-0.014343	-0.00447697	2.24636
1399585562707984472	-0.128627	-0.0115257	2.24778
1399585562813736482	-0.120339	-0.0272009	2.24909
1399585562820688759	-0.00554081	-0.0358892	2.25194
1399585562876767224	0.157175	-0.0331954	2.25746
1399585562912764250	0.278465	-0.0205398	2.27762
1399585563024723999	0.302716	-0.000753302	2.29652
1399585563030521010	0.276943	0.0206176	2.30828
1399585563122486136	0.238964	0.029541	2.31257
1399585563192474046	0.122461	0.0117021	2.31192
1399585563204538296	-0.0148746	-0.00888544	2.31484
1399585563296455042	-0.0383034	-0.00623197	2.3152
1399585563332337701	0.0352376	0.0236048	2.31452
1399585563437440530	0.125739	0.0663469	2.32087
1399585563445390986	0.153625	0.0939385	2.3291
1399585563543339154	0.0832164	0.0935128	2.33236
1399585563558303022	-0.0156444	0.0821136	2.33433
1399585563651306556	-0.0813105	0.067649	2.33437
1399585563763194608	-0.116661	0.0455132	2.33255
1399585563769263466	-0.139227	0.0284577	2.32911
1399585563870184579	-0.163572	0.0241701	2.32436
1399585563876166982	-0.163344	0.0259234	2.31789
1399585563933104808	-0.105435	0.0226674	2.3113
1399585564037048880	-0.0371223	0.0103811	2.30544
1399585564045074551	-0.00686259	0.00172376	2.30272
1399585564141071101	-0.0142972	0.0044384	2.30472
1399585564177987809	-0.00976814	0.00565051	2.31106
1399585564255027985	0.0173342	-0.000366893	2.3202
1399585564281998243	0.0603757	-0.0123992	2.3323
1399585564349954725	0.102696	-0.0229623	2.3459
1399585564454953331	0.162318	-0.0230136	2.36073
1399585564461941285	0.232604	-0.0164643	2.3768
1399585564558891140	0.280202	-0.0089926	2.3939
1399585564594888628	0.251119	-0.0089911	2.409
1399585564668844186	0.158128	-0.0136908	2.4192
1399585564698815250	0.0639673	-0.0142832	2.42686
1399585564804808620	0.027182	-0.011124	2.43015
1399585564819773222	0.105829	-0.00360823	2.42804
1399585564908715841	0.211296	-0.00574446	2.42651
1399585565021670040	0.211521	-0.0311932	2.42509
1399585565027651585	0.0794856	-0.0521105	2.42647
1399585565125664648	-0.0904195	-0.0242619	2.43063
1399585565131604880	-0.211955	0.0328854	2.42876
1399585565225619695	-0.254434	0.0720948	2.42249
1399585565240557317	-0.152409	0.0974379	2.41586
1399585565330470237	-0.0248557	0.0938718	2.41538
1399585565442543218	-0.0194879	0.0425048	2.41726
1399585565448478778	-0.127547	-0.00988972	2.42285
1399585565505482745	-0.241571	-0.0210039	2.42636
1399585565541455717	-0.303741	0.00879094	2.42167
1399585565649392577	-0.279537	0.0479537	2.41475
1399585565759322557	-0.134158	0.0315835	2.4273
1399585565820330334	-0.0978392	-0.0262655	2.43606
1399585565856269888	-0.071368	-0.0657242	2.43747
1399585565968309472	-0.00182766	-0.0661752	2.43134
1399585565974211051	0.0568893	-0.054946	2.42564
1399585566067261873	0.0875492	-0.0443729	2.42392
1399585566082218213	0.140394	-0.0368134	2.42435
1399585566139164387	0.218492	-0.032358	2.42542
1399585566242081025	0.281551	-0.030541	2.42935
1399585566278164414	0.2917	-0.0316123	2.4319
1399585566347082400	0.252907	-0.0265454	2.43453
1399585566383030685	0.245343	-0.00749278	2.43803
1399585566488049917	0.282537	0.0110551	2.43895
1399585566504009643	0.314991	0.0233471	2.43941
1399585566559991455	0.292938	0.0295172	2.44042
1399585566666934657	0.171831	0.0277571	2.44355
1399585566683916070	0.0192653	0.026016	2.44621
1399585566789881140	-0.106635	0.0297621	2.44762
1399585566803873525	-0.184386	0.0350284	2.44749
1399585566908845842	-0.222135	0.0395531	2.44471
1399585566923819433	-0.235312	0.0404372	2.44034
1399585567014797737	-0.230374	0.0373617	2.43557
1399585567084740583	-0.235223	0.03279	2.4326
1399585567100742092	-0.26004	0.0273936	2.43306
1399585567187703849	-0.261024	0.02084	2.43486
1399585567223631564	-0.21811	0.0111346	2.43711
1399585567328633642	-0.155009	0.00107431	2.44136
1399585567344594758	-0.0989862	-0.00588158	2.4466
1399585567434535249	-0.0622938	-0.0141732	2.45133
1399585567546564942	-0.0114686	-0.024411	2.45669
1399585567552525433	0.0376388	-0.0284756	2.4632
1399585567654547728	0.0809375	-0.0208036	2.47156
1399585567664470301	0.115484	-0.0133437	2.48021
1399585567752517144	0.132786	-0.0154076	2.48589
1399585567760533722	0.141474	-0.0151499	2.4903
1399585567858383624	0.144694	-0.0156507	2.49326
1399585567969365018	0.0730855	-0.0258175	2.49533
1399585567976338912	-0.00343381	-0.0393011	2.49541
1399585568077368317	0.0200397	-0.0399641	2.49188
1399585568083255621	0.0862088	-0.0284044	2.48567
1399585568175329276	0.136074	-0.00614212	2.47957
1399585568182215224	0.140348	0.0166976	2.47536
1399585568280168657	0.102927	0.018044	2.47095
1399585568349140004	0.0495185	0.0123204	2.46714
1399585568364191285	0.00802886	0.0176575	2.46639
1399585568462151755	-0.075348	0.0250379	2.46908
1399585568489108905	-0.130385	0.0270132	2.47308
1399585568595081283	-0.107142	0.0317092	2.47724
1399585568602098782	-0.0622451	0.0308471	2.48234
1399585568705945212	-0.0292691	0.0264749	2.48437
1399585568811904072	-0.00515328	0.0326784	2.48298
1399585568817937329	-0.00148927	0.0405678	2.4785
1399585568918903967	-0.0187993	0.0412483	2.4715
1399585568924879081	-0.0232805	0.035974	2.46082
1399585569025853903	-0.0104522	0.0208869	2.4495
1399585569032814195	0.0100433	0.00202855	2.4395
1399585569088841895	0.0254932	-0.00273864	2.43104
1399585569193749078	0.0480545	-0.00414565	2.42628
1399585569200686057	0.0657469	-0.0107547	2.42495
1399585569297696244	0.0653017	-0.0212922	2.42844
1399585569333700700	0.0578666	-0.0312732	2.43701
1399585569401664903	0.0512665	-0.0365358	2.44835
1399585569437699693	0.0406843	-0.0335312	2.46084
1399585569506581685	0.0337493	-0.0299038	2.47313
1399585569610558696	0.0312005	-0.0256006	2.48345
1399585569618528644	0.0202129	-0.0160562	2.49024
1399585569714562352	0.000691412	-0.00321999	2.49332
1399585569750509690	-0.0109879	0.0123654	2.49269
1399585569856418549	-0.00980322	0.0336537	2.48859
1399585569863468509	-0.000688706	0.0609237	2.48153
1399585569945474876	0.00698502	0.074813	2.47238
1399585570028486713	-0.00365001	0.0639565	2.46157
1399585570043571630	-0.00325248	0.0441583	2.45028
1399585570132247809	0.00369781	0.0404735	2.43894
1399585570169533189	0.0124953	0.0395194	2.42999
1399585570274578892	0.0150125	0.0401799	2.42392
1399585570282437552	0.0102804	0.0401645	2.41944
1399585570342349427	0.0128295	0.0341842	2.41593
1399585570490305091	0.0158247	0.0246116	2.41332
1399585570497141313	0.0143842	0.0161868	2.41422
1399585570553219521	0.038627	0.00270328	2.41745
1399585570589214852	0.100381	-0.0156212	2.41977
1399585570701285237	0.112429	-0.0266748	2.42348
1399585570808296024	0.117013	-0.0287243	2.43024
1399585570814241291	0.13112	-0.0282561	2.43603
1399585570871251114	0.0754879	-0.0261256	2.44052
1399585570879183352	-0.0116385	-0.013726	2.44443
1399585571019116382	-0.070797	0.0025185	2.44522
1399585571025187410	-0.0937551	0.0119819	2.44305
1399585571082084525	-0.0793431	0.0140757	2.44011
1399585571119070489	-0.0444	0.0145511	2.43798
1399585571224114717	-0.0473872	0.016626	2.43931
1399585571239101663	-0.0616538	0.0226353	2.44287
1399585571439973627	-0.0941211	0.0572404	2.44752
1399585571445891241	-0.0907398	0.0614228	2.44918
1399585571511819179	-0.0550785	0.0602709	2.44951
1399585571539857743	-0.0172078	0.0528375	2.44884
1399585571647844343	0.0340502	0.0257761	2.44728
1399585571709831340	0.067015	-0.0014948	2.44443
1399585571720816215	0.0694472	0.000948776	2.44433
1399585571820720951	0.0615222	0.016383	2.44529
1399585571856717378	0.0610902	0.0279339	2.44531
1399585571968685105	0.0956387	0.0376735	2.44432
1399585571974574575	0.167447	0.0484187	2.44471
1399585572068531247	0.214992	0.0529996	2.44793
1399585572083546522	0.227117	0.0383191	2.45176
1399585572172778244	0.164399	0.0211378	2.45957
1399585572240513931	0.0837934	0.0142889	2.4681
1399585572276561968	0.0182308	0.0210665	2.47477
1399585572389457586	-0.0205407	0.026984	2.47937
1399585572395451601	0.0246417	0.0297916	2.48114
1399585572452778436	0.140336	0.0332552	2.47947
1399585572600333334	0.245511	0.0305072	2.47815
1399585572606356625	0.280217	0.014832	2.4761
1399585572666315026	0.289533	1.34744e-05	2.47367
1399585572683300490	0.259272	0.00192082	2.48007
1399585572810303326	0.115964	0.00730238	2.49012
1399585572817217681	-0.0640743	0.00915957	2.49763
1399585572910190561	-0.197779	0.0171741	2.50409
1399585572917228677	-0.257316	0.028904	2.50545
1399585572978225944	-0.283418	0.0331111	2.50319
1399585573125934324	-0.309355	0.0319429	2.49717
1399585573131969331	-0.333182	0.0355131	2.48738
1399585573188914715	-0.347961	0.0394698	2.47572
1399585573224907151	-0.34999	0.0406621	2.46575
1399585573329794102	-0.348223	0.038517	2.45727
1399585573344852990	-0.346648	0.0272669	2.45174
1399585573397792984	-0.320034	0.0169531	2.44792
1399585573501794276	-0.26923	0.0136304	2.44341
1399585573537705941	-0.203016	0.0110457	2.44159
1399585573606718604	-0.102391	0.00861387	2.44383
1399585573648674394	0.0109855	0.0149873	2.44785
1399585573748684874	0.0851685	0.0319728	2.45768
1399585573763658777	0.128227	0.0497753	2.4656
1399585573819648598	0.160716	0.055974	2.46593
1399585573922609004	0.201245	0.0505348	2.46022
1399585573937580924	0.243059	0.0440853	2.45238
1399585574027529809	0.267117	0.0366123	2.44485
1399585574063526800	0.286387	0.0405275	2.44145
1399585574131505112	0.283826	0.0481854	2.44157
1399585574235483966	0.259978	0.0515847	2.44281
1399585574243436888	0.240102	0.0587147	2.44524
1399585574339394944	0.202094	0.0771255	2.45184
1399585574376372534	0.139104	0.0866357	2.45861
1399585574488281037	0.067404	0.0830265	2.46483
1399585574494297797	-0.00104676	0.0723258	2.47094
1399585574588287723	-0.0531558	0.0605684	2.47724
1399585574603265235	-0.101246	0.0539852	2.48562
1399585574699234097	-0.131137	0.0554476	2.49387
1399585574804205823	-0.138566	0.0593358	2.50226
1399585574811181672	-0.149589	0.054093	2.51174
1399585574890154683	-0.165828	0.0404903	2.52062
1399585574904159800	-0.176676	0.0299219	2.52616
1399585574972138096	-0.172345	0.0218516	2.528
1399585575120073155	-0.148502	0.0202167	2.52778
1399585575126057480	-0.130826	0.0271023	2.52714
1399585575182978452	-0.100352	0.0268591	2.52693
1399585575198018453	-0.0663609	0.0141875	2.52632
1399585575286894673	-0.0129612	0.00158016	2.52468
1399585575322922390	0.0376073	-0.000395115	2.52525
1399585575428930682	0.0686831	0.00263855	2.52968
1399585575443937881	0.0952744	0.00616549	2.53668
1399585575533845518	0.107519	0.00914664	2.54545
1399585575602727049	0.132164	0.00978914	2.55378
1399585575617802036	0.156289	0.00987012	2.56206
1399585575749771851	0.14947	0.0121305	2.57083
1399585575755665245	0.133434	0.0198037	2.57994
1399585575813675221	0.124646	0.0252771	2.58749
1399585576168595823	-0.0156281	0.0847757	2.62268
1399585576174548033	0.00509815	0.0812958	2.61396
1399585576268445642	0.0443298	0.0824053	2.59784
1399585576283441166	0.0814523	0.0771407	2.57736
1399585576373448689	0.0887082	0.055717	2.55571
1399585576448349338	0.0429303	0.0395946	2.53549
1399585576477460941	-0.0148778	0.0404767	2.5181
1399585576690380010	-0.0186986	0.0211759	2.4856
1399585576698324428	-0.0214146	0.0127867	2.48616
1399585576908274199	-0.051178	0.0246668	2.50197
1399585576914233255	-0.0468283	0.0294634	2.51425
1399585577014162661	-0.0266093	0.0353039	2.52667
1399585577020145253	-0.00694698	0.0483504	2.53747
1399585577077130680	0.0220199	0.0510706	2.54547
1399585577176095754	0.0998803	0.0442447	2.54884
1399585577189084640	0.151586	0.0314059	2.55027
1399585577286058042	0.125682	0.0265634	2.55119
1399585577301070538	0.0781767	0.035656	2.55005
1399585577390009169	0.0298119	0.0425235	2.54437
1399585577426003609	0.00995442	0.0446662	2.53527
1399585577531953872	0.0143295	0.0420963	2.52457
1399585577539963075	0.0101757	0.0389588	2.51434
1399585577640891779	-0.00439423	0.0418508	2.50583
1399585577749757980	-0.0213428	0.055569	2.49897
1399585577756836102	-0.0298097	0.0632081	2.49388
1399585577813798803	-0.0236829	0.065592	2.49097
1399585577849674062	-0.0108586	0.0625659	2.49018
1399585577918778375	0.00862343	0.0458862	2.49259
1399585578029672500	0.0249676	0.0267378	2.49757
1399585578035666212	0.0254624	0.0187059	2.50447
1399585578126645366	0.0280109	0.020716	2.51176
1399585578141604561	0.0497243	0.0215769	2.51759
1399585578252538792	0.0599195	0.0210605	2.52105
1399585578267483482	0.0577123	0.0265242	2.52366
1399585578334491278	0.0551605	0.0371283	2.52767
1399585578446428931	0.0590201	0.0440943	2.53193
1399585578452395755	0.0662664	0.0422764	2.53649
1399585578547402989	0.0711851	0.0387617	2.54237
1399585578562418441	0.104491	0.0394866	2.54947
1399585578662429723	0.164311	0.0385273	2.55614
1399585578686364720	0.158722	0.0364887	2.56463
1399585578792243457	0.101465	0.0357655	2.57249
1399585578799310310	0.102104	0.0337092	2.57766
1399585578897149472	0.178062	0.0373072	2.58285
1399585578965253318	0.268511	0.0455825	2.5895
1399585578980229534	0.264944	0.0409198	2.59766
1399585579069220901	0.118079	0.0264053	2.60435
1399585579105172813	-0.089286	0.028236	2.60876
1399585579174179803	-0.234331	0.0572879	2.60587
1399585579289135053	-0.278703	0.090037	2.59236
1399585579295064394	-0.262134	0.0971075	2.58408
1399585579385050863	-0.249666	0.0852048	2.581
1399585579400062356	-0.262101	0.0792364	2.57732
1399585579488976141	-0.278069	0.0767657	2.57233
1399585579524972961	-0.260117	0.0697505	2.56758
1399585579592937849	-0.215461	0.0610708	2.56404
1399585579747787007	-0.15901	0.0382077	2.56321
1399585579753809831	-0.110362	0.0188126	2.56203
1399585579763785850	-0.0637569	0.00803408	2.55818
1399585579838842412	-0.0163506	0.00163892	2.55391
1399585579906800515	0.0287283	0.00119857	2.54932
1399585579942707389	0.0551489	0.000196073	2.54517
1399585580048653516	0.0997156	-0.0115707	2.53969
1399585580063693982	0.145735	-0.0278385	2.53348
1399585580154661362	0.162022	-0.0308155	2.53092
1399585580258586204	0.166012	-0.00326123	2.53818
1399585580326588693	0.172983	-0.00512977	2.54114
1399585580362556891	0.163277	-0.00420681	2.54647
1399585580467459083	0.139901	0.00407287	2.55422
1399585580482477685	0.118121	0.0107762	2.56143
1399585580573438163	0.10764	0.0141822	2.56624
1399585580689444261	0.08021	0.0277873	2.57131
1399585580699343471	0.027121	0.0552627	2.57583
1399585580794364897	-0.0218514	0.0857245	2.57881
1399585580801400184	-0.050919	0.106527	2.58055
1399585580857284230	-0.0713697	0.110493	2.58335
1399585580897402509	-0.0929816	0.09929	2.5878
1399585580962257774	-0.110196	0.0816072	2.59103
1399585581066240669	-0.119617	0.0672957	2.59389
1399585581081268902	-0.131346	0.0735556	2.59575
1399585581170237038	-0.142211	0.0872834	2.59684
1399585581207095632	-0.153586	0.0876696	2.59901
1399585581275139042	-0.139068	0.0743596	2.60278
1399585581400092050	-0.106184	0.0556776	2.60672
1399585581406119981	-0.093823	0.0456777	2.612
1399585581531069619	-0.0720975	0.0443965	2.61581
1399585581538042768	-0.0314351	0.0405008	2.6167
1399585581638011494	0.0439022	0.0276774	2.61219
1399585581697928266	0.0706378	0.0292554	2.60749
1399585581842890585	0.105021	0.0122296	2.59345
1399585581860900197	0.115531	0.00600122	2.58742
1399585581945838396	0.142084	-0.000847757	2.58344
1399585582013847487	0.163568	-0.00801551	2.58215
1399585582050815172	0.0933175	-0.0145352	2.58422
1399585582155806781	-0.0476932	-0.0166976	2.58654
1399585582163767951	-0.101767	-0.0118621	2.58682
1399585582260717709	-0.0349818	0.00408815	2.58324
1399585582328677046	0.0521069	0.027251	2.57938
1399585582343689702	0.095365	0.045725	2.57769
1399585582432586627	0.101425	0.0605279	2.57813
1399585582468622447	0.0886447	0.0701895	2.5783
1399585582546643489	0.0604041	0.0765774	2.57754
1399585582655562190	0.0778874	0.0756783	2.5745
1399585582664504125	0.116687	0.0779059	2.57095
1399585582793512329	0.103599	0.0832622	2.56996
1399585582799440042	0.0805782	0.0830623	2.56996
1399585582856469680	0.0569201	0.0775682	2.57092
1399585582892386096	0.0376778	0.0747288	2.57528
1399585582960494725	0.0307247	0.0706191	2.58248
1399585582996403166	0.0356834	0.0647162	2.59142
1399585583102632289	0.0306968	0.0649314	2.60183
1399585583124421793	0.00268722	0.0602218	2.61166
1399585583209419856	-0.0148934	0.0528843	2.61985
1399585583321320874	-0.0300553	0.0438993	2.62356
1399585583327276660	-0.0453792	0.0395762	2.62265
1399585583384275444	-0.0321206	0.0413328	2.61893
1399585583420311253	-0.000440747	0.0472875	2.61482
1399585583525208525	0.00152004	0.0510193	2.60925
1399585583540275284	-0.0148469	0.0563351	2.60166
1399585583632264599	-0.025992	0.0538454	2.59318
1399585583658256204	-0.0241251	0.0399224	2.58258
1399585583739178069	-0.0213339	0.0363929	2.57042
1399585583808141114	-0.019119	0.0459805	2.55856
1399585583844120717	-0.0231373	0.0455231	2.54789
1399585583949071273	-0.0190978	0.0334502	2.53857
1399585583957028847	-0.00698609	0.0286329	2.5319
1399585584053983808	0.00700878	0.033159	2.52893
1399585584166918834	0.0230016	0.0392851	2.52787
1399585584172968616	0.0366622	0.0441358	2.5283
1399585584273924239	0.0512021	0.0483681	2.5308
1399585584280848676	0.0616697	0.0488359	2.53473
1399585584337826334	0.0672301	0.0525716	2.54118
1399585584448827037	0.0708023	0.0616209	2.55028
1399585584454790448	0.0716064	0.0682008	2.55934
1399585584545702963	0.0696478	0.0723123	2.56697
1399585584560696744	0.0624189	0.074432	2.57258
1399585584653742508	0.0537163	0.0653956	2.57527
1399585584686707617	0.0911798	0.0554425	2.57415
1399585584791630912	0.129192	0.0556929	2.5734
1399585584799621631	0.104843	0.0719389	2.57718
1399585584897548051	0.0730971	0.0934895	2.58239
1399585585009517092	0.126748	0.0990965	2.58636
1399585585015522863	0.177565	0.0871377	2.59127
1399585585113512302	0.133018	0.0634105	2.59711
1399585585119500444	0.0108119	0.0516744	2.60733
1399585585176468792	-0.113733	0.0556873	2.61913
1399585585288399366	-0.192541	0.0641873	2.62747
1399585585294378140	-0.206851	0.0741192	2.63267
1399585585428356236	-0.186856	0.0703208	2.63423
1399585585434379006	-0.150266	0.0486483	2.63616
1399585585534312082	-0.127771	0.0250567	2.63301
1399585585540401384	-0.120756	0.00974997	2.62468
1399585585597226365	-0.135497	0.00417473	2.61333
1399585585715137495	-0.133968	0.0135446	2.60007
1399585585721228476	-0.0846875	0.0327403	2.58713
1399585585805237535	-0.0210656	0.0484514	2.57695
1399585585821190528	0.0349611	0.055066	2.5721
1399585585954132015	0.0690199	0.0552448	2.57029
1399585585960108801	0.0821728	0.0527897	2.57083
1399585586051065674	0.0876556	0.0504603	2.57349
1399585586059090649	0.0945019	0.0507386	2.57765
1399585586156990091	0.0871758	0.0484033	2.5828
1399585586225958920	0.0308771	0.0437549	2.58953
1399585586240909824	-0.0197001	0.0412536	2.59673
1399585586329945709	0.00255798	0.0429262	2.60208
1399585586365951580	0.0541514	0.0478348	2.60759
1399585586449819795	0.0750768	0.0517425	2.61445
1399585586545785708	0.0808045	0.0559557	2.6205
1399585586551788466	0.0692758	0.0577	2.62524
1399585586649766102	-0.00292699	0.0537714	2.63063
1399585586658754420	-0.0918397	0.0497981	2.63468
1399585586748739883	-0.156246	0.0473327	2.63566
1399585586785709875	-0.126648	0.0470529	2.63292
1399585586890706149	-0.0539388	0.048728	2.6276
1399585586898607920	-0.0468721	0.0493905	2.62602
1399585586995588728	-0.0957656	0.049832	2.62422
1399585587063552310	-0.0959175	0.0542516	2.61878
1399585587079533882	-0.0433086	0.0537792	2.61228
1399585587167436516	0.0328934	0.0501426	2.6065
1399585587204473057	0.0887645	0.0449237	2.60341
1399585587309485339	0.100429	0.0407774	2.60338
1399585587317420238	0.0854309	0.0379391	2.60645
1399585587377387596	0.0787116	0.0353685	2.61043
1399585587525387326	0.089499	0.0360483	2.6144
1399585587531382645	0.0981371	0.0386584	2.61911
1399585587589392639	0.0817434	0.0406967	2.62378
1399585587625295666	0.0512652	0.0419224	2.62796
1399585587697229889	0.0358426	0.0374784	2.63061
1399585587794225709	0.0148961	0.0325625	2.63332
1399585587801211067	-0.00991337	0.0288295	2.63708
1399585587948156096	-0.0287695	0.0214511	2.64065
1399585587954158756	-0.0405359	0.0218518	2.64352
1399585588011346242	-0.0467222	0.0297721	2.64574
1399585588047264347	-0.0508274	0.0393182	2.64777
1399585588115255922	-0.0471639	0.0509525	2.65031
1399585588207195252	-0.04101	0.0578057	2.65343
1399585588256348843	-0.0413561	0.0553537	2.65748
1399585588326208928	-0.0471744	0.0449606	2.6617
1399585588361152315	-0.0442135	0.0381507	2.66482
1399585588571852124	-0.0171724	0.0704861	2.66099
1399585588580002585	0.0388011	0.0586141	2.65847
1399585588650006750	0.0629855	0.0402252	2.65763
1399585588790781540	0.0456711	0.0315902	2.66223
1399585588796987010	0.0505416	0.0253154	2.6668
1399585588853950396	0.0698282	0.0251862	2.66878
1399585588889843111	0.0909184	0.0359909	2.67074
1399585588994867699	0.101814	0.0470341	2.67173
1399585589002804682	0.0953846	0.0512819	2.67016
1399585589099727924	0.0833535	0.0464572	2.66624
1399585589167765032	0.0709029	0.0378052	2.66164
1399585589182665596	0.064977	0.0346486	2.65765
1399585589259738943	0.0601695	0.0344478	2.65419
1399585589308596638	0.0475355	0.0319854	2.65003
1399585589414569324	0.0296677	0.0265441	2.64617
1399585589421625415	0.00548562	0.0224042	2.64305
1399585589519438793	-0.0126519	0.0287078	2.64201
1399585589537515407	-0.0250065	0.0389789	2.64268
1399585589624525959	-0.037368	0.0446487	2.64337
1399585589737476214	-0.0502301	0.052721	2.64386
1399585589743380223	-0.0533584	0.0621811	2.64423
1399585589844385822	-0.0412588	0.0643925	2.64464
1399585589850344191	-0.0243091	0.0643022	2.64486
1399585589907288097	-0.00800652	0.0657341	2.64476
1399585590056329745	0.0156978	0.0638164	2.64411
1399585590062318848	0.0552944	0.0624299	2.64293
1399585590076359487	0.0672121	0.0591953	2.64301
1399585590154285296	0.0694118	0.0540588	2.64421
1399585590222059132	0.119286	0.0497404	2.64512
1399585590258054218	0.195706	0.0472487	2.64929
1399585590363994018	0.231874	0.0430331	2.65736
1399585590379170578	0.186047	0.0391062	2.66749
1399585590470974210	0.109508	0.0404587	2.67787
1399585590584085592	0.0559518	0.043643	2.68411
1399585590590069231	0.0342127	0.0462756	2.68727
1399585590691072458	0.0206507	0.051031	2.68861
1399585590699857441	-0.00636468	0.0445013	2.68837
1399585590754963043	-0.0424802	0.0235627	2.68748
1399585590864911257	-0.0560019	0.0102592	2.68723
1399585590870880836	-0.0832661	0.012368	2.68345
1399585590949881434	-0.105529	0.0313594	2.67582
1399585590998907690	-0.117229	0.0551299	2.66525
1399585591110852675	-0.117219	0.0728596	2.65456
1399585591116791671	-0.101097	0.0775724	2.64531
1399585591207742925	-0.0848969	0.0756828	2.6367
1399585591222777659	-0.0566539	0.0785155	2.62845
1399585591313730286	-0.0233916	0.0860631	2.62284
1399585591417579455	0.0380073	0.0714474	2.61478
1399585591530684401	0.0729861	0.0610069	2.61199
1399585591536628600	0.0946914	0.0525815	2.61138
1399585591630566961	0.100145	0.0453488	2.61239
1399585591646617209	0.103526	0.0426679	2.61389
1399585591701565221	0.103825	0.0405365	2.61513
1399585591805501105	0.0970472	0.0374611	2.61735
1399585591820442873	0.0921617	0.0449638	2.62068
1399585591909494920	0.0877811	0.0524108	2.62318
1399585591945338911	0.0759712	0.056279	2.62398
1399585592050382139	0.0587423	0.0540872	2.62376
1399585592058208237	0.0416355	0.0486791	2.62243
1399585592155456230	0.0286795	0.0494676	2.62013
1399585592223174020	0.0129657	0.0625395	2.618
1399585592238176788	-0.00713075	0.0679239	2.61605
1399585592327245040	-0.0348726	0.0585399	2.61342
1399585592363081444	-0.0506521	0.0497934	2.61088
1399585592469048825	-0.0622876	0.0498603	2.6087
1399585592476055563	-0.0669427	0.048812	2.60836
1399585592559035804	-0.0682481	0.0420312	2.61011
1399585592644970510	-0.066596	0.0380835	2.61325
1399585592662086334	-0.0650318	0.0378437	2.61696
1399585592789085877	-0.0632988	0.0430858	2.62203
1399585592794989660	-0.101196	0.0487127	2.63052
1399585592852005805	-0.132068	0.0613729	2.63953
1399585592963870492	-0.0982309	0.0778876	2.64321
1399585592969856463	-0.0307959	0.0788132	2.64455
1399585593104656417	0.0293679	0.0631757	2.64398
1399585593110723932	0.0426805	0.0461164	2.64125
1399585593209622972	0.0351382	0.0419187	2.6373
1399585593215557694	0.0226774	0.0527202	2.6321
1399585593272585647	0.0286405	0.0685097	2.62541
1399585593383504554	0.0394236	0.0652423	2.61763
1399585593390550477	0.0581906	0.0383214	2.60747
1399585593481443682	0.0691904	0.0195253	2.59878
1399585593496481324	0.061096	0.0204531	2.59605
1399585593629443293	0.0455158	0.0297523	2.59748
1399585593635444385	0.0325682	0.0357393	2.60126
1399585593727374131	0.0257462	0.0398398	2.6065
1399585593742393875	0.014105	0.0373756	2.61261
1399585593833262876	-0.0193345	0.0288467	2.61854
1399585593945301922	-0.0329929	0.020257	2.62299
1399585593952343196	-0.0199957	0.0238484	2.62511
1399585594052299612	-0.013785	0.0514049	2.62647
1399585594058196816	-0.00413568	0.0879818	2.62593
1399585594152270094	0.0113079	0.109325	2.62369
1399585594160188218	0.0043003	0.125465	2.62143
1399585594220227793	-0.0131583	0.133069	2.61888
1399585594324162118	-0.0227292	0.117132	2.61535
1399585594339157179	-0.0273287	0.0910722	2.61335
1399585594428092372	-0.0464746	0.0705902	2.61372
1399585594586933231	-0.0141772	0.0406563	2.61737
1399585594682916702	0.00582327	0.0258811	2.62056
1399585594766837988	-0.014088	0.0134919	2.62888
1399585594773884046	-0.102693	0.00922785	2.64047
1399585594850869492	-0.13063	0.0183904	2.65139
1399585594887837275	-0.0531575	0.0235671	2.66005
1399585594993748255	0.0517871	0.0101784	2.66927
1399585595000777083	0.0703992	-0.0167834	2.68379
1399585595098696564	0.0184886	-0.0312483	2.69705
1399585595210695595	0.0286656	-0.00029593	2.70531
1399585595216595590	0.0910555	0.0475942	2.70854
1399585595314652673	0.162123	0.0759962	2.7061
1399585595321625323	0.206116	0.0706626	2.69409
1399585595377597649	0.209233	0.0504904	2.67864
1399585595476532642	0.18372	0.0494783	2.66944
1399585595483528348	0.150923	0.0769693	2.66601
1399585595573529162	0.115055	0.103355	2.66276
1399585595622482002	0.111139	0.116232	2.65676
1399585595690401284	0.124919	0.117259	2.65105
1399585595726427457	0.114217	0.116528	2.64794
1399585595832283279	0.0840207	0.120418	2.64577
1399585595840426049	0.0342322	0.120001	2.6457
1399585595938321634	-0.0191082	0.107474	2.64744
1399585596006318591	-0.0527901	0.0898398	2.64967
1399585596021300459	-0.0662505	0.074788	2.65089
1399585596110290507	-0.0544076	0.0667063	2.65222
1399585596147322083	-0.027032	0.0652552	2.6547
1399585596215161680	-0.0349762	0.0572817	2.65727
1399585596326185824	-0.0674445	0.0430305	2.6603
1399585596332167476	-0.0853462	0.0322035	2.66298
1399585596423172159	-0.0818243	0.0318017	2.66451
1399585596438085768	-0.0655397	0.031221	2.66548
1399585596527165243	-0.0459783	0.0239024	2.66709
1399585596563075627	-0.0212741	0.0177808	2.6686
1399585596632042730	0.0168296	0.0191892	2.66918
1399585596736025900	0.0266649	0.0233615	2.66738
1399585596744004098	0.0165272	0.0268257	2.66412
1399585596839958977	0.00970895	0.0266731	2.65812
1399585596876978005	0.01054	0.0286186	2.65046
1399585596987884014	0.017513	0.0287973	2.6426
1399585596994902631	0.0209459	0.0253832	2.63457
1399585597050835831	0.0225958	0.0295843	2.62839
1399585597198775286	0.0341359	0.0424051	2.625
1399585597204722004	0.0515214	0.0594447	2.62368
1399585597219766702	0.0570629	0.0735833	2.6245
1399585597296771251	0.0478034	0.076015	2.62579
1399585597408735950	0.0327694	0.0674095	2.62683
1399585597415585826	0.0150198	0.0501654	2.62786
1399585597471657269	0.00427552	0.0343165	2.6276
1399585597583597415	0.00101782	0.0251126	2.62689
1399585597589623560	0.00189471	0.0202377	2.62583
1399585597731503030	0.00153575	0.0166573	2.62447
1399585597737467396	-0.000106506	0.012595	2.62179
1399585597790514921	-0.00392401	0.0066739	2.61761
1399585597825452838	-0.0102958	0.00444839	2.61247
1399585597930380296	-0.0161383	0.00843447	2.60668
1399585597938391233	-0.0168878	0.0129209	2.60136
1399585601043034599	-0.00937282	0.0184723	2.59544
1399585601043235919	0.00269316	0.0318922	2.59088
1399585601043255737	0.0117037	0.0372596	2.58669
1399585601043273381	0.00722748	0.0539386	2.58329
1399585601043290640	-0.00385823	0.0549329	2.5812
1399585601043307842	-0.0154481	0.0435485	2.57996
1399585601043324613	-0.0235772	0.0220814	2.57887
1399585601043341612	-0.028284	-0.00117063	2.57786
1399585601043359145	0.0178986	0.0269567	2.57287
1399585601043375843	0.0257138	0.0379019	2.56851
1399585601043392297	0.0118262	0.0274721	2.56602
1399585601043431609	0.00813002	0.022669	2.56423
1399585601043450542	0.0106348	0.0260228	2.56169
1399585601043467384	0.00953501	0.0244251	2.55916
1399585601043484476	0.00987648	0.0252613	2.55706
1399585601043501043	0.0096088	0.0252498	2.55478
1399585601043518055	0.00939386	0.0250484	2.55257
1399585601043535194	0.00940934	0.0250437	2.55022
1399585601043552276	0.00914616	0.0249348	2.54786
1399585601043569074	0.00907816	0.0250077	2.54573
1399585601043585728	0.00892774	0.0250488	2.5433
1399585601043602577	0.00876766	0.0250377	2.5411
1399585601043619819	0.00860531	0.0251101	2.53875
1399585601043637095	0.00835151	0.0251021	2.53625
1399585601043654187	0.00828615	0.0252377	2.53417
1399585601043670708	0.00821415	0.0252118	2.53195
1399585601043687285	0.00797928	0.0251781	2.52973
1399585601043703743	0.00792478	0.0253995	2.52761
1399585601043725144	0.00778172	0.0252412	2.52525
1399585601043742387	0.00765054	0.0253998	2.52328
1399585601043759352	0.00756713	0.0252872	2.52091
1399585601043776096	0.00733851	0.0254821	2.51884
1399585601043792597	0.0073051	0.0253924	2.51665
1399585601043809205	0.00707548	0.0255116	2.51457
1399585601043841214	0.00702772	0.0254392	2.51252
1399585601043859586	0.00531388	0.0231379	2.49168
1399585601043876704	0.00377323	0.0206232	2.47277
1399585601043893947	0.00232936	0.0181461	2.45397
1399585601043911116	0.00109487	0.0157774	2.43561
1399585601043928485	0.000112151	0.0133666	2.41912
1399585601043972352	-0.000900484	0.0110032	2.4014
1399585601043996550	-0.00174713	0.0087086	2.38539
1399585601044014584	-0.00240948	0.00662332	2.36958
1399585601044031923	-0.00305443	0.0045546	2.35399
1399585601044053836	-0.00358323	0.0024333	2.33989
1399585601044071156	-0.00403952	0.000689764	2.32481
1399585601044087787	-0.00444357	-0.00107456	2.31123
1399585601044104541	-0.00483242	-0.00288007	2.29798
1399585601044121042	-0.00514888	-0.00452291	2.28492
1399585601044137616	-0.00537869	-0.00608036	2.27308
1399585601044154314	-0.00557938	-0.0076266	2.26066
1399585601062089349	-0.00569901	-0.0091108	2.24945
1399585601117097830	-0.00579494	-0.0104182	2.23821
1399585601221991190	-0.00583311	-0.0117564	2.22718
1399585601271049896	-0.00587096	-0.0131002	2.2173
1399585601328076738	-0.00590338	-0.0141794	2.20669
1399585601374861084	-0.00593467	-0.015299	2.19708
1399585601429955918	-0.00596293	-0.0164371	2.18767
1399585601478927685	-0.00593788	-0.0174255	2.17829
1399585601583694542	-0.00585861	-0.0183467	2.16977
1399585601598768405	-0.00579814	-0.0192553	2.16069
1399585601687822693	-0.00571936	-0.0201143	2.15259
1399585601746732447	-0.00563783	-0.0209054	2.14472
1399585601791701030	-0.0055212	-0.0216742	2.13706
1399585601847659569	-0.00537154	-0.0224628	2.13017
1399585601896578055	-0.00527021	-0.0230944	2.12278
1399585602000366498	-0.00513953	-0.0237924	2.11613
1399585602015439297	-0.00499848	-0.02445	2.10964
1399585602105574569	-0.00489481	-0.025067	2.10317
1399585602160470154	-0.00480045	-0.0256437	2.09737
1399585602209427847	-0.00468194	-0.0262642	2.09136
1399585602268524015	-0.00458046	-0.0268741	2.08598
1399585602321498255	-0.00452911	-0.0274524	2.08068
1399585602418310039	-0.00450643	-0.028015	2.07542
1399585602473374009	-0.00445247	-0.0286155	2.07064
1399585602522308365	-0.00437907	-0.0290841	2.06553
1399585602578304640	-0.00432184	-0.0295492	2.06089
1399585602630302423	-0.0042441	-0.0300063	2.05642
1399585602683299259	-0.0041951	-0.03043	2.05204
1399585602739296178	-0.00416104	-0.0308552	2.04813
1399585602836105178	-0.00410236	-0.0312536	2.04402
1399585602891195575	-0.00399188	-0.0316189	2.0403
1399585602940157405	-0.00396557	-0.0319677	2.03662
1399585602996172333	-0.0038982	-0.0323051	2.03309
1399585603044881625	-0.00381025	-0.0326499	2.02996
1399585603099817015	-0.00377366	-0.0329118	2.02648
1399585603156759295	-0.00369896	-0.0331978	2.02346
1399585603253752374	-0.0036239	-0.0334974	2.02056
1399585603311791575	-0.00359401	-0.0337642	2.01761
1399585603358219596	-0.00354088	-0.0340466	2.01495
1399585603412653307	-0.0034945	-0.0343294	2.01199
1399585603461652003	-0.0034527	-0.0345751	2.00943
1399585603517646822	-0.00340974	-0.034814	2.00707
1399585603621543893	-0.0033692	-0.0350667	2.00469
