#Time	 Roll 	 Pitch 	 Yaw
1399500860462907745	-0.0164808	0.00520428	0.364417
1399500860515995327	-0.0163476	0.00552236	0.364543
1399500860531870187	-0.0161805	0.00584489	0.36464
1399500860596932765	-0.0160541	0.00618463	0.364729
1399500860613965590	-0.0159016	0.00652271	0.36483
1399500860636935026	-0.0157303	0.00682772	0.364955
1399500860676941880	-0.0155803	0.00712892	0.365074
1399500860729752578	-0.0154254	0.00744346	0.3652
1399500860745875429	-0.0152985	0.00775095	0.365335
1399500860859937723	-0.0151383	0.0080464	0.365468
1399500860876790299	-0.0149855	0.00834066	0.365575
1399500860892721389	-0.0148566	0.00863514	0.36571
1399500860985718260	-0.0147041	0.00893884	0.365813
1399500861001636320	-0.0145547	0.00924539	0.365879
1399500861018633411	-0.0143856	0.00954387	0.365951
1399500861035520489	-0.0142469	0.00984906	0.366041
1399500861069529663	-0.014106	0.0101567	0.366104
1399500861098569121	-0.0139788	0.0104342	0.366179
1399500861158468449	-0.0138661	0.0107512	0.36627
1399500861246441095	-0.0137412	0.0110528	0.366387
1399500861262449683	-0.0136058	0.0113412	0.366475
1399500861279405978	-0.0134891	0.0116177	0.366602
1399500861298412856	-0.0133674	0.0118831	0.366719
1399500861386392087	-0.0132195	0.0121567	0.366843
1399500861402406740	-0.0130984	0.0124292	0.366968
1399500861430375681	-0.0129543	0.0127196	0.367094
1399500861501385172	-0.0128236	0.0129671	0.367192
1399500861518360913	-0.0126729	0.0132582	0.367303
1399500861597300475	-0.0125255	0.0135293	0.367414
1399500861637293139	-0.0123955	0.0138246	0.367513
1399500861655289024	-0.0122745	0.0141128	0.367613
1399500861677279750	-0.0121392	0.0143921	0.367694
1399500861754245037	-0.0120065	0.0146716	0.367804
1399500861772322239	-0.011916	0.0149409	0.367909
1399500861828354715	-0.0117836	0.0151946	0.368015
1399500861844347202	-0.0116439	0.015477	0.368127
1399500861910178295	-0.0115285	0.0157851	0.368274
1399500861927146298	-0.0113995	0.0160553	0.368385
1399500861955116773	-0.0112499	0.0163629	0.368533
1399500862026089415	-0.011141	0.0166161	0.368625
1399500862069015463	-0.0109908	0.0169115	0.368734
1399500862086056494	-0.0108678	0.0171621	0.368843
1399500862103020526	-0.0107586	0.0174243	0.368969
1399500862226034676	-0.0106449	0.0176762	0.369085
1399500862243009964	-0.0105243	0.0179523	0.369145
1399500862295943032	-0.0104216	0.0182431	0.369252
1399500862311949986	-0.0103036	0.0184879	0.369348
1399500862345922915	-0.0100575	0.0189911	0.369545
1399500862439851605	-0.00993361	0.0192652	0.36967
1399500862459865845	-0.00982328	0.0195003	0.369741
1399500862542785972	-0.00967524	0.0197467	0.369799
1399500862558819529	-0.00954572	0.0200121	0.369924
1399500862575816344	-0.00943687	0.0202755	0.37007
1399500862598749151	-0.00932223	0.0205237	0.370185
1399500862626785736	-0.00922896	0.0207786	0.370288
1399500862740688266	-0.00913819	0.0210476	0.370383
1399500862757812090	-0.00903102	0.0213169	0.370492
1399500862774725178	-0.0089227	0.0215682	0.37057
1399500862791745606	-0.00882036	0.0218025	0.37065
1399500862867756152	-0.00870913	0.0220256	0.37072
1399500862883756302	-0.00861884	0.0222643	0.370815
1399500862929792419	-0.00849268	0.0224845	0.370867
1399500862946650918	-0.0083834	0.0227302	0.370968
1399500863067627181	-0.00825869	0.0229792	0.371095
1399500863083620181	-0.0081628	0.0232293	0.371187
1399500863100594637	-0.00806157	0.0234579	0.371257
1399500863194620595	-0.00794839	0.0237018	0.371349
1399500863211578584	-0.00785346	0.0239321	0.371436
1399500863227575508	-0.00778715	0.0241659	0.371547
1399500863244590297	-0.00766593	0.0243941	0.371621
1399500863267578899	-0.00757069	0.0246299	0.3717
1399500863349546739	-0.00747273	0.0248575	0.371785
1399500863403469183	-0.00724209	0.025332	0.372009
1399500863489499142	-0.00712982	0.0255726	0.372107
1399500863505441133	-0.00700991	0.0258099	0.372246
1399500863522424121	-0.00690816	0.0260096	0.372346
1399500863577420245	-0.00682523	0.0261952	0.37247
1399500863604439430	-0.00670907	0.0263978	0.372609
1399500863639487695	-0.00662857	0.0266258	0.372713
1399500863660391780	-0.00651978	0.0268366	0.37281
1399500863751370460	-0.00642457	0.0270592	0.372889
1399500863775396035	-0.00635776	0.0272849	0.373002
1399500863824323507	-0.00622927	0.0275047	0.373083
1399500863841335237	-0.00614102	0.0277369	0.373188
1399500863861366209	-0.00604565	0.027972	0.37329
1399500863918357745	-0.00594748	0.0281786	0.373396
1399500863952262270	-0.005839	0.0283939	0.37345
1399500864049144645	-0.00574922	0.0286128	0.373532
1399500864065146351	-0.00567854	0.0288016	0.373592
1399500864082183216	-0.00557405	0.0290319	0.37363
1399500864118173882	-0.0054692	0.0292222	0.373708
1399500864224119843	-0.00536086	0.0294517	0.373779
1399500864241150608	-0.00523723	0.0296777	0.373836
1399500864294129607	-0.00512965	0.0298956	0.373899
1399500864310078306	-0.00502595	0.0300927	0.373924
1399500864327099383	-0.00493002	0.0303031	0.373951
1399500864343123158	-0.00480799	0.0305034	0.374041
1399500864433098362	-0.00470601	0.0307315	0.374114
1399500864479974972	-0.00462038	0.0309748	0.374227
1399500864504008885	-0.00455025	0.031172	0.374328
1399500864521003349	-0.00443452	0.0314037	0.374388
1399500864591923768	-0.00433904	0.0316111	0.374483
1399500864608915704	-0.00425098	0.0318193	0.374559
1399500864625928386	-0.00412928	0.0320016	0.37461
1399500864686502889	-0.00404066	0.0322129	0.374671
1399500864752978196	-0.00394511	0.0324142	0.374751
1399500864768977224	-0.00388476	0.0326022	0.374765
1399500864785966456	-0.00380128	0.0328079	0.374864
1399500864866870561	-0.00371704	0.0329906	0.374899
1399500864909923644	-0.00364173	0.0331842	0.374944
1399500864927847070	-0.00353856	0.0333547	0.374984
1399500864943854510	-0.0034431	0.0335359	0.375043
1399500865066926573	-0.00335032	0.033737	0.37511
1399500865083829041	-0.00326917	0.0339071	0.375185
1399500865099797104	-0.00318773	0.0341062	0.375225
1399500865147856257	-0.0030632	0.0342849	0.375267
1399500865164733136	-0.00297657	0.0344447	0.375315
1399500865198685755	-0.00287834	0.0346321	0.375392
1399500865277642613	-0.00277521	0.034808	0.375479
1399500865294615231	-0.00269234	0.0349789	0.37558
1399500865356623416	-0.00258856	0.0351482	0.375642
1399500865372573202	-0.0025275	0.0353222	0.375703
1399500865434574782	-0.00247201	0.0355012	0.375743
1399500865453550065	-0.00241751	0.0356715	0.375764
1399500865470532678	-0.00234751	0.0358431	0.375791
1399500865498590621	-0.00228537	0.0359967	0.375845
1399500865557598801	-0.00219915	0.0361383	0.37584
1399500865590588727	-0.00213645	0.0363075	0.375858
1399500865697659689	-0.00205202	0.0364465	0.375885
1399500865713506734	-0.00204845	0.0366186	0.375929
1399500865730441314	-0.00202035	0.0367936	0.375937
1399500865823416191	-0.00198113	0.0369396	0.376007
1399500865839479012	-0.0019204	0.0370973	0.376068
1399500865856404768	-0.00184021	0.0372271	0.376131
1399500865882383362	-0.00175539	0.0373688	0.376209
1399500865918384972	-0.00171062	0.0375243	0.376242
1399500865959342635	-0.00164193	0.0376679	0.37627
1399500866005336516	-0.00153945	0.0378024	0.376304
1399500866039437226	-0.00146571	0.0379455	0.376349
1399500866118542244	-0.00140382	0.0380655	0.376419
1399500866135472250	-0.00136332	0.0381806	0.376476
1399500866151310891	-0.00130573	0.0383095	0.376578
1399500866225206228	-0.00123462	0.0384463	0.376651
1399500866241270736	-0.00119278	0.0386013	0.376698
1399500866268250060	-0.00110867	0.0387485	0.37677
1399500866339174051	-0.00106789	0.0388722	0.376823
1399500866355198189	-0.000997067	0.0390142	0.376859
1399500866390137697	-0.000942271	0.0391628	0.376892
1399500866455145676	-0.000900546	0.0393017	0.376963
1399500866471209161	-0.000868562	0.0394591	0.377025
1399500866498071821	-0.000797981	0.0396087	0.377099
1399500866543094494	-0.000752646	0.039736	0.377115
1399500866643059330	-0.000697267	0.0399057	0.377153
1399500866683067941	-0.000649229	0.0400533	0.377205
1399500866701039025	-0.000604057	0.0401964	0.377267
1399500866723078951	-0.00055681	0.040301	0.377331
1399500866774026089	-0.00048911	0.0404519	0.377414
1399500866792972705	-0.000417329	0.0405661	0.37751
1399500866863948296	-0.000328944	0.0406799	0.377568
1399500866905920315	-0.000267668	0.0408053	0.377606
1399500866932897356	-0.000236474	0.0409377	0.37765
1399500866949891742	-0.000205038	0.0410735	0.377686
1399500866979865675	-0.000172831	0.0412289	0.37771
1399500867016870729	-0.000101251	0.0413756	0.377765
1399500867096798235	-5.59652e-05	0.0414986	0.377811
1399500867169836604	2.31569e-05	0.0415958	0.377866
1399500867186820024	8.14799e-05	0.041742	0.377894
1399500867202755573	0.000147765	0.0418791	0.377894
1399500867274744823	0.000191697	0.0419873	0.377901
1399500867291786752	0.000246279	0.0421418	0.377909
1399500867344764608	0.000305804	0.0422944	0.377958
1399500867360743126	0.000381137	0.0424219	0.37797
1399500867433750926	0.000446699	0.0425518	0.377987
1399500867453702116	0.000488939	0.0426734	0.378031
1399500867470785009	0.000583656	0.0428004	0.378071
1399500867577797521	0.000676273	0.0429162	0.37811
1399500867595788675	0.0007184	0.0430262	0.378115
1399500867612903929	0.000749863	0.0431352	0.378122
1399500867628818968	0.000791864	0.0432567	0.378146
1399500867705588475	0.000833703	0.0433943	0.378185
1399500867721602550	0.000879436	0.0435124	0.378211
1399500867767554007	0.000966208	0.0436279	0.378214
1399500867783571757	0.00100231	0.0437633	0.378262
1399500867870487388	0.0010433	0.0439108	0.378281
1399500867887512584	0.00110742	0.0440247	0.378339
1399500867956498900	0.00113805	0.0441407	0.378388
1399500868003481375	0.00121344	0.0442531	0.378407
1399500868037448322	0.00134578	0.0444773	0.378514
1399500868116468701	0.00141683	0.0445935	0.378572
1399500868132434218	0.00146171	0.0447302	0.378635
1399500868149396118	0.00151513	0.0448516	0.378658
1399500868208480646	0.00155089	0.0449728	0.378721
1399500868271369023	0.00158967	0.045081	0.378721
1399500868288380265	0.00161807	0.0451966	0.378694
1399500868305343835	0.00162728	0.0453074	0.378713
1399500868396326549	0.00167304	0.0453953	0.378711
1399500868448261516	0.00175307	0.0455932	0.37876
1399500868465249631	0.00179444	0.0457005	0.378757
1399500868545242028	0.00184662	0.0457963	0.378768
1399500868561206472	0.0018687	0.0459137	0.378763
1399500868604337255	0.00190666	0.0460132	0.378818
1399500868657288854	0.00205721	0.0462438	0.378872
1399500868698267689	0.0020919	0.0463399	0.378893
1399500868796068317	0.00214692	0.0464072	0.378958
1399500868813053857	0.00220556	0.0465222	0.379007
1399500868872094696	0.00226405	0.0466218	0.379041
1399500868888019096	0.00230481	0.0467372	0.379082
1399500868964988559	0.0023321	0.0468475	0.379138
1399500868980986563	0.00240165	0.0469433	0.37919
1399500868997931767	0.00248516	0.0470555	0.379256
1399500869071942577	0.00253005	0.0471762	0.379269
1399500869185016270	0.0026382	0.0474025	0.379265
1399500869201089364	0.0027138	0.0474629	0.379227
1399500869241959231	0.00274135	0.0475755	0.37927
1399500869258979749	0.00278915	0.0476409	0.379444
1399500869304965561	0.00282974	0.0478159	0.379494
1399500869321897097	0.0031978	0.0476035	0.380035
1399500869392984881	0.00350692	0.0471017	0.380935
1399500869412769028	0.00328016	0.0472048	0.381385
1399500869487769173	0.00351513	0.0475311	0.381874
1399500869505744651	0.00434584	0.0474663	0.383443
1399500869599758723	0.00638601	0.0457091	0.384844
1399500869615898298	0.0101735	0.0410672	0.386337
1399500869632791975	0.0132861	0.0396483	0.390748
1399500869706816594	0.016268	0.0411983	0.398634
1399500869724671656	0.0191027	0.0404326	0.407831
1399500869820726861	0.0203759	0.0412331	0.417779
1399500869836697591	0.0171064	0.0449365	0.427413
1399500869853683500	0.0107182	0.0464217	0.437193
1399500869927788214	0.00220978	0.0464105	0.447603
1399500869944719142	-0.0063695	0.0459815	0.458001
1399500869960681089	-0.0113777	0.0442533	0.466984
1399500870060758764	-0.0134047	0.043278	0.474292
1399500870131680517	-0.0142743	0.0447382	0.481205
1399500870147677039	-0.0132433	0.0458449	0.486926
1399500870164673238	-0.00961282	0.0443792	0.491017
1399500870202630283	-0.00547208	0.0431004	0.49363
1399500870258701559	-0.00537415	0.0467302	0.493398
1399500870274542966	-0.00885804	0.0485169	0.491763
1399500870350694143	-0.0131084	0.0484394	0.489305
1399500870367480914	-0.0161633	0.0472492	0.486237
1399500870384468935	-0.0175708	0.0467249	0.483186
1399500870482417986	-0.0184385	0.0477443	0.479769
1399500870557440212	-0.0184801	0.049368	0.47627
1399500870573494182	-0.0156586	0.0496609	0.472899
1399500870590480602	-0.0118562	0.0479309	0.469437
1399500870664443415	-0.00832644	0.04604	0.466561
1399500870704480323	-0.00607136	0.0451367	0.46412
1399500870776300423	-0.00480117	0.045262	0.462272
1399500870792331691	-0.00342319	0.0451534	0.461207
1399500870808360858	-0.00131938	0.0443005	0.460358
1399500870882353789	0.00022593	0.0433456	0.460383
1399500870899315200	0.00047337	0.0437547	0.460699
1399500870993323090	0.000255183	0.0451297	0.461233
1399500871010148866	-3.55867e-05	0.0466402	0.462056
1399500871026118998	0.000711826	0.0473655	0.462856
1399500871100098688	0.00276967	0.0474909	0.464325
1399500871116085926	0.00615908	0.0473457	0.465513
1399500871217147423	0.00935881	0.0471359	0.466771
1399500871234163141	0.0115882	0.0474836	0.46787
1399500871319187905	0.0144787	0.0486897	0.469939
1399500871336067879	0.0158758	0.0489832	0.47067
1399500871519073595	0.0157635	0.0493162	0.472995
1399500871535006748	0.0127419	0.0510649	0.473653
1399500871551943478	0.0110212	0.0531611	0.473985
1399500871597943760	0.0115079	0.0540635	0.474281
1399500871643925038	0.013534	0.0535401	0.47442
1399500871659919835	0.0145262	0.0519527	0.474167
1399500871728814988	0.0127155	0.0498617	0.47449
1399500871744919346	0.00917045	0.0487864	0.47463
1399500871761857123	0.0068488	0.048744	0.474883
1399500871836831721	0.00583448	0.0487858	0.47532
1399500871876825807	0.0052128	0.0482631	0.475591
1399500871948796472	0.00474404	0.0474748	0.47599
1399500871964808442	0.00431047	0.0470021	0.476174
1399500871980841987	0.00304024	0.0477518	0.476432
1399500872055818435	0.0015984	0.0495383	0.47692
1399500872095799575	-2.4474e-05	0.0505662	0.477378
1399500872164796539	-0.00213504	0.0497216	0.478759
1399500872181764832	-0.00452639	0.0472271	0.480218
1399500872197682699	-0.00672089	0.0443902	0.482051
1399500872271626182	-0.00756848	0.0427916	0.484139
1399500872287737133	-0.00681652	0.0423747	0.486226
1399500872356681260	-0.00528523	0.0431065	0.488979
1399500872375637486	-0.00229527	0.0460143	0.49169
1399500872391651187	0.00168013	0.0502375	0.494707
1399500872408592292	0.00428425	0.0531196	0.4977
1399500872482540243	0.00418759	0.0526471	0.500205
1399500872522472562	0.00279804	0.0493613	0.504939
1399500872596428884	0.00358391	0.0489648	0.506619
1399500872615418241	0.00789942	0.0499689	0.510356
1399500872654403639	0.0150624	0.052843	0.514346
1399500872671434870	0.0221544	0.0549632	0.518286
1399500872728377227	0.0263216	0.0564493	0.525628
1399500872800362527	0.0271639	0.0542236	0.529274
1399500872823310946	0.0272151	0.0509584	0.532473
1399500872839290563	0.0254376	0.0477266	0.535421
1399500872881278145	0.022793	0.044438	0.538351
1399500872923266305	0.0171798	0.0395036	0.542359
1399500872940416863	0.0148004	0.0376201	0.545362
1399500873023362857	0.0180794	0.0385715	0.549837
1399500873040338022	0.0186963	0.0412258	0.550774
1399500873138256086	0.0151102	0.0449996	0.550764
1399500873154264436	0.00947344	0.0497629	0.550697
1399500873226280385	0.00499082	0.054479	0.549935
1399500873242240298	0.00463945	0.0578189	0.549092
1399500873259254906	0.00798878	0.0590837	0.548237
1399500873334192442	0.0107688	0.0579087	0.546948
1399500873445068666	0.00776855	0.0490368	0.544763
1399500873462187577	0.00418584	0.0445228	0.543995
1399500873558147264	-0.00500532	0.0408634	0.543367
1399500873653118962	-0.0116941	0.0420092	0.544098
1399500873761880213	-0.0215143	0.0478644	0.546938
1399500873794876993	-0.0123676	0.0582549	0.550321
1399500873893909488	-0.0076917	0.057209	0.552124
1399500873980915873	-0.00284397	0.0473599	0.556773
1399500873997900239	-0.00134428	0.0475173	0.559179
1399500874013914274	0.00021414	0.0530643	0.561633
1399500874113849091	0.000786801	0.0582269	0.563392
1399500874199815719	-6.12218e-05	0.0503966	0.566245
1399500874215786546	-0.00291228	0.0462894	0.567933
1399500874232814283	-0.00749144	0.047585	0.569748
1399500874304857796	-0.010566	0.051194	0.572212
1399500874400798520	-0.01023	0.0542794	0.575957
1399500874417797209	-0.00821861	0.0558163	0.580332
1399500874434631381	-0.00768426	0.0572925	0.584564
1399500874506698842	-0.00852884	0.0600578	0.589336
1399500874523642218	-0.00745487	0.0617388	0.593618
1399500874625573984	-0.00520326	0.0625031	0.597185
1399500874642608700	-0.00237249	0.061492	0.599948
1399500874661562056	0.0026973	0.0581005	0.602006
1399500874730630860	0.00922624	0.0549594	0.60345
1399500874746588701	0.0136596	0.0544127	0.604432
1399500874763470031	0.0176639	0.0555713	0.605301
1399500874844592060	0.0354111	0.0526378	0.605834
1399500874861570864	0.0416421	0.0476489	0.604811
1399500874937516619	0.0419184	0.0444928	0.603225
1399500874954423048	0.0364379	0.045604	0.601901
1399500875057386599	0.0290692	0.0486735	0.601542
1399500875073370337	0.0228117	0.051718	0.601806
1399500875089371707	0.0189549	0.0554654	0.602802
1399500875127470763	0.0137232	0.0619287	0.603878
1399500875162201505	-0.00138321	0.0738421	0.607229
1399500875267252396	-0.00594967	0.0649504	0.610372
1399500875283350082	0.00444047	0.0534623	0.612567
1399500875300261397	0.0166648	0.0401503	0.615194
1399500875417248508	0.0316453	0.0226519	0.620097
1399500875517244741	0.0283071	0.0313268	0.629361
1399500875558175841	0.0212197	0.0412389	0.632441
1399500875583135548	0.012867	0.0537206	0.634618
1399500875623019001	0.00542307	0.062966	0.636547
1399500875695135297	-0.000456833	0.068473	0.637472
1399500875727084163	-0.00501026	0.0695737	0.636333
1399500875768100433	-0.0011562	0.0603685	0.633952
1399500875826028373	0.0116554	0.0514749	0.628331
1399500875842000833	0.0128575	0.0490802	0.625041
1399500875914972945	0.00917565	0.042376	0.622481
1399500875931048751	0.00469466	0.0362426	0.620517
1399500875946955716	-0.0014812	0.0369323	0.619597
1399500876029899828	-0.0102891	0.0465468	0.618674
1399500876045948801	-0.00889451	0.0491715	0.618431
1399500876119948968	-0.00640994	0.0514024	0.618509
1399500876136881470	-0.00815817	0.0555558	0.619374
1399500876239849960	-0.0130275	0.0604771	0.620042
1399500876255719711	-0.015851	0.0624929	0.620669
1399500876272686603	-0.0140237	0.0590811	0.621356
1399500876310792683	-0.00798142	0.0524363	0.621996
1399500876326776116	-0.00247914	0.0485977	0.622578
1399500876441861550	-0.00494887	0.0490733	0.62516
1399500876460670079	-0.00610759	0.0482658	0.627629
1399500876480632207	-0.000880963	0.0455042	0.6302
1399500876554559487	0.00580341	0.0448796	0.633717
1399500876570515866	0.0075266	0.048634	0.637791
1399500876669915611	0.00402342	0.0532216	0.641985
1399500876686690243	0.00259629	0.0534868	0.64647
1399500876702621707	0.00634107	0.0485727	0.65105
1399500876770665112	0.0101164	0.0436947	0.656266
1399500876787622447	0.00671661	0.0420845	0.661675
1399500876904544194	-0.00920418	0.0485326	0.67214
1399500876974518881	-0.0113568	0.0468152	0.67599
1399500876990538847	-0.00952757	0.0420157	0.680124
1399500877007393791	-0.00705893	0.0405618	0.683654
1399500877080522262	-0.00670029	0.0428192	0.68687
1399500877124285646	-0.00670998	0.0445588	0.689836
1399500877193311611	-0.00432927	0.0454444	0.693097
1399500877209300613	0.000124406	0.0502741	0.697807
1399500877226266592	0.00543006	0.058342	0.703011
1399500877298350596	0.0101214	0.0638714	0.708299
1399500877316361270	0.0122198	0.0663658	0.712621
1399500877410323207	0.0127696	0.0692422	0.715925
1399500877427294309	0.0138934	0.0730343	0.719071
1399500877443295771	0.0152422	0.0733696	0.720996
1399500877517176552	0.0163102	0.0707745	0.721947
1399500877534215657	0.0150024	0.070174	0.722429
1399500877629146167	0.0107704	0.0720281	0.722744
1399500877645162651	0.00790317	0.073454	0.722959
1399500877662180171	0.0111477	0.0733148	0.722186
1399500877721127435	0.0168915	0.0729007	0.720528
1399500877738084041	0.0180512	0.0731818	0.718432
1399500877754099162	0.015913	0.0733039	0.716005
1399500877851054741	0.0155052	0.0715537	0.713957
1399500877866933981	0.0167234	0.0681651	0.711923
1399500877939100060	0.0157944	0.0644907	0.709947
1399500877955997704	0.0129993	0.060702	0.707975
1399500877972049967	0.0105981	0.0564604	0.705968
1399500878072900063	0.00807088	0.0513065	0.705091
1399500878090057472	0.00385885	0.0468001	0.705149
1399500878155947293	-0.000405744	0.0443873	0.706685
1399500878172884010	-0.00205659	0.0444565	0.709012
1399500878188924601	-0.00170417	0.045191	0.711756
1399500878357871729	-0.00606931	0.049405	0.719855
1399500878380775538	-0.0104439	0.0523286	0.724786
1399500878397760626	-0.0114925	0.0533222	0.729724
1399500878473739505	-0.00820554	0.0534158	0.734406
1399500878489667796	-0.0031174	0.0515638	0.738719
1399500878589584310	0.000490726	0.0470427	0.74193
1399500878606630636	0.00279563	0.0423229	0.744172
1399500878622636481	0.00598258	0.0395384	0.7455
1399500878697534612	0.0115402	0.0391494	0.745958
1399500878714593396	0.0155621	0.0416351	0.745937
1399500878788751065	0.0146534	0.0463624	0.745829
1399500878828597274	0.0119481	0.0507354	0.745517
1399500878898492273	0.0105964	0.0566855	0.744708
1399500878914644376	0.00801123	0.0629713	0.743293
1399500878931638525	0.00396143	0.0640476	0.741854
1399500879004685631	0.000708368	0.0589	0.740093
1399500879049521918	-0.0017015	0.0531199	0.738334
1399500879115530165	-0.00399221	0.0501898	0.737374
1399500879132478975	-0.00446356	0.0479449	0.737931
1399500879148458694	0.000125097	0.0462813	0.740455
1399500879190435041	0.00942456	0.0439403	0.74389
1399500879207512599	0.0177559	0.0417628	0.748222
1399500879250398465	0.0218014	0.0394659	0.753041
1399500879321459109	0.0243942	0.0379951	0.758012
1399500879338351295	0.0292614	0.0390536	0.762976
1399500879354436602	0.0362701	0.0437122	0.767498
1399500879427393372	0.0406921	0.0556121	0.771876
1399500879471355315	0.0398095	0.0694437	0.775764
1399500879540322349	0.031597	0.076523	0.778268
1399500879556331776	0.0179114	0.0740947	0.778683
1399500879573302001	0.0061231	0.0672483	0.778372
1399500879646217931	-1.73089e-05	0.0603837	0.778545
1399500879663175363	-0.00146801	0.0563886	0.778954
1399500879818166638	0.0120157	0.0460875	0.779828
1399500879835169714	0.0232013	0.0433383	0.779311
1399500879964984951	0.0350231	0.040969	0.778134
1399500879982004447	0.0352283	0.044064	0.778215
1399500879998905757	0.0338068	0.0504929	0.778387
1399500880073924055	0.0267272	0.0604455	0.778626
1399500880090816699	0.0154566	0.0697534	0.778861
1399500880184737173	0.0026806	0.0734097	0.779264
1399500880201936518	-0.00755593	0.0716913	0.779099
1399500880218015162	-0.0135432	0.0672904	0.778936
1399500880291912072	-0.0157137	0.0622176	0.778905
1399500880308887261	-0.0168521	0.0588624	0.77916
1399500880373861663	-0.0165129	0.0570422	0.779466
1399500880496857378	0.0372105	0.0523646	0.779791
1399500880513654557	0.0458178	0.0560488	0.7802
1399500880608743834	0.0430442	0.0602766	0.780962
1399500880624773923	0.033678	0.0669326	0.78289
1399500880640768965	0.0260832	0.0729768	0.785644
1399500880831623354	0.0118475	0.0762057	0.796222
1399500880847669044	-0.00453211	0.0693008	0.800165
1399500880919672929	-0.0188531	0.0639372	0.803879
1399500880935684026	-0.0245848	0.0582037	0.80747
1399500880952552236	-0.0223526	0.0478183	0.811099
1399500881026626141	-0.0189191	0.0361296	0.815066
1399500881066451332	-0.0139275	0.0293972	0.81907
1399500881137475854	-0.00852494	0.0278239	0.823269
1399500881153572188	-0.00163133	0.0266245	0.827907
1399500881170403424	0.00810247	-0.00333952	0.832961
1399500881243497036	0.0164005	-0.0672646	0.836217
1399500881371484897	0.0626395	-0.0529616	0.84071
1399500881388396624	0.0698078	0.0284345	0.843888
1399500881462375783	0.0632493	0.105635	0.846297
1399500881479330999	0.0463919	0.158233	0.848455
1399500881581391838	0.024875	0.181828	0.849412
1399500881598308101	0.00778987	0.185228	0.847418
1399500881667252735	-0.00244175	0.165233	0.842147
1399500881684232850	-0.00946701	0.131269	0.836663
1399500881700279873	-0.0129278	0.0997123	0.830613
1399500881801320230	-0.0102601	0.0740305	0.824264
1399500881820133309	-0.00593326	0.0546688	0.818092
1399500881890159991	-0.00168336	0.0350529	0.81341
1399500881906175130	0.00301051	0.00633829	0.808787
1399500881923187864	0.0089289	-0.0395249	0.803406
1399500881997129430	0.0164109	-0.107411	0.796973
1399500882093110999	0.024372	-0.177582	0.789284
1399500882110058041	0.0337559	-0.214933	0.779283
1399500882126023927	0.0460847	-0.184313	0.773331
1399500882200037638	0.0602338	-0.0928345	0.777321
1399500882216994672	0.0722067	0.0351552	0.789142
1399500882318933060	0.0798479	0.160224	0.801202
1399500882335805666	0.0829423	0.247266	0.814495
1399500882351829791	0.0677197	0.291457	0.826168
1399500882389896598	0.0191746	0.278968	0.821794
1399500882431778877	-0.0415081	0.258238	0.81895
1399500882448721849	-0.0759892	0.231088	0.819759
1399500882520704353	-0.0879643	0.166037	0.824441
1399500882542663177	-0.0873705	0.0844606	0.831793
1399500882643765574	-0.0603214	-0.00257015	0.836618
1399500882659720149	-0.0230634	-0.0778978	0.838029
1399500882676739180	0.00264335	-0.12599	0.836894
1399500882750848676	0.0305288	-0.133864	0.83678
1399500882852733654	0.0682944	-0.108836	0.838554
1399500882868737220	0.0984186	-0.014159	0.84931
1399500882885755280	0.0996336	0.10728	0.863716
1399500882923765211	0.0661263	0.197942	0.874208
1399500882964731995	0.000672567	0.230714	0.872231
1399500882981659905	-0.0749702	0.229372	0.867123
1399500883054536798	-0.113409	0.18242	0.866453
1399500883071538247	-0.117403	0.102401	0.867848
1399500883140540001	-0.0714562	0.0062345	0.868224
1399500883156580069	-0.00175085	-0.0639195	0.863965
1399500883173640834	0.0538552	-0.0838458	0.862043
1399500883189633882	0.0818423	-0.05217	0.868394
1399500883295574053	0.0990546	0.0686091	0.889879
1399500883311360761	0.0745864	0.202741	0.915567
1399500883391538206	-0.0474518	0.246662	0.940415
1399500883525442853	-0.0679972	0.169642	0.944772
1399500883560466281	-0.0496862	0.10849	0.944569
1399500883577397789	-0.0196213	0.0537291	0.942339
1399500883600342523	0.0117879	0.0203128	0.93854
1399500883699346568	0.0335879	0.0210291	0.934415
1399500883715182895	0.0388998	0.050931	0.930134
1399500883810260321	0.0311886	0.0927406	0.926441
1399500883826281036	0.0188154	0.126472	0.924639
1399500883843289545	0.0111341	0.140238	0.921311
1399500883917320466	0.00963184	0.126013	0.916822
1399500883934134261	0.00986277	0.0939684	0.911831
1399500884028133109	0.0131337	0.0574792	0.906703
1399500884045159723	0.0222865	0.0231764	0.900658
1399500884061135681	0.0335603	0.00192352	0.895793
1399500884136013672	0.0407218	0.00679918	0.893252
1399500884153086009	0.0401572	0.0352298	0.892746
1399500884169024627	0.0354995	0.0668226	0.892921
1399500884269072414	0.0284736	0.0894198	0.894644
1399500884340033441	0.0211738	0.100272	0.896111
1399500884355979811	0.0153727	0.0987753	0.897164
1399500884373070021	0.00996105	0.088999	0.897943
1399500884448017099	0.00409716	0.080559	0.89936
1399500884487898764	0.000623139	0.0656198	0.901258
1399500884561966223	0.0030625	0.0399315	0.903058
1399500884580807730	0.00937576	0.0176451	0.904149
1399500884597862129	0.0144637	0.00905521	0.905308
1399500884636879258	0.0165186	0.0119283	0.907669
1399500884652720827	0.019155	0.023406	0.911147
1399500884697819271	0.022729	0.0395851	0.915286
1399500884770813430	0.0227897	0.0557008	0.919151
1399500884786806321	0.0164621	0.0684203	0.922239
1399500884803817360	0.00763948	0.0745464	0.924041
1399500884878548511	0.00284619	0.0767327	0.925347
1399500884918615462	0.00376	0.0801235	0.926363
1399500884988761884	0.00695704	0.0868929	0.926477
1399500885005742304	0.0107173	0.0970617	0.926067
1399500885022693419	0.0149374	0.107691	0.925818
1399500885096738651	0.0180695	0.113195	0.925189
1399500885113732920	0.0228376	0.102922	0.923675
1399500885209504237	0.0288317	0.0802369	0.9207
1399500885225504532	0.0327728	0.0596805	0.916894
1399500885242496471	0.0313845	0.0520601	0.914239
1399500885282577964	0.0268782	0.0532041	0.912749
1399500885299895856	0.0210849	0.054083	0.912134
1399500885343534278	0.0166711	0.0514625	0.912172
1399500885413613996	0.0139359	0.0471599	0.912644
1399500885430571628	0.0118795	0.0467576	0.913168
1399500885447583812	0.0105356	0.0558274	0.913469
1399500885523499243	0.0107473	0.0697264	0.914616
1399500885542522479	0.0134275	0.0800969	0.915844
1399500885603549006	0.0146216	0.0858261	0.917174
1399500885619364728	0.0149997	0.0880563	0.918315
1399500885654402109	0.0214798	0.129866	0.919268
1399500885670395422	0.0288308	0.155073	0.920286
1399500885771396689	0.0330806	0.172675	0.922101
1399500885841255143	0.0321647	0.168695	0.922903
1399500885857228990	0.028819	0.133684	0.922301
1399500885874233210	0.0249876	0.0897265	0.920773
1399500885915233550	0.0207473	0.055756	0.918645
1399500885932318398	0.0175121	0.0299362	0.91592
1399500885971267420	0.0160753	0.011022	0.91323
1399500885988271794	0.0176581	0.0102028	0.91101
1399500886062297433	0.0253017	0.0245853	0.910427
1399500886078281070	0.0378988	0.0419535	0.911642
1399500886095286348	0.0520166	0.056851	0.914005
1399500886199206873	0.0603432	0.0665466	0.916398
1399500886270211299	0.0605767	0.0697412	0.917554
1399500886286255652	0.054255	0.0600375	0.918791
1399500886303213363	0.0457533	0.0419887	0.920239
1399500886377204057	0.0374059	0.0234929	0.922403
1399500886394173496	0.0301882	0.0105901	0.925659
1399500886488183022	0.0250418	0.00572703	0.928522
1399500886508069708	0.0249969	0.0121189	0.931813
1399500886527135434	0.0293453	0.0241991	0.935584
1399500886566996718	0.0374372	0.0379537	0.939112
1399500886582941976	0.0473632	0.0538079	0.942074
1399500886626902863	0.0534148	0.067467	0.943117
1399500886700833413	0.0526237	0.080212	0.942974
1399500886716881822	0.0487214	0.0924677	0.941931
1399500886733981567	0.0430875	0.0963231	0.940233
1399500886807887414	0.0346148	0.0877717	0.937624
1399500886824874770	0.0269209	0.0760352	0.934746
1399500886918830547	0.0227287	0.0722294	0.932516
1399500886935731837	0.0204237	0.0774378	0.930723
1399500886951755332	0.0180736	0.0845482	0.929138
1399500886993740376	0.0177346	0.089462	0.928028
1399500887010677168	0.0192115	0.0955436	0.928244
1399500887050033209	0.0201128	0.103542	0.928787
1399500887066858480	0.0193899	0.121666	0.928879
1399500887144809383	0.0184509	0.161715	0.929072
1399500887160720099	0.0195852	0.198663	0.928943
1399500887237649376	0.0215069	0.199907	0.929033
1399500887254594291	0.0216127	0.168448	0.927977
1399500887349530237	0.0187527	0.134639	0.925996
1399500887365571528	0.0162083	0.129118	0.924295
1399500887382638222	0.0149767	0.160951	0.924125
1399500887456674781	0.0123154	0.19135	0.923938
1399500887476686167	0.00836539	0.190078	0.923531
1399500887577629470	0.00310571	0.153932	0.923107
1399500887593506977	-0.00297429	0.105992	0.922666
1399500887662482293	-0.0102393	0.0714456	0.922639
1399500887678557508	-0.0152441	0.0502326	0.921416
1399500887695523282	-0.0153806	0.0340906	0.920399
1399500887737652907	-0.0131777	0.0205553	0.920141
1399500887781485554	-0.00835667	0.0204937	0.920601
1399500887798368864	-0.00193524	0.0273766	0.921187
1399500887814491989	0.00373781	0.0347845	0.922792
1399500887887451424	0.00582314	0.0341321	0.923869
1399500887903481889	0.00617916	0.0261724	0.924868
1399500888004474077	0.0102391	0.0236945	0.926164
1399500888021292210	0.0173216	0.01945	0.926876
1399500888089277705	0.0237849	0.0117504	0.92751
1399500888106209686	0.0263118	-0.00217934	0.927103
1399500888122184460	0.0234411	-0.0182703	0.925872
1399500888196305571	0.0199867	-0.0173167	0.92453
1399500888236258643	0.0214147	0.0199954	0.924213
1399500888307256306	0.0292757	0.0810314	0.929253
1399500888323219740	0.0388142	0.125623	0.932598
1399500888340190965	0.0441127	0.133276	0.932163
1399500888413173376	0.0409898	0.110319	0.928427
1399500888453023720	0.0327802	0.08037	0.924044
1399500888524212161	0.0243353	0.065601	0.919852
1399500888544128230	0.0192881	0.069528	0.916503
1399500888620126720	0.0175327	0.0705868	0.913697
1399500888637056943	0.0165034	0.0546555	0.910974
1399500888653084547	0.0137211	0.029676	0.907777
1399500888750088879	0.00841886	0.0120085	0.905547
1399500888767071957	0.00257437	0.00994712	0.904185
1399500888839056864	0.00217798	0.0291223	0.904765
1399500888854923672	0.00955994	0.0606284	0.907006
1399500888872016157	0.020814	0.0863724	0.90954
1399500888966941101	0.0277587	0.0963319	0.912179
1399500888982896086	0.0268204	0.0944304	0.914099
1399500889055918857	0.020402	0.091011	0.916031
1399500889071783931	0.014113	0.0868701	0.918393
1399500889088767004	0.012605	0.0816476	0.921019
1399500889162849392	0.0121622	0.0735087	0.923969
1399500889259815591	0.00953599	0.0630497	0.92721
1399500889275796161	0.00572489	0.0533502	0.930683
1399500889292752340	0.00297949	0.0495868	0.934436
1399500889365756042	0.00131902	0.053951	0.938166
1399500889383811026	0.00186815	0.0700245	0.942228
1399500889477654674	0.00431148	0.093245	0.945842
1399500889494603399	0.00740808	0.112854	0.949037
1399500889584720708	0.0173394	0.129589	0.95412
1399500889601684654	0.0234349	0.138284	0.956236
1399500889617648164	0.026194	0.140609	0.957778
1399500889721656655	0.0241507	0.126997	0.958406
1399500889792588633	0.0194507	0.101799	0.958179
1399500889809503429	0.0137604	0.0750574	0.957714
1399500889825521549	0.00901362	0.0579272	0.955893
1399500889867613306	0.00468136	0.0557924	0.954424
1399500889911514658	7.26941e-05	0.0620095	0.954348
1399500889928522047	-0.00346099	0.0685097	0.955311
1399500889944452838	-0.00497987	0.0741154	0.956247
1399500890018471911	-0.00239967	0.0802898	0.957442
1399500890034493372	0.00448683	0.0943427	0.958529
1399500890051408288	0.0123524	0.112928	0.959777
1399500890223419133	0.0387046	0.147666	0.968128
1399500890240304920	0.0443894	0.151192	0.971503
1399500890336343329	0.0465335	0.156081	0.975015
1399500890352377715	0.047297	0.155298	0.978433
1399500890368299694	0.042022	0.135995	0.980292
1399500890409357440	0.0329692	0.104438	0.981984
1399500890426208003	0.0240996	0.0753354	0.983464
1399500890484173775	0.00168872	0.0509879	0.98697
1399500890555179156	-0.00223716	0.0495379	0.990736
1399500890574258969	0.000835201	0.0482981	0.993407
1399500890651070578	0.00598534	0.0468564	0.994634
1399500890669033727	0.0125262	0.05488	0.995376
1399500890762158041	0.0243799	0.0842595	0.999016
1399500890779088329	0.0324112	0.100777	1.00346
1399500890795113607	0.0409969	0.108867	1.00574
1399500890836075426	0.0476835	0.107553	1.00351
1399500890852924280	0.0466757	0.0954488	0.999808
1399500890897026577	0.0355964	0.0768939	0.995643
1399500890913006904	0.0166659	0.0543562	0.99145
1399500890981971964	-0.00225275	0.0356354	0.987683
1399500890997950914	-0.0134903	0.0252783	0.983359
1399500891014969604	-0.0161117	0.0218365	0.97962
1399500891087903701	-0.0137577	0.0215868	0.976992
1399500891184867802	-0.00571325	0.028077	0.975525
1399500891201857972	0.00189657	0.0385815	0.974176
1399500891217902779	0.00738732	0.0480266	0.972455
1399500891293901003	0.0169588	0.0616517	0.971347
1399500891309807692	0.0315054	0.0802957	0.972323
1399500891378829861	0.0453216	0.0963388	0.974934
1399500891395732057	0.0537842	0.100594	0.977541
1399500891412781350	0.0554028	0.0957263	0.978315
1399500891428736704	0.0492716	0.086297	0.980116
1399500891445758164	0.0402801	0.0780831	0.982679
1399500891518769666	0.0339919	0.0743124	0.986018
1399500891613705276	0.0284916	0.0718394	0.989825
1399500891630738067	0.0186738	0.0676433	0.992422
1399500891646652607	0.005886	0.0644669	0.994824
1399500891835716386	-0.0130076	0.0759064	1.0038
1399500891852628600	0.00407434	0.0765178	1.00514
1399500891868633818	0.0250452	0.0622953	1.00465
1399500891907602229	0.0417946	0.0247885	1.00053
1399500891923511777	0.0514684	-0.0275589	0.993212
1399500892038639115	0.0547657	-0.0907889	0.978323
1399500892055639786	0.052228	-0.107858	0.971951
1399500892071618454	0.045546	-0.0989868	0.968653
1399500892145628986	0.0350453	-0.0619999	0.967783
1399500892161536003	0.0253297	-0.000879759	0.968325
1399500892263554724	0.0185647	0.0824762	0.977862
1399500892280538045	0.0137622	0.16244	0.986666
1399500892335476261	0.00930606	0.242572	0.991135
1399500892351384398	0.0152034	0.251371	0.989338
1399500892466409505	0.0251748	0.214507	0.976686
1399500892482268916	0.0261837	0.170588	0.969151
1399500892499245014	0.0251256	0.120633	0.961634
1399500892579255476	0.0215644	0.0887508	0.955368
1399500892595203814	0.0171462	0.0701786	0.949361
1399500892691206486	0.0132397	0.0412801	0.943513
1399500892707223210	0.00839469	0.00199126	0.938919
1399500892724252395	-0.000361083	-0.0120481	0.935586
1399500892762091874	-0.0142417	0.0239281	0.932767
1399500892779202191	-0.0289604	0.0989127	0.929144
1399500892894153571	-0.0273138	0.24241	0.923374
1399500892911135824	-0.0113349	0.27216	0.925132
1399500892927110370	0.00116763	0.277113	0.928138
1399500893001040422	0.00404954	0.271373	0.929192
1399500893017095482	0.000525114	0.252509	0.932407
1399500893120959402	-0.00735062	0.224929	0.937558
1399500893136860212	-0.0152471	0.195969	0.944513
1399500893153996383	-0.0221235	0.161363	0.952308
1399500893224942052	-0.0331525	0.124317	0.960324
1399500893240971634	-0.0457828	0.096317	0.968321
1399500893256991779	-0.052939	0.0936675	0.975965
1399500893357962112	-0.0503736	0.113253	0.983971
1399500893497794189	0.0230513	0.195673	1.02146
1399500893545681065	0.0290185	0.193208	1.02846
1399500893564658300	0.0330866	0.17972	1.03415
1399500893581669258	0.0311298	0.139342	1.03687
1399500893649874406	0.022219	0.0793569	1.038
1399500893665628740	0.00828027	0.0124959	1.03741
1399500893682749763	-0.00593058	-0.0414363	1.03642
1399500893764731569	-0.0210527	-0.054117	1.03423
1399500893780756168	-0.0263042	-0.0363273	1.0323
1399500893854833371	-0.0284202	-0.0152537	1.03042
1399500893870707466	-0.0166164	0.0264136	1.02917
1399500893960810441	0.00685154	0.0825198	1.02923
1399500893977671517	0.0329587	0.131001	1.03098
1399500893993730480	0.0542311	0.15809	1.03266
1399500894068737693	0.0652854	0.163209	1.03209
1399500894085643683	0.0642168	0.134889	1.02828
1399500894101613593	0.0551112	0.0788869	1.0223
1399500894198518075	0.0409503	0.0213444	1.01561
1399500894215496813	0.0224887	-0.0228131	1.01056
1399500894286476417	0.00544146	-0.0484016	1.00674
1399500894303517518	-0.00224209	-0.042214	1.00322
1399500894319440946	0.00457947	0.00227534	1.00081
1399500894421421025	0.0208717	0.0607673	1.00023
1399500894437494261	0.0385177	0.111923	1.00063
1399500894504403214	0.0513443	0.143548	1.00027
1399500894520409181	0.0590293	0.152671	0.99808
1399500894563316288	0.0643029	0.14738	0.994893
1399500894580363936	0.0684954	0.140104	0.989447
1399500894622313479	0.0673852	0.119256	0.983336
1399500894638363173	0.0544975	0.0762334	0.977385
1399500894714371000	0.0332661	0.0265809	0.972894
1399500894731332556	0.0110534	-0.00774451	0.970585
1399500894747282257	-0.00584364	-0.0148131	0.967928
1399500894848196298	-0.0127844	0.00751619	0.966381
1399500894865152024	-0.00972204	0.0426212	0.966161
1399500894933046905	-0.00226647	0.0681251	0.966635
1399500894949057751	0.00551786	0.0860951	0.96705
1399500894966041016	0.0168937	0.116846	0.96705
1399500895040131101	0.0317788	0.156575	0.967997
1399500895136061143	0.0464154	0.180762	0.968315
1399500895153200860	0.0542492	0.172136	0.967474
1399500895169186410	0.0483574	0.135657	0.965056
1399500895244069790	0.0270868	0.0700276	0.959784
1399500895260060564	-0.00103419	-0.00463153	0.954136
1399500895358044767	-0.0266346	-0.0552589	0.946993
1399500895376954974	-0.0471454	-0.0562847	0.937915
1399500895392984396	-0.0596372	-0.0160341	0.928263
1399500895433975791	-0.0580032	0.0527773	0.92051
1399500895449987201	-0.0382103	0.13232	0.91331
1399500895570034958	0.0305545	0.248656	0.903557
1399500895588963869	0.0573089	0.275171	0.899737
1399500895605858229	0.0668423	0.271542	0.894241
1399500895677927815	0.0582541	0.238282	0.888098
1399500895694825315	0.0368861	0.190815	0.881386
1399500895793758071	0.0119783	0.120421	0.875898
1399500895809761173	-0.0126772	0.0329459	0.872671
1399500895825781386	-0.0413147	-0.0487649	0.870473
1399500895895611618	-0.0736374	-0.112913	0.872005
1399500895911622872	-0.101802	-0.159997	0.876023
1399500895927580562	-0.119774	-0.179583	0.87906
1399500896028532684	-0.127815	-0.151503	0.879898
1399500896098667933	-0.119074	-0.0856322	0.880067
1399500896115616485	-0.0820022	-0.00260096	0.881552
1399500896131600102	-0.0234206	0.0812535	0.888298
1399500896173643659	0.0380505	0.150958	0.900841
1399500896220636467	0.0872358	0.196411	0.915792
1399500896236629671	0.111244	0.217671	0.928468
1399500896252633013	0.112395	0.224528	0.94023
1399500896323525489	0.0939321	0.208047	0.949765
1399500896340539291	0.0643136	0.168645	0.958667
1399500896356540180	0.0282334	0.112894	0.967186
1399500896456512154	-0.0189968	0.0423806	0.974821
1399500896542369840	-0.106777	-0.0642545	0.993464
1399500896561316617	-0.122821	-0.081589	1.0005
1399500896633363222	-0.113415	-0.0682772	1.00247
1399500896676230709	-0.0671921	-0.00618269	1.00139
1399500896745300808	0.00791733	0.0853233	1.00218
1399500896762314224	0.0904065	0.168357	1.00512
1399500896778247676	0.154208	0.212794	1.00581
1399500896851318206	0.181447	0.208823	0.999846
1399500896868385321	0.168395	0.169333	0.989206
1399500896963229547	0.125144	0.11448	0.978815
1399500896980204646	0.0682326	0.0607928	0.970716
1399500896996576279	0.019535	0.0188188	0.965757
1399500897069049831	-0.00655041	-0.00747475	0.964054
1399500897085225382	-0.00980206	-0.016915	0.966311
1399500897185142852	0.00267194	-0.0108359	0.97093
1399500897202042792	0.0217304	0.0061858	0.976494
1399500897273074705	0.0381576	0.0266034	0.982496
1399500897290177569	0.0474556	0.0422829	0.988902
1399500897307047861	0.0482991	0.0471133	0.995882
1399500897380114365	0.0409392	0.0399408	1.00297
1399500900406583490	0.0291752	0.0252935	1.00916
1399500900406608030	0.0177869	0.00954225	1.01437
1399500900406629118	0.0100332	-0.00242607	1.01902
1399500900406652361	0.00582837	-0.00846659	1.02252
1399500900406669148	0.00380306	-0.00941024	1.02523
1399500900406686256	0.00330848	-0.00730142	1.02677
1399500900406698835	0.00524784	-0.00439571	1.02743
1399500900406713818	0.0118221	0.00126757	1.028
1399500900406726521	0.0226745	0.0346819	1.02821
1399500900406738878	0.0273202	0.103657	1.02762
1399500900406754822	0.0189384	0.10874	1.0295
1399500900406767135	0.00685335	0.0866006	1.02907
1399500900406779507	-0.0158047	-0.00666486	1.02433
1399500900406792410	-0.021057	-0.0668872	1.02086
1399500900406808644	-0.0200687	-0.131414	1.01686
1399500900406820943	0.0421242	0.00258586	1.04676
1399500900406833257	0.0322475	0.0981512	1.04318
1399500900406845376	0.0236081	0.107445	1.03718
1399500900406857438	0.0231318	0.0937235	1.04127
1399500900406870003	0.0246875	0.0820068	1.03901
1399500900406882153	0.0246455	0.0903678	1.03854
1399500900406894135	0.0236666	0.0939806	1.03693
1399500900406906083	0.0242278	0.0911472	1.03547
1399500900406921448	0.0239808	0.092968	1.03491
1399500900406933667	0.023878	0.0924803	1.0339
1399500900406945897	0.023901	0.0925619	1.03322
1399500900406957853	0.0237617	0.0930239	1.03222
1399500900406969956	0.0235912	0.0929183	1.03146
1399500900407000108	0.0234342	0.0930438	1.03074
1399500900407015954	0.0232786	0.0933917	1.02988
1399500900407027823	0.0231813	0.0935915	1.02888
1399500900407039977	0.0231478	0.0936833	1.02793
1399500900407051791	0.0229773	0.0937545	1.02734
1399500900407063742	0.0227094	0.0938625	1.02639
1399500900407078537	0.0225613	0.0940684	1.02532
1399500900407090277	0.0225011	0.0941811	1.02487
1399500900407102196	0.0221247	0.0944356	1.02304
1399500900407113944	0.0220892	0.09438	1.02218
1399500900407134131	0.0218451	0.0946214	1.02045
1399500900407145799	0.021536	0.0947467	1.01966
1399500900407157703	0.0215409	0.0948227	1.01866
1399500900407169388	0.0212539	0.094936	1.01801
1399500900407181012	0.0211507	0.0950612	1.01698
1399500900407195568	0.0210954	0.0951539	1.01642
1399500900407207178	0.0209395	0.0951768	1.01544
1399500900407233393	0.0207527	0.0953477	1.014
1399500900407245495	0.020596	0.0954196	1.01315
1399500900407257678	0.0205008	0.0955645	1.01245
1399500900407272670	0.0203758	0.0956005	1.01161
1399500900407297408	0.0201196	0.0957503	1.01024
1399500900407319023	0.0199621	0.0958745	1.0094
1399500900407331737	0.0197917	0.0958834	1.00868
1399500900407345114	0.0173379	0.0972252	0.989234
1399500900407357375	0.0155191	0.0952996	0.981311
1399500900407369366	0.0138532	0.0932814	0.974332
1399500900407381397	0.0121769	0.0912931	0.967253
1399500900407396393	0.0104979	0.0892933	0.960137
1399500900407408439	0.00892814	0.0872154	0.953821
1399500900407420547	0.00753483	0.0852759	0.947075
1399500900407449364	0.00622948	0.0832749	0.941139
1399500900407461512	0.00493437	0.0813202	0.935004
1399500900407491851	0.00359142	0.079349	0.928744
1399500900407504499	0.00236419	0.0773151	0.92323
1399500900407516816	0.00135366	0.0755997	0.91755
1399500900407529516	0.000435662	0.0738598	0.912538
1399500900407542076	-0.00049989	0.0721138	0.907448
1399500900407554453	-0.0014297	0.0703782	0.902416
1399500900407564793	-0.00230586	0.0686179	0.897803
1399500900407577714	-0.0030755	0.0671664	0.892571
1399500900407591604	-0.00376328	0.0657003	0.887885
1399500900407610446	-0.00445937	0.0642199	0.883221
1399500900407624139	-0.00517732	0.0627234	0.878582
