#Time	 SERVO_1	 SERVO_2	 SERVO_3	 SERVO_4
1399500860451884746	1175	1175	1175	1175
1399500860500933015	1175	1175	1175	1175
1399500860520989731	1175	1175	1175	1175
1399500860537922804	1175	1175	1175	1175
1399500860601963871	1175	1175	1175	1175
1399500860624930698	1175	1175	1175	1175
1399500860666001894	1175	1175	1175	1175
1399500860717741477	1175	1175	1175	1175
1399500860734884715	1175	1175	1175	1175
1399500860802820904	1175	1175	1175	1175
1399500860864875500	1175	1175	1175	1175
1399500860881854162	1175	1175	1175	1175
1399500860974719855	1175	1175	1175	1175
1399500860990587226	1175	1175	1175	1175
1399500861006595750	1175	1175	1175	1175
1399500861023684667	1175	1175	1175	1175
1399500861044596971	1175	1175	1175	1175
1399500861082552661	1175	1175	1175	1175
1399500861146559687	1175	1175	1175	1175
1399500861226487638	1175	1175	1175	1175
1399500861251490441	1175	1175	1175	1175
1399500861267466833	1175	1175	1175	1175
1399500861284458250	1175	1175	1175	1175
1399500861358409174	1175	1175	1175	1175
1399500861391353258	1175	1175	1175	1175
1399500861414504195	1175	1175	1175	1175
1399500861490376862	1175	1175	1175	1175
1399500861506358089	1175	1175	1175	1175
1399500861540350169	1175	1175	1175	1175
1399500861625299921	1175	1175	1175	1175
1399500861642267794	1175	1175	1175	1175
1399500861666300503	1175	1175	1175	1175
1399500861759301369	1175	1175	1175	1175
1399500861816314074	1175	1175	1175	1175
1399500861833332601	1175	1175	1175	1175
1399500861853340753	1175	1175	1175	1175
1399500861915180045	1175	1175	1175	1175
1399500861933104536	1175	1175	1175	1175
1399500862015135713	1175	1175	1175	1175
1399500862057052671	1175	1175	1175	1175
1399500862074044187	1175	1175	1175	1175
1399500862091041874	1175	1175	1175	1175
1399500862169041118	1175	1175	1175	1175
1399500862231014924	1175	1175	1175	1175
1399500862271970028	1175	1175	1175	1175
1399500862300921947	1175	1175	1175	1175
1399500862316881397	1175	1175	1175	1175
1399500862326905516	1175	1175	1175	1175
1399500862379874841	1175	1175	1175	1175
1399500862447826707	1175	1175	1175	1175
1399500862488808298	1175	1175	1175	1175
1399500862547818482	1175	1175	1175	1175
1399500862563833999	1175	1175	1175	1175
1399500862580731984	1175	1175	1175	1175
1399500862614807171	1175	1175	1175	1175
1399500862728775423	1175	1175	1175	1175
1399500862745722183	1175	1175	1175	1175
1399500862763699836	1175	1175	1175	1175
1399500862779715124	1175	1175	1175	1175
1399500862856760531	1175	1175	1175	1175
1399500862872746024	1175	1175	1175	1175
1399500862918635415	1175	1175	1175	1175
1399500862934737865	1175	1175	1175	1175
1399500863010709804	1175	1175	1175	1175
1399500863072625239	1175	1175	1175	1175
1399500863088567379	1175	1175	1175	1175
1399500863183583798	1175	1175	1175	1175
1399500863199590059	1175	1175	1175	1175
1399500863216565668	1175	1175	1175	1175
1399500863232557015	1175	1175	1175	1175
1399500863249565079	1175	1175	1175	1175
1399500863329607536	1175	1175	1175	1175
1399500863378534715	1175	1175	1175	1175
1399500863431444162	1175	1175	1175	1175
1399500863494461513	1175	1175	1175	1175
1399500863510480330	1175	1175	1175	1175
1399500863565410382	1175	1175	1175	1175
1399500863592420922	1175	1175	1175	1175
1399500863617409535	1175	1175	1175	1175
1399500863644384874	1175	1175	1175	1175
1399500863685377974	1175	1175	1175	1175
1399500863756476651	1175	1175	1175	1175
1399500863813355277	1175	1175	1175	1175
1399500863829238931	1175	1175	1175	1175
1399500863846267080	1175	1175	1175	1175
1399500863906252819	1175	1175	1175	1175
1399500863925216486	1175	1175	1175	1175
1399500864037178486	1175	1175	1175	1175
1399500864054139935	1175	1175	1175	1175
1399500864070173078	1175	1175	1175	1175
1399500864092132565	1175	1175	1175	1175
1399500864167168288	1175	1175	1175	1175
1399500864229102288	1175	1175	1175	1175
1399500864270114639	1175	1175	1175	1175
1399500864299106025	1175	1175	1175	1175
1399500864315103885	1175	1175	1175	1175
1399500864332108383	1175	1175	1175	1175
1399500864378062843	1175	1175	1175	1175
1399500864468015482	1175	1175	1175	1175
1399500864485005773	1175	1175	1175	1175
1399500864508987674	1175	1175	1175	1175
1399500864533029404	1175	1175	1175	1175
1399500864596918806	1175	1175	1175	1175
1399500864614910387	1175	1175	1175	1175
1399500864666885951	1175	1175	1175	1175
1399500864694872982	1175	1175	1175	1175
1399500864757932592	1175	1175	1175	1175
1399500864773790858	1175	1175	1175	1175
1399500864855942377	1175	1175	1175	1175
1399500864897874828	1175	1175	1175	1175
1399500864914924037	1175	1175	1175	1175
1399500864932796749	1175	1175	1175	1175
1399500865009978562	1175	1175	1175	1175
1399500865071900095	1175	1175	1175	1175
1399500865088805254	1175	1175	1175	1175
1399500865136869139	1175	1175	1175	1175
1399500865152874687	1175	1175	1175	1175
1399500865186853686	1175	1175	1175	1175
1399500865220822769	1175	1175	1175	1175
1399500865282577158	1175	1175	1175	1175
1399500865344635138	1175	1175	1175	1175
1399500865361601534	1175	1175	1175	1175
1399500865442611608	1175	1175	1175	1175
1399500865458555479	1175	1175	1175	1175
1399500865482545901	1175	1175	1175	1175
1399500865546617035	1175	1175	1175	1175
1399500865565643313	1175	1175	1175	1175
1399500865639605867	1175	1175	1175	1175
1399500865702494271	1175	1175	1175	1175
1399500865719441705	1175	1175	1175	1175
1399500865811462885	1175	1175	1175	1175
1399500865828384412	1175	1175	1175	1175
1399500865844423461	1175	1175	1175	1175
1399500865870432120	1175	1175	1175	1175
1399500865906370633	1175	1175	1175	1175
1399500865931356621	1175	1175	1175	1175
1399500865994361998	1175	1175	1175	1175
1399500866027481763	1175	1175	1175	1175
1399500866061490040	1175	1175	1175	1175
1399500866123473878	1175	1175	1175	1175
1399500866140379356	1175	1175	1175	1175
1399500866197344656	1175	1175	1175	1175
1399500866230224363	1175	1175	1175	1175
1399500866246252139	1175	1175	1175	1175
1399500866327237052	1175	1175	1175	1175
1399500866344150988	1175	1175	1175	1175
1399500866379177787	1175	1175	1175	1175
1399500866443179087	1175	1175	1175	1175
1399500866460135175	1175	1175	1175	1175
1399500866482124874	1175	1175	1175	1175
1399500866524124423	1175	1175	1175	1175
1399500866585026380	1175	1175	1175	1175
1399500866671993956	1175	1175	1175	1175
1399500866688077245	1175	1175	1175	1175
1399500866711965881	1175	1175	1175	1175
1399500866762003826	1175	1175	1175	1175
1399500866778971954	1175	1175	1175	1175
1399500866851975044	1175	1175	1175	1175
1399500866894931847	1175	1175	1175	1175
1399500866921924832	1175	1175	1175	1175
1399500866937909293	1175	1175	1175	1175
1399500866962908909	1175	1175	1175	1175
1399500867000904005	1175	1175	1175	1175
1399500867084863899	1175	1175	1175	1175
1399500867112767602	1175	1175	1175	1175
1399500867174814679	1175	1175	1175	1175
1399500867191749629	1175	1175	1175	1175
1399500867217814507	1175	1175	1175	1175
1399500867279739855	1175	1175	1175	1175
1399500867320751424	1175	1175	1175	1175
1399500867349691294	1175	1175	1175	1175
1399500867372746721	1175	1175	1175	1175
1399500867441700257	1175	1175	1175	1175
1399500867458671650	1175	1175	1175	1175
1399500867565879334	1175	1175	1175	1175
1399500867582867239	1175	1175	1175	1175
1399500867600660331	1175	1175	1175	1175
1399500867617585052	1175	1175	1175	1175
1399500867693657511	1175	1175	1175	1175
1399500867710564991	1175	1175	1175	1175
1399500867755577419	1175	1175	1175	1175
1399500867772578398	1175	1175	1175	1175
1399500867851530425	1175	1175	1175	1175
1399500867875547274	1175	1175	1175	1175
1399500867897514705	1175	1175	1175	1175
1399500867991521829	1175	1175	1175	1175
1399500868025463135	1175	1175	1175	1175
1399500868059546298	1175	1175	1175	1175
1399500868121442883	1175	1175	1175	1175
1399500868137409225	1175	1175	1175	1175
1399500868196489633	1175	1175	1175	1175
1399500868213480984	1175	1175	1175	1175
1399500868276425838	1175	1175	1175	1175
1399500868293359548	1175	1175	1175	1175
1399500868376270196	1175	1175	1175	1175
1399500868424251817	1175	1175	1175	1175
1399500868453290460	1175	1175	1175	1175
1399500868533279971	1175	1175	1175	1175
1399500868550210404	1175	1175	1175	1175
1399500868584189036	1175	1175	1175	1175
1399500868633272093	1175	1175	1175	1175
1399500868641348580	1175	1175	1175	1175
1399500868682267516	1175	1175	1175	1175
1399500868736179773	1175	1175	1175	1175
1399500868801097975	1175	1175	1175	1175
1399500868860061602	1175	1175	1175	1175
1399500868877040847	1175	1175	1175	1175
1399500868953044207	1175	1175	1175	1175
1399500868969982226	1175	1175	1175	1175
1399500868985991865	1425	1469	1443	1502
1399500869060948209	1453	1455	1482	1486
1399500869173015175	1458	1458	1495	1501
1399500869189908746	1453	1455	1499	1503
1399500869205985756	1486	1486	1535	1540
1399500869246944071	1459	1461	1510	1519
1399500869293934236	1452	1452	1520	1524
1399500869309970232	1466	1470	1521	1529
1399500869381987554	1454	1459	1532	1539
1399500869401031125	1459	1463	1531	1534
1399500869420770856	1455	1451	1536	1543
1399500869492771724	1458	1455	1533	1541
1399500869533735096	1451	1470	1518	1570
1399500869604740291	1462	1464	1522	1563
1399500869620866812	1481	1466	1521	1548
1399500869637701305	1488	1480	1514	1537
1399500869711764155	1486	1482	1486	1539
1399500869808757937	1492	1478	1495	1514
1399500869825710636	1486	1486	1503	1503
1399500869841684187	1478	1503	1496	1502
1399500869916652608	1477	1513	1497	1492
1399500869933639626	1477	1496	1465	1465
1399500869949634663	1477	1494	1454	1478
1399500870048727995	1469	1492	1466	1441
1399500870065736717	1481	1487	1451	1445
1399500870136683629	1482	1484	1442	1457
1399500870152642919	1480	1480	1416	1459
1399500870169676788	1480	1476	1431	1448
1399500870231638436	1467	1476	1440	1448
1399500870263648333	1460	1474	1446	1446
1399500870279672888	1454	1473	1445	1453
1399500870355633077	1455	1470	1443	1458
1399500870372454975	1459	1465	1445	1458
1399500870471417780	1451	1466	1473	1440
1399500870490397606	1458	1458	1458	1458
1399500870562376814	1453	1462	1445	1470
1399500870578465702	1457	1457	1451	1474
1399500870595619789	1457	1457	1453	1472
1399500870693321457	1448	1465	1464	1466
1399500870709366194	1453	1458	1464	1468
1399500870781336054	1452	1461	1459	1471
1399500870797323229	1452	1467	1458	1479
1399500870813411185	1454	1467	1463	1471
1399500870887339832	1458	1466	1464	1472
1399500870982277062	1459	1469	1466	1470
1399500870998341620	1461	1469	1465	1469
1399500871015180947	1460	1474	1469	1469
1399500871089147839	1466	1470	1461	1476
1399500871105083910	1467	1469	1459	1478
1399500871206212796	1465	1473	1465	1473
1399500871222155589	1467	1471	1465	1473
1399500871239140161	1467	1473	1466	1470
1399500871324200426	1467	1473	1462	1474
1399500871341134442	1472	1472	1455	1481
1399500871524035064	1473	1473	1476	1467
1399500871539980672	1473	1471	1471	1473
1399500871586014279	1473	1473	1463	1480
1399500871631892972	1478	1469	1461	1482
1399500871648903490	1468	1477	1464	1481
1399500871664850082	1459	1488	1474	1472
1399500871733966559	1469	1476	1474	1474
1399500871750690523	1470	1474	1472	1477
1399500871766884342	1469	1478	1469	1478
1399500871865683356	1467	1478	1469	1480
1399500871881698358	1467	1476	1466	1485
1399500871953770914	1467	1476	1473	1482
1399500871969721715	1466	1474	1478	1480
1399500871985856364	1461	1480	1481	1477
1399500872083754784	1466	1474	1479	1479
1399500872153668635	1458	1485	1476	1480
1399500872169696995	1460	1485	1476	1482
1399500872186673747	1461	1486	1477	1479
1399500872259784807	1468	1479	1476	1480
1399500872276697191	1466	1485	1474	1481
1399500872344669133	1474	1479	1476	1478
1399500872361499495	1477	1479	1479	1477
1399500872380485082	1478	1478	1480	1476
1399500872396551819	1470	1485	1478	1478
1399500872413531327	1460	1500	1476	1480
1399500872511493894	1464	1498	1476	1478
1399500872584612732	1486	1482	1471	1476
1399500872604469326	1502	1472	1466	1479
1399500872659380011	1504	1483	1467	1473
1399500872676382551	1496	1494	1469	1469
1399500872733367905	1500	1500	1450	1478
1399500872811364910	1495	1505	1452	1476
1399500872828310746	1504	1496	1446	1473
1399500872870320007	1494	1508	1450	1467
1399500872928386747	1503	1505	1447	1464
1399500872945377191	1502	1506	1437	1469
1399500873012349183	1510	1496	1437	1471
1399500873028349154	1504	1500	1448	1463
1399500873045334156	1497	1501	1460	1458
1399500873143244579	1492	1501	1468	1453
1399500873159150591	1496	1491	1463	1461
1399500873231333692	1498	1489	1457	1467
1399500873247221074	1515	1470	1451	1470
1399500873264021964	1499	1484	1450	1473
1399500873363216046	1486	1495	1452	1473
1399500873450135865	1478	1497	1451	1477
1399500873467120236	1480	1495	1447	1485
1399500873563052560	1478	1497	1468	1464
1399500873658085827	1468	1504	1457	1478
1399500873766848102	1498	1479	1477	1462
1399500873881821678	1491	1491	1466	1470
1399500873898879156	1481	1506	1451	1481
1399500873985890115	1505	1488	1463	1471
1399500874002845998	1513	1479	1476	1465
1399500874018881534	1506	1483	1477	1466
1399500874118868088	1490	1499	1458	1489
1399500874187828612	1480	1509	1453	1494
1399500874204831219	1485	1506	1463	1482
1399500874220782234	1486	1503	1478	1469
1399500874292839405	1496	1500	1472	1468
1399500874335824230	1495	1509	1465	1467
1399500874405737765	1502	1506	1454	1473
1399500874422744290	1502	1510	1460	1464
1399500874439616886	1502	1515	1472	1443
1399500874511698016	1506	1515	1459	1452
1399500874528692950	1507	1511	1459	1454
1399500874630601633	1501	1516	1453	1462
1399500874647581612	1501	1516	1445	1470
1399500874718603536	1506	1510	1441	1474
1399500874735421953	1510	1506	1461	1454
1399500874751601683	1510	1504	1461	1457
1399500874819446300	1531	1487	1431	1486
1399500874849417686	1508	1502	1435	1490
1399500874866532804	1506	1496	1439	1491
1399500874942482279	1500	1496	1466	1470
1399500874959427645	1501	1495	1451	1481
1399500875062489047	1504	1494	1457	1473
1399500875078417174	1510	1489	1454	1473
1399500875116380206	1516	1484	1472	1455
1399500875151323337	1505	1497	1469	1457
1399500875193257806	1478	1520	1492	1429
1399500875272237591	1513	1494	1417	1496
1399500875288288580	1507	1507	1430	1474
1399500875305269027	1504	1513	1429	1473
1399500875506242294	1513	1510	1418	1478
1399500875547219685	1520	1501	1451	1447
1399500875563130807	1526	1490	1468	1434
1399500875612114764	1520	1497	1437	1461
1399500875628031683	1514	1501	1437	1463
1399500875700119454	1525	1483	1491	1411
1399500875732102222	1500	1500	1421	1490
1399500875773087406	1516	1476	1452	1471
1399500875814103232	1524	1457	1465	1469
1399500875830988234	1496	1479	1474	1470
1399500875902921146	1472	1500	1426	1521
1399500875919977921	1480	1492	1453	1494
1399500875935972045	1487	1485	1474	1472
1399500876003894162	1496	1477	1482	1465
1399500876034914512	1477	1483	1430	1529
1399500876050814007	1492	1473	1469	1492
1399500876124872847	1486	1478	1484	1480
1399500876141865131	1483	1479	1495	1476
1399500876244780539	1480	1480	1484	1488
1399500876260641131	1494	1468	1470	1504
1399500876298890840	1490	1467	1448	1531
1399500876315748362	1491	1462	1462	1521
1399500876376851471	1473	1476	1492	1495
1399500876446794687	1479	1472	1472	1513
1399500876466682099	1484	1467	1450	1531
1399500876485539988	1497	1457	1454	1524
1399500876559594031	1488	1469	1472	1506
1399500876575546826	1477	1481	1489	1485
1399500876674712600	1482	1480	1468	1502
1399500876691557975	1492	1473	1431	1534
1399500876759682430	1492	1478	1441	1521
1399500876775723545	1484	1488	1467	1492
1399500876892552473	1488	1488	1478	1478
1399500876909568306	1473	1503	1449	1502
1399500876979521676	1482	1495	1440	1511
1399500876995581917	1488	1488	1450	1501
1399500877012428414	1484	1499	1474	1474
1399500877085493398	1485	1498	1464	1485
1399500877129306318	1488	1499	1453	1491
1399500877198321676	1510	1489	1458	1479
1399500877214262063	1525	1481	1458	1472
1399500877231249213	1518	1495	1435	1488
1399500877303345421	1508	1506	1442	1480
1399500877399399925	1510	1502	1451	1472
1399500877415331322	1532	1478	1459	1467
1399500877432190279	1522	1490	1445	1479
1399500877506257109	1517	1494	1441	1485
1399500877523246569	1515	1494	1454	1473
1399500877541225118	1513	1494	1467	1463
1399500877634185532	1514	1495	1462	1466
1399500877650146447	1518	1486	1443	1489
1399500877726013910	1508	1479	1463	1482
1399500877743105643	1498	1483	1468	1483
1399500877839052772	1499	1482	1455	1496
1399500877856104833	1501	1476	1458	1502
1399500877872003170	1492	1482	1466	1496
1399500877944085214	1495	1473	1471	1497
1399500877961010651	1487	1479	1467	1507
1399500877977113833	1483	1483	1467	1507
1399500878078016385	1471	1495	1472	1502
1399500878144949189	1481	1489	1473	1497
1399500878160974736	1491	1481	1474	1494
1399500878177911116	1488	1488	1466	1502
1399500878293716414	1494	1498	1486	1476
1399500878362740064	1496	1500	1485	1472
1399500878385722555	1499	1499	1471	1484
1399500878402726222	1511	1497	1467	1482
1399500878478831670	1510	1500	1457	1490
1399500878494725269	1508	1502	1461	1486
1399500878594573021	1502	1502	1462	1491
1399500878611631008	1506	1494	1462	1496
1399500878683538219	1518	1482	1452	1509
1399500878702681721	1516	1478	1471	1497
1399500878719668961	1508	1481	1489	1483
1399500878817619974	1505	1480	1467	1505
1399500878833622578	1510	1468	1479	1500
1399500878903629018	1505	1471	1489	1491
1399500878919622612	1488	1484	1487	1498
1399500878936619064	1477	1491	1472	1517
1399500879009570790	1481	1481	1490	1505
1399500879104701673	1482	1482	1489	1504
1399500879121487236	1489	1481	1483	1504
1399500879137480473	1500	1474	1482	1501
1399500879179402221	1502	1477	1462	1517
1399500879195441073	1506	1479	1464	1504
1399500879239430164	1500	1491	1465	1497
1399500879255399808	1501	1492	1465	1495
1399500879326370329	1517	1479	1463	1495
1399500879343376074	1521	1479	1432	1513
1399500879359274730	1533	1462	1464	1485
1399500879432390345	1544	1445	1465	1482
1399500879476312064	1505	1486	1473	1476
1399500879545273433	1473	1514	1467	1486
1399500879561302328	1483	1502	1463	1492
1399500879578293395	1491	1496	1453	1500
1399500879651276718	1518	1467	1465	1486
1399500879823016243	1511	1467	1451	1506
1399500879840044036	1502	1472	1463	1499
1399500879970028832	1497	1478	1448	1518
1399500879987013252	1499	1476	1463	1507
1399500880003903166	1495	1478	1491	1481
1399500880078901516	1507	1463	1487	1483
1399500880174004985	1483	1487	1483	1487
1399500880189902699	1487	1481	1482	1490
1399500880206959900	1485	1485	1470	1504
1399500880280908139	1488	1480	1462	1515
1399500880296851559	1485	1485	1496	1479
1399500880313807040	1479	1494	1505	1476
1399500880378811551	1496	1474	1470	1513
1399500880501759015	1501	1467	1450	1537
1399500880542745633	1481	1485	1488	1503
1399500880613738805	1498	1466	1491	1494
1399500880629762267	1496	1470	1487	1496
1399500880645746854	1506	1466	1473	1503
1399500880836689169	1469	1514	1479	1487
1399500880853642046	1494	1489	1507	1450
1399500880924679557	1502	1487	1468	1483
1399500880940593650	1502	1487	1439	1513
1399500880957501369	1490	1511	1444	1499
1399500881055532652	1508	1500	1447	1489
1399500881071566375	1448	1560	1496	1436
1399500881142490521	1632	1363	1588	1319
1399500881158490632	1557	1473	1477	1434
1399500881175446565	1312	1692	1230	1641
1399500881248414814	1415	1618	1311	1575
1399500881360443484	1587	1439	1424	1474
1399500881376437095	1604	1399	1519	1392
1399500881451358227	1594	1405	1450	1452
1399500881467237722	1534	1473	1483	1428
1399500881570358962	1479	1525	1451	1468
1399500881586317094	1539	1450	1494	1434
1399500881603321804	1491	1506	1421	1501
1399500881672260959	1502	1487	1451	1470
1399500881689202018	1490	1490	1448	1478
1399500881705237820	1502	1472	1431	1497
1399500881806285653	1518	1444	1507	1433
1399500881879235458	1496	1462	1472	1472
1399500881895202243	1618	1316	1596	1336
1399500881911178176	1501	1452	1471	1486
1399500881985065731	1440	1511	1404	1550
1399500882028081621	1211	1736	1239	1720
1399500882098090942	1316	1608	1324	1641
1399500882115013150	1478	1457	1482	1535
1399500882131008553	1562	1357	1471	1552
1399500882205003772	1620	1274	1581	1426
1399500882221963643	1616	1285	1586	1416
1399500882323935354	1588	1330	1531	1488
1399500882340946241	1518	1442	1480	1531
1399500882378928528	1503	1471	1479	1525
1399500882394854158	1439	1529	1501	1501
1399500882436714191	1535	1425	1532	1446
1399500882453739616	1511	1461	1505	1454
1399500882525686913	1479	1502	1500	1439
1399500882547736142	1491	1485	1445	1489
1399500882648745506	1491	1466	1411	1536
1399500882664789540	1385	1563	1443	1515
1399500882739804285	1487	1462	1480	1495
1399500882755756456	1407	1551	1325	1621
1399500882857776198	1554	1405	1476	1490
1399500882873709866	1580	1383	1482	1490
1399500882912727002	1575	1380	1477	1513
1399500882928742127	1501	1469	1489	1519
1399500882969745396	1589	1358	1681	1289
1399500882986625210	1497	1492	1499	1499
1399500883059578650	1459	1537	1595	1358
1399500883076605839	1492	1488	1417	1553
1399500883145545451	1482	1473	1406	1568
1399500883161527625	1537	1412	1467	1522
1399500883178596337	1396	1572	1357	1590
1399500883194556148	1673	1277	1338	1590
1399500883300516560	1603	1365	1544	1403
1399500883316599965	1670	1298	1633	1291
1399500883403561359	1500	1553	1508	1381
1399500883514443250	1515	1531	1390	1500
1399500883530430351	1452	1562	1372	1528
1399500883565436766	1414	1573	1215	1660
1399500883588408634	1513	1485	1359	1549
1399500883613428542	1526	1465	1433	1486
1399500883704361393	1534	1440	1514	1423
1399500883744273220	1519	1453	1528	1414
1399500883815417046	1586	1361	1550	1404
1399500883831220840	1511	1457	1465	1495
1399500883848236872	1464	1504	1407	1544
1399500883922291020	1476	1492	1479	1489
1399500884017043980	1472	1491	1435	1535
1399500884033164770	1461	1497	1437	1542
1399500884050103300	1472	1487	1411	1561
1399500884125042981	1525	1428	1506	1481
1399500884141093152	1521	1432	1499	1501
1399500884157977640	1507	1444	1507	1495
1399500884256967443	1513	1443	1518	1484
1399500884274084733	1498	1464	1500	1504
1399500884344988413	1473	1490	1474	1527
1399500884360964841	1545	1412	1574	1426
1399500884377932037	1509	1459	1535	1474
1399500884476945169	1441	1533	1446	1552
1399500884492784013	1468	1508	1445	1551
1399500884569871172	1489	1481	1473	1534
1399500884585917497	1447	1523	1457	1547
1399500884624729473	1483	1504	1469	1537
1399500884641862975	1517	1472	1495	1511
1399500884685736785	1510	1485	1473	1526
1399500884702873635	1518	1473	1505	1499
1399500884775721615	1492	1495	1508	1500
1399500884791661150	1491	1494	1500	1510
1399500884808793415	1502	1483	1490	1520
1399500884907566583	1518	1467	1495	1520
1399500884923627374	1500	1479	1501	1516
1399500884993809710	1516	1461	1505	1514
1399500885010686045	1555	1414	1576	1434
1399500885027740005	1511	1465	1521	1506
1399500885101731726	1481	1491	1473	1549
1399500885197579409	1473	1492	1461	1563
1399500885214596385	1476	1480	1498	1540
1399500885230509560	1499	1452	1520	1524
1399500885271479469	1491	1462	1525	1517
1399500885287617335	1480	1473	1518	1524
1399500885332555426	1481	1477	1506	1531
1399500885348596113	1450	1505	1478	1555
1399500885418568031	1477	1477	1510	1531
1399500885435538976	1477	1474	1531	1514
1399500885452556972	1490	1463	1521	1521
1399500885531465006	1483	1470	1508	1533
1399500885591493195	1372	1573	1407	1608
1399500885608468998	1445	1510	1477	1556
1399500885642474995	1500	1441	1509	1532
1399500885659478692	1507	1442	1513	1525
1399500885759382292	1549	1392	1577	1445
1399500885776229998	1464	1485	1502	1531
1399500885846241101	1416	1534	1455	1562
1399500885862226870	1460	1474	1506	1517
1399500885879224780	1458	1472	1509	1518
1399500885920193828	1337	1574	1426	1581
1399500885976218961	1476	1435	1528	1509
1399500885993235431	1470	1445	1502	1531
1399500886067253536	1489	1432	1492	1534
1399500886083162182	1479	1449	1486	1534
1399500886188303751	1538	1384	1540	1483
1399500886204226667	1465	1463	1511	1509
1399500886275175189	1467	1469	1499	1514
1399500886291194776	1455	1485	1481	1527
1399500886308218616	1461	1488	1486	1514
1399500886382233039	1420	1536	1466	1525
1399500886423153332	1476	1484	1492	1497
1399500886494101054	1507	1450	1500	1491
1399500886516093508	1485	1485	1477	1506
1399500886555080712	1509	1459	1480	1505
1399500886571945098	1510	1466	1468	1513
1399500886615943063	1498	1477	1487	1496
1399500886631851734	1489	1474	1507	1486
1399500886705850306	1515	1447	1508	1491
1399500886721899537	1472	1491	1491	1506
1399500886738949702	1454	1507	1478	1522
1399500886812819197	1473	1495	1477	1525
1399500886852934714	1497	1467	1499	1503
1399500886923784376	1506	1460	1508	1491
1399500886940762146	1467	1507	1479	1521
1399500886956736056	1491	1487	1484	1511
1399500886998663127	1506	1477	1494	1502
1399500887038695507	1424	1558	1412	1567
1399500887054828588	1495	1492	1490	1505
1399500887124735898	1610	1348	1602	1384
1399500887149675335	1553	1427	1536	1470
1399500887165787173	1304	1657	1277	1678
1399500887242626198	1266	1688	1259	1684
1399500887283576810	1392	1582	1388	1585
1399500887354618200	1713	1211	1689	1265
1399500887370610452	1593	1355	1588	1391
1399500887387669957	1549	1424	1545	1442
1399500887461658657	1477	1502	1474	1500
1399500887566630960	1426	1551	1418	1540
1399500887582608712	1486	1484	1489	1460
1399500887599517498	1481	1485	1484	1465
1399500887667478168	1489	1477	1481	1468
1399500887683526486	1232	1681	1257	1654
1399500887700514206	1479	1483	1468	1477
1399500887770549395	1494	1468	1469	1476
1399500887786456530	1538	1422	1501	1435
1399500887803561634	1500	1466	1470	1462
1399500887875506430	1277	1657	1275	1626
1399500887892361029	1502	1472	1468	1460
1399500887993373847	1499	1478	1443	1483
1399500888009409005	1537	1440	1470	1458
1399500888026247399	1497	1482	1442	1486
1399500888094262786	1469	1507	1435	1495
1399500888111198296	1363	1601	1353	1567
1399500888127191595	1466	1508	1446	1495
1399500888225299159	1675	1254	1628	1301
1399500888241288314	1585	1367	1538	1420
1399500888312189422	1545	1427	1489	1470
1399500888328211708	1473	1509	1437	1516
1399500888345191560	1431	1547	1418	1534
1399500888442239305	1444	1534	1444	1509
1399500888513123005	1553	1396	1539	1418
1399500888533123972	1528	1423	1520	1444
1399500888552062181	1488	1463	1473	1490
1399500888625145219	1443	1506	1437	1524
1399500888642034505	1440	1507	1448	1516
1399500888739056830	1350	1579	1408	1553
1399500888755084342	1446	1497	1484	1488
1399500888772075545	1511	1433	1505	1465
1399500888844005657	1522	1427	1487	1483
1399500888859932895	1502	1455	1463	1503
1399500888955033734	1467	1499	1446	1520
1399500888971911971	1495	1473	1489	1483
1399500889043898618	1471	1497	1482	1490
1399500889060874320	1514	1463	1491	1485
1399500889076830041	1502	1481	1467	1507
1399500889150818081	1485	1500	1465	1507
1399500889193745655	1471	1526	1453	1519
1399500889264726709	1489	1508	1463	1509
1399500889280817088	1450	1550	1436	1531
1399500889297721821	1495	1514	1474	1496
1399500889370777370	1528	1478	1496	1477
1399500889411668709	1517	1491	1492	1478
1399500889482676731	1511	1499	1478	1490
1399500889499661642	1505	1509	1462	1506
1399500889589938006	1552	1463	1502	1472
1399500889606656225	1511	1509	1469	1501
1399500889710707977	1499	1520	1460	1508
1399500889726615390	1470	1543	1443	1523
1399500889797562468	1462	1548	1431	1532
1399500889814531665	1495	1509	1469	1501
1399500889830382306	1509	1490	1497	1478
1399500889900573003	1495	1503	1484	1488
1399500889916516342	1499	1501	1480	1490
1399500889933519294	1429	1560	1435	1535
1399500890006535975	1496	1504	1463	1511
1399500890023459288	1523	1474	1479	1498
1399500890039415965	1522	1480	1482	1490
1399500890107467603	1487	1519	1486	1486
1399500890228440650	1508	1523	1466	1485
1399500890269313660	1591	1423	1500	1455
1399500890341232317	1540	1500	1471	1478
1399500890357339605	1517	1525	1451	1485
1399500890373256636	1499	1547	1430	1498
1399500890414265055	1516	1534	1452	1471
1399500890431276586	1464	1572	1439	1479
1399500890472287983	1514	1535	1455	1460
1399500890544265471	1533	1519	1440	1473
1399500890563165239	1443	1594	1408	1503
1399500890582069444	1497	1549	1428	1487
1399500890656000542	1522	1531	1457	1457
1399500890696992413	1541	1506	1467	1448
1399500890767081473	1535	1519	1455	1460
1399500890784071340	1599	1432	1480	1440
1399500890800222441	1540	1503	1442	1482
1399500890841094774	1551	1483	1452	1478
1399500890858039315	1513	1517	1457	1480
1399500890902009384	1466	1549	1463	1478
1399500890969947666	1461	1550	1461	1480
1399500890986923750	1494	1515	1468	1481
1399500891002973278	1511	1497	1465	1484
1399500891075950042	1471	1528	1459	1495
1399500891118751831	1509	1490	1463	1490
1399500891189866496	1514	1488	1473	1478
1399500891206876204	1448	1545	1462	1494
1399500891222841347	1490	1509	1465	1488
1399500891298806433	1561	1428	1472	1479
1399500891314774330	1535	1467	1466	1483
1399500891383719599	1503	1509	1446	1495
1399500891400775903	1520	1497	1443	1498
1399500891417762781	1492	1531	1448	1486
1399500891433689772	1496	1535	1448	1478
1399500891506723024	1548	1487	1439	1483
1399500891548537315	1532	1511	1445	1472
1399500891618758669	1514	1532	1448	1467
1399500891635730734	1509	1534	1460	1458
1399500891651544765	1515	1529	1466	1451
1399500891841701404	1567	1480	1450	1467
1399500891857551678	1591	1442	1494	1434
1399500891895649609	1528	1511	1435	1503
1399500891912594472	1292	1726	1211	1713
1399500891972556726	1508	1504	1485	1489
1399500892043595349	1487	1540	1387	1568
1399500892060462026	1504	1521	1451	1519
1399500892076574160	1362	1633	1302	1637
1399500892150481748	1517	1500	1477	1502
1399500892166293500	1570	1429	1540	1442
1399500892269698649	1567	1441	1550	1425
1399500892285525002	1537	1497	1521	1455
1399500892323404570	1513	1531	1461	1516
1399500892340505293	1672	1326	1626	1339
1399500892471403221	1378	1604	1337	1640
1399500892487420654	1448	1540	1426	1571
1399500892504239259	1598	1347	1588	1414
1399500892584274215	1541	1409	1550	1469
1399500892600299681	1499	1448	1514	1518
1399500892696220579	1235	1699	1211	1777
1399500892712288787	1352	1566	1390	1618
1399500892751059800	1443	1460	1525	1533
1399500892767167464	1503	1380	1599	1455
1399500892828218758	1506	1369	1559	1523
1399500892899127580	1497	1395	1491	1581
1399500892916077209	1455	1453	1463	1596
1399500892932078610	1496	1420	1544	1532
1399500893005984457	1449	1472	1507	1555
1399500893021963406	1498	1428	1553	1492
1399500893125917590	1524	1414	1501	1537
1399500893141902952	1465	1480	1477	1548
1399500893213099725	1436	1508	1474	1543
1399500893229959555	1379	1559	1442	1563
1399500893245987116	1460	1483	1496	1519
1399500893345987646	1398	1554	1508	1494
1399500893362949362	1513	1462	1486	1505
1399500893502721352	1563	1452	1513	1449
1399500893550696363	1630	1371	1515	1443
1399500893569678612	1505	1522	1427	1524
1399500893637903403	1638	1358	1549	1392
1399500893654655170	1418	1598	1368	1558
1399500893670723688	1457	1573	1403	1529
1399500893738796098	1509	1524	1442	1499
1399500893769715998	1417	1582	1417	1536
1399500893785718415	1411	1585	1450	1511
1399500893859784101	1526	1484	1482	1482
1399500893875722725	1580	1429	1507	1448
1399500893965753936	1580	1437	1484	1463
1399500893982735589	1549	1492	1450	1490
1399500893998753254	1626	1386	1549	1409
1399500894073712841	1509	1534	1465	1495
1399500894090667356	1513	1531	1423	1532
1399500894187490322	1491	1544	1437	1518
1399500894203580440	1487	1546	1465	1492
1399500894220504039	1259	1726	1344	1591
1399500894291553020	1469	1555	1467	1497
1399500894308393086	1568	1446	1522	1448
1399500894324457918	1562	1452	1502	1470
1399500894426415959	1566	1453	1496	1470
1399500894492439316	1559	1462	1531	1435
1399500894509437936	1511	1522	1467	1499
1399500894525355919	1494	1541	1447	1519
1399500894569318123	1581	1421	1516	1471
1399500894627319827	1470	1540	1455	1531
1399500894643313677	1434	1567	1403	1569
1399500894719336823	1467	1542	1469	1514
1399500894736285105	1460	1548	1470	1513
1399500894752277472	1542	1463	1524	1463
1399500894853270124	1570	1425	1523	1466
1399500894921062234	1406	1585	1406	1571
1399500894938046762	1471	1540	1460	1529
1399500894954004202	1534	1480	1498	1496
1399500895029057386	1686	1283	1576	1413
1399500895071104497	1600	1392	1524	1484
1399500895141054472	1574	1430	1476	1528
1399500895158090505	1563	1435	1524	1484
1399500895174096847	1454	1547	1467	1534
1399500895249122449	1255	1697	1263	1687
1399500895265021640	1384	1577	1427	1580
1399500895365038090	1470	1474	1540	1507
1399500895381844218	1333	1566	1505	1567
1399500895422935183	1505	1397	1576	1499
1399500895439005354	1524	1372	1570	1514
1399500895499951654	1549	1363	1515	1572
1399500895574799043	1688	1211	1662	1432
1399500895593895764	1497	1402	1546	1582
1399500895610939475	1417	1485	1531	1590
1399500895682736953	1525	1339	1609	1524
1399500895699801454	1415	1455	1544	1580
1399500895798750220	1284	1576	1418	1665
1399500895814751746	1394	1458	1521	1585
1399500895883656146	1376	1486	1546	1554
1399500895900626444	1211	1670	1394	1685
1399500895916596216	1279	1540	1495	1635
1399500896016551991	1397	1423	1584	1559
1399500896033519902	1332	1469	1607	1544
1399500896103525268	1483	1333	1574	1559
1399500896120644772	1519	1329	1562	1549
1399500896136534192	1549	1326	1516	1570
1399500896178607326	1521	1394	1482	1576
1399500896225632598	1466	1481	1481	1559
1399500896241637637	1583	1332	1551	1508
1399500896312574845	1473	1469	1525	1527
1399500896328556775	1640	1281	1517	1508
1399500896345452514	1486	1482	1466	1531
1399500896445549236	1407	1567	1443	1529
1399500896461536902	1402	1575	1460	1504
1399500896547271279	1211	1736	1423	1587
1399500896566312535	1304	1619	1484	1524
1399500896638320329	1521	1430	1505	1492
1399500896681413994	1700	1211	1514	1450
1399500896750384305	1684	1211	1499	1489
1399500896767301861	1652	1211	1480	1549
1399500896783250757	1488	1300	1412	1539
1399500896856315572	1368	1433	1417	1523
1399500896951310021	1286	1508	1434	1479
1399500896968311646	1252	1531	1459	1452
1399500896985168046	1275	1503	1459	1450
1399500897057165001	1330	1442	1435	1459
1399500897074182224	1396	1388	1414	1467
1399500897090181267	1450	1349	1410	1452
1399500897190062271	1482	1319	1410	1437
1399500897207038627	1488	1319	1421	1421
1399500897278146044	1464	1341	1414	1408
1399500897295134738	1433	1378	1402	1406
1399500897312076742	1405	1424	1389	1402
1399500900406571161	1384	1443	1371	1405
1399500900406598435	1386	1443	1367	1407
1399500900406619339	1396	1428	1369	1400
1399500900406641367	1406	1414	1370	1391
1399500900406663013	1411	1407	1375	1388
1399500900406676041	1412	1393	1374	1389
1399500900406692737	1413	1388	1371	1396
1399500900406705322	1431	1368	1370	1399
1399500900406720552	1432	1350	1366	1395
1399500900406732860	1428	1322	1397	1395
1399500900406749027	1410	1372	1409	1339
1399500900406761335	1351	1427	1360	1392
1399500900406773493	1175	1175	1175	1175
1399500900406785751	1175	1175	1175	1175
1399500900406798829	1175	1175	1175	1175
1399500900406814998	1175	1175	1175	1175
1399500900406827206	1175	1175	1175	1175
1399500900406839446	1175	1175	1175	1175
1399500900406851660	1175	1175	1175	1175
1399500900406863939	1175	1175	1175	1175
1399500900406876312	1175	1175	1175	1175
1399500900406888372	1175	1175	1175	1175
1399500900406900439	1175	1175	1175	1175
1399500900406912369	1175	1175	1175	1175
1399500900406927884	1175	1175	1175	1175
1399500900406939834	1175	1175	1175	1175
1399500900406952248	1175	1175	1175	1175
1399500900406964101	1175	1175	1175	1175
1399500900406976241	1175	1175	1175	1175
1399500900407010090	1175	1175	1175	1175
1399500900407022043	1175	1175	1175	1175
1399500900407034072	1175	1175	1175	1175
1399500900407046212	1175	1175	1175	1175
1399500900407057853	1175	1175	1175	1175
1399500900407069703	1175	1175	1175	1175
1399500900407084707	1175	1175	1175	1175
1399500900407096526	1175	1175	1175	1175
1399500900407108287	1175	1175	1175	1175
1399500900407120021	1175	1175	1175	1175
1399500900407128574	1175	1175	1175	1175
1399500900407140273	1175	1175	1175	1175
1399500900407152059	1175	1175	1175	1175
1399500900407163841	1175	1175	1175	1175
1399500900407175484	1175	1175	1175	1175
1399500900407187148	1175	1175	1175	1175
1399500900407201718	1175	1175	1175	1175
1399500900407223620	1175	1175	1175	1175
1399500900407227789	1175	1175	1175	1175
1399500900407239664	1175	1175	1175	1175
1399500900407251798	1175	1175	1175	1175
1399500900407267038	1175	1175	1175	1175
1399500900407288509	1175	1175	1175	1175
1399500900407303866	1175	1175	1175	1175
1399500900407325891	1175	1175	1175	1175
1399500900407337850	1105	1105	1105	1105
1399500900407351594	1105	1105	1105	1105
1399500900407363680	1105	1105	1105	1105
1399500900407375565	1105	1105	1105	1105
1399500900407390740	1105	1105	1105	1105
1399500900407402721	1105	1105	1105	1105
1399500900407414727	1105	1105	1105	1105
1399500900407443556	1105	1105	1105	1105
1399500900407455818	1105	1105	1105	1105
1399500900407468045	1105	1105	1105	1105
1399500900407498700	1105	1105	1105	1105
1399500900407510930	1105	1105	1105	1105
1399500900407523496	1105	1105	1105	1105
1399500900407536227	1105	1105	1105	1105
1399500900407548416	1105	1105	1105	1105
1399500900407571383	1105	1105	1105	1105
1399500900407585319	1105	1105	1105	1105
1399500900407617769	1105	1105	1105	1105
1399500900407630679	1105	1105	1105	1105
