#Time	 Roll 	 Pitch 	 Yaw 	 Thrust
1399892075160804012	1519	1508	1503	1381
1399892075170839298	1527	1504	1503	1380
1399892075185604466	1526	1506	1503	1382
1399892075205763158	1527	1508	1503	1384
1399892075220726335	1522	1509	1503	1386
1399892075235612719	1527	1507	1503	1387
1399892075255748868	1526	1509	1503	1389
1399892075270830872	1522	1513	1503	1391
1399892075295664471	1524	1507	1503	1393
1399892075330850638	1524	1508	1503	1397
1399892075360832276	1523	1508	1503	1401
1399892075385697078	1526	1505	1503	1404
1399892075410805005	1523	1507	1503	1406
1399892075425632325	1521	1506	1503	1408
1399892075435695571	1524	1507	1503	1408
1399892075455717151	1520	1509	1503	1410
1399892075470704030	1522	1507	1503	1412
1399892075485650715	1521	1509	1503	1414
1399892075505693646	1526	1507	1503	1416
1399892075520690094	1523	1507	1503	1419
1399892075545716939	1524	1510	1503	1421
1399892075580733799	1526	1509	1503	1425
1399892075610721463	1524	1510	1503	1427
1399892075635936004	1523	1509	1503	1429
1399892075660944252	1524	1507	1503	1431
1399892075675854136	1523	1511	1503	1431
1399892075685789600	1522	1511	1503	1431
1399892075705826797	1525	1512	1503	1431
1399892075720697991	1527	1508	1503	1431
1399892075735703807	1525	1505	1503	1432
1399892075760796507	1526	1506	1503	1431
1399892075780772027	1525	1507	1503	1431
1399892075810874639	1522	1517	1504	1428
1399892075830745004	1522	1512	1504	1425
1399892075860917996	1536	1508	1505	1423
1399892075880797438	1509	1519	1505	1421
1399892075905843826	1530	1517	1506	1418
1399892075920716550	1511	1514	1506	1417
1399892075935767291	1513	1532	1507	1414
1399892075955830314	1522	1512	1508	1413
1399892075970843390	1512	1522	1508	1412
1399892075985787529	1516	1506	1509	1410
1399892076010790639	1510	1517	1510	1409
1399892076045745666	1513	1503	1511	1406
1399892076080818924	1526	1510	1513	1403
1399892076110797832	1524	1510	1514	1401
1399892076130800831	1519	1507	1515	1399
1399892076145701111	1523	1505	1515	1400
1399892076165736919	1521	1493	1516	1400
1399892076180731048	1510	1503	1517	1398
1399892076195697224	1510	1494	1517	1397
1399892076210720543	1498	1498	1518	1396
1399892076230844959	1503	1508	1518	1397
1399892076245781494	1501	1501	1519	1396
1399892076280864257	1512	1514	1520	1394
1399892076310857414	1507	1511	1520	1394
1399892076345783766	1504	1503	1521	1393
1399892076370919109	1509	1514	1521	1392
1399892076385693035	1502	1489	1521	1392
1399892076405844151	1507	1496	1521	1393
1399892076420864393	1500	1498	1521	1391
1399892076435659120	1502	1511	1521	1390
1399892076455824532	1496	1506	1521	1391
1399892076470726876	1507	1496	1521	1391
1399892076485736321	1511	1503	1521	1392
1399892076510765409	1513	1502	1521	1391
1399892076545836416	1496	1499	1521	1391
1399892076580876783	1502	1497	1520	1391
1399892076610721750	1503	1492	1520	1391
1399892076631382990	1502	1490	1520	1392
1399892076645711767	1500	1498	1519	1393
1399892076660795425	1496	1499	1519	1393
1399892076680754566	1491	1497	1519	1393
1399892076695803366	1490	1500	1519	1393
1399892076710738539	1500	1502	1518	1393
1399892076730735645	1491	1511	1518	1394
1399892076760758435	1492	1502	1518	1394
1399892076795855718	1503	1503	1517	1394
1399892076830853185	1508	1504	1517	1395
1399892076855843485	1506	1516	1516	1396
1399892076870736282	1519	1519	1516	1396
1399892076885838486	1502	1511	1516	1396
1399892076905712617	1517	1515	1515	1397
1399892076920764584	1522	1504	1515	1397
1399892076935753112	1514	1507	1515	1398
1399892076955713407	1529	1505	1515	1398
1399892076980866377	1509	1504	1514	1399
1399892077010869590	1511	1504	1514	1400
1399892077045762612	1504	1508	1514	1400
1399892077080890856	1507	1508	1514	1401
1399892077105795265	1514	1513	1513	1401
1399892077120693507	1516	1516	1513	1400
1399892077135844469	1513	1510	1513	1402
1399892077155757093	1514	1502	1513	1403
1399892077170767015	1512	1499	1513	1403
1399892077185671558	1508	1506	1513	1405
1399892077205728253	1509	1512	1513	1402
1399892077230951131	1516	1511	1512	1404
1399892077260784088	1520	1517	1512	1404
1399892077295807830	1524	1511	1512	1405
1399892077330825703	1529	1511	1512	1405
1399892077345665125	1525	1509	1512	1404
1399892077375840232	1532	1511	1511	1405
1399892077385715361	1524	1508	1511	1405
1399892077405856635	1528	1508	1511	1406
1399892077420726923	1523	1507	1511	1405
1399892077435701077	1521	1515	1511	1405
1399892077460784472	1526	1507	1511	1406
1399892077480778271	1533	1506	1511	1407
1399892077510749783	1529	1516	1511	1406
1399892077545766699	1524	1512	1510	1406
1399892077580854875	1526	1515	1510	1406
1399892077595612896	1531	1506	1510	1407
1399892077625945981	1536	1510	1510	1406
1399892077635849428	1536	1505	1510	1407
1399892077655940691	1532	1514	1510	1406
1399892077670780390	1526	1508	1510	1406
1399892077685809101	1529	1506	1510	1407
1399892077710851089	1533	1508	1510	1407
1399892077730894662	1534	1507	1510	1407
1399892077760877915	1528	1505	1510	1407
1399892077795773337	1528	1506	1510	1407
1399892077830814142	1528	1509	1510	1407
1399892077845813239	1529	1513	1510	1406
1399892077865755564	1525	1510	1510	1407
1399892077880807472	1521	1508	1510	1408
1399892077895875877	1520	1499	1510	1409
1399892077915821145	1520	1503	1510	1408
1399892077930794598	1526	1509	1510	1407
1399892077945797273	1526	1515	1510	1407
1399892077965788937	1527	1514	1510	1407
1399892077980765547	1520	1509	1510	1408
1399892077995960499	1517	1501	1510	1408
1399892078020744294	1520	1504	1510	1408
1399892078035696842	1521	1506	1510	1408
1399892078060737754	1519	1507	1510	1408
1399892078075715390	1524	1505	1510	1408
1399892078085819111	1526	1506	1510	1408
1399892078105882692	1524	1506	1510	1408
1399892078120889577	1522	1502	1510	1408
1399892078135863631	1519	1502	1510	1408
1399892078155821661	1517	1501	1510	1408
1399892078170803146	1515	1499	1510	1408
1399892078195859456	1517	1501	1510	1408
1399892078215855540	1517	1493	1509	1409
1399892078230739891	1513	1501	1509	1408
1399892078245693371	1518	1509	1509	1407
1399892078280800951	1514	1501	1509	1408
1399892078295826275	1516	1496	1509	1408
1399892078325774730	1517	1519	1509	1407
1399892078335715245	1514	1516	1509	1408
1399892078355724144	1513	1512	1508	1408
1399892078370775818	1509	1499	1508	1409
1399892078385908558	1517	1498	1508	1409
1399892078405904421	1515	1500	1508	1409
1399892078420818543	1521	1500	1508	1409
1399892078445787518	1516	1503	1508	1409
1399892078480818899	1517	1500	1508	1409
1399892078510914635	1515	1497	1507	1410
1399892078545843025	1523	1497	1507	1411
1399892078560793750	1521	1495	1507	1411
1399892078580865602	1523	1502	1507	1411
1399892078595775547	1525	1501	1508	1412
1399892078610770602	1522	1497	1508	1412
1399892078630855290	1519	1496	1508	1412
1399892078645767754	1518	1500	1508	1411
1399892078660646231	1520	1509	1508	1411
1399892078680809735	1513	1515	1508	1411
1399892078695707466	1513	1513	1508	1412
1399892078730802062	1516	1502	1508	1412
1399892078760824008	1517	1507	1508	1412
1399892078795586767	1520	1499	1508	1413
1399892078810863741	1520	1495	1508	1413
1399892078830758343	1518	1496	1509	1414
1399892078845740409	1520	1490	1509	1414
1399892078860725438	1522	1497	1509	1414
1399892078880775173	1522	1501	1509	1413
1399892078895632185	1522	1504	1509	1413
1399892078910635441	1520	1498	1510	1414
1399892078930799450	1522	1489	1510	1415
1399892078960831703	1522	1493	1510	1414
1399892078995882667	1519	1487	1510	1414
1399892079030807205	1521	1493	1511	1415
1399892079055774062	1519	1491	1511	1415
1399892079070813111	1512	1491	1511	1415
1399892079085730328	1515	1493	1511	1414
1399892079105875487	1513	1493	1511	1415
1399892079120698559	1516	1489	1511	1416
1399892079135728734	1510	1489	1512	1416
1399892079155710304	1510	1481	1511	1415
1399892079180923163	1512	1484	1511	1416
1399892079195761881	1513	1488	1511	1416
1399892079215845554	1520	1486	1511	1416
1399892079230974405	1516	1497	1511	1415
1399892079255797463	1515	1490	1511	1416
1399892079275800993	1522	1490	1511	1415
1399892079295857387	1518	1495	1510	1416
1399892079310760724	1519	1489	1510	1416
1399892079330755415	1515	1488	1510	1415
1399892079345774608	1519	1493	1510	1416
1399892079360728175	1518	1489	1510	1416
1399892079380794438	1514	1488	1509	1416
1399892079396015669	1509	1484	1509	1416
1399892079430886967	1517	1487	1509	1416
1399892079460811792	1515	1486	1509	1416
1399892079495959519	1514	1493	1509	1417
1399892079530909341	1507	1494	1509	1417
1399892079545800210	1510	1492	1509	1417
1399892079560722553	1511	1491	1509	1418
1399892079580783871	1510	1503	1509	1417
1399892079595799042	1505	1510	1509	1417
1399892079610799085	1509	1507	1509	1417
1399892079630960020	1511	1499	1509	1418
1399892079645832426	1513	1494	1509	1418
1399892079660763693	1510	1498	1509	1419
1399892079695838929	1507	1505	1509	1418
1399892079730859118	1508	1503	1510	1419
1399892079760849565	1507	1503	1510	1419
1399892079785750606	1507	1509	1509	1419
1399892079805855259	1508	1504	1509	1420
1399892079820896717	1509	1496	1509	1420
1399892079835795426	1505	1501	1509	1420
1399892079855858496	1507	1503	1509	1419
1399892079870809193	1501	1508	1509	1419
1399892079885726191	1503	1501	1509	1420
1399892079905808346	1506	1492	1509	1421
1399892079930775595	1508	1503	1508	1420
1399892079960914837	1507	1507	1508	1420
1399892079995765557	1510	1514	1508	1419
1399892080020777279	1507	1508	1508	1420
1399892080035732463	1502	1511	1508	1420
1399892080055776631	1505	1517	1508	1419
1399892080070789893	1515	1523	1508	1419
1399892080085824555	1511	1512	1508	1420
1399892080105756292	1509	1509	1508	1421
1399892080120801124	1513	1504	1508	1421
1399892080145822114	1515	1511	1508	1420
1399892080180835093	1522	1512	1507	1420
1399892080210814465	1524	1506	1507	1421
1399892080245825121	1536	1507	1507	1420
1399892080270763009	1531	1511	1507	1421
1399892080285742953	1533	1504	1507	1421
1399892080305753276	1535	1522	1507	1420
1399892080320737376	1534	1509	1507	1422
1399892080335759202	1535	1507	1507	1423
1399892080355927603	1535	1499	1507	1423
1399892080370821379	1532	1511	1507	1423
1399892080395794851	1540	1504	1507	1423
1399892080430852725	1539	1510	1508	1423
1399892080460803719	1531	1505	1508	1424
1399892080495826810	1536	1511	1509	1424
1399892080520790139	1544	1504	1509	1423
1399892080535732101	1544	1509	1510	1423
1399892080555801875	1543	1509	1510	1423
1399892080570751597	1554	1505	1510	1423
1399892080585823874	1538	1499	1511	1423
1399892080605705103	1540	1507	1511	1423
1399892080620915137	1551	1498	1511	1421
1399892080645807191	1545	1497	1512	1422
1399892080680869317	1555	1496	1512	1421
1399892080710850303	1551	1498	1512	1420
1399892080745853713	1536	1498	1512	1418
1399892080760781111	1538	1499	1513	1418
1399892080780739019	1542	1491	1513	1418
1399892080795688667	1536	1494	1513	1418
1399892080810724077	1537	1495	1513	1416
1399892080830773812	1539	1510	1513	1415
1399892080845733040	1543	1513	1513	1415
1399892080860754608	1534	1502	1513	1415
1399892080885885605	1535	1502	1513	1414
1399892080910802145	1532	1503	1513	1414
1399892080945900123	1529	1506	1513	1414
1399892080980862609	1529	1500	1514	1413
1399892081005734592	1532	1489	1514	1414
1399892081020860209	1530	1491	1514	1413
1399892081035746494	1530	1501	1513	1413
1399892081055741135	1529	1500	1514	1413
1399892081070779125	1519	1495	1514	1414
1399892081085740302	1520	1503	1514	1414
1399892081105779220	1514	1498	1513	1414
1399892081120816106	1519	1501	1513	1414
1399892081135717860	1512	1492	1513	1415
1399892081155902214	1512	1491	1513	1416
1399892081180848407	1508	1498	1513	1415
1399892081195774032	1508	1497	1513	1416
1399892081210847521	1510	1495	1513	1416
1399892081230791899	1513	1505	1513	1416
1399892081255851061	1514	1501	1513	1417
1399892081270768263	1507	1501	1513	1417
1399892081285702897	1502	1505	1513	1418
1399892081305745640	1505	1493	1512	1418
1399892081320884288	1514	1484	1512	1419
1399892081335755268	1502	1502	1512	1418
1399892081360923366	1511	1499	1512	1418
1399892081395849036	1499	1501	1511	1418
1399892081430834599	1495	1508	1511	1419
1399892081460785132	1484	1512	1510	1419
1399892081485787834	1484	1496	1510	1421
1399892081505744197	1486	1507	1509	1420
1399892081520796122	1483	1506	1509	1419
1399892081535810591	1495	1514	1508	1419
1399892081555494647	1478	1507	1508	1420
1399892081570814805	1494	1506	1507	1421
1399892081585684176	1482	1496	1507	1421
1399892081605940544	1493	1504	1507	1422
1399892081631109790	1489	1497	1506	1422
1399892081660770328	1494	1505	1506	1421
1399892081695730230	1507	1499	1505	1422
1399892081730840793	1487	1502	1505	1421
1399892081745887224	1494	1506	1505	1422
1399892081765763390	1493	1504	1505	1422
1399892081780892656	1481	1509	1505	1422
1399892081795796374	1487	1516	1505	1422
1399892081810802554	1495	1510	1506	1422
1399892081830812613	1491	1502	1506	1423
1399892081845794481	1492	1506	1506	1423
1399892081880857723	1497	1519	1506	1422
1399892081910791692	1500	1519	1506	1423
1399892081945868693	1504	1511	1507	1422
1399892081970771973	1505	1508	1507	1423
1399892081985836469	1508	1499	1507	1424
1399892082005912868	1512	1501	1507	1424
1399892082020868427	1514	1509	1508	1423
1399892082035789611	1512	1511	1508	1422
1399892082055851608	1508	1504	1508	1423
1399892082070821418	1510	1495	1508	1425
1399892082095886499	1509	1500	1508	1424
1399892082130840677	1515	1514	1508	1423
1399892082160841672	1518	1510	1508	1423
1399892082195766203	1521	1511	1508	1423
1399892082220743254	1525	1511	1508	1423
1399892082235786902	1518	1507	1508	1422
1399892082255770962	1520	1506	1508	1423
1399892082270763504	1520	1513	1508	1422
1399892082285765763	1520	1506	1508	1422
1399892082305778601	1520	1512	1508	1422
1399892082320790357	1526	1511	1508	1421
1399892082345884159	1529	1505	1507	1421
1399892082380793536	1525	1503	1507	1420
1399892082410802028	1525	1502	1506	1420
1399892082445847138	1524	1510	1506	1419
1399892082460799991	1532	1511	1506	1419
1399892082480740425	1527	1505	1505	1419
1399892082495765318	1529	1521	1505	1418
1399892082510681795	1528	1506	1505	1418
1399892082530814642	1536	1509	1505	1420
1399892082545741311	1530	1502	1504	1420
1399892082560736126	1536	1503	1504	1420
1399892082580817737	1538	1501	1504	1420
1399892082595706932	1538	1502	1504	1419
1399892082631799094	1530	1497	1503	1420
1399892082660990658	1531	1496	1503	1421
1399892082695839090	1533	1499	1503	1420
1399892082710802044	1529	1502	1503	1420
1399892082730812054	1536	1509	1503	1419
1399892082745709124	1528	1508	1503	1420
1399892082760751345	1527	1504	1503	1421
1399892082780776548	1527	1506	1504	1420
1399892082795670373	1521	1501	1504	1421
1399892082810758576	1526	1508	1504	1421
1399892082830799128	1532	1500	1505	1420
1399892082860722152	1530	1504	1505	1420
1399892082880698614	1531	1512	1506	1419
1399892082910791618	1529	1506	1507	1420
1399892082930733061	1531	1498	1507	1420
1399892082960737700	1533	1504	1508	1420
1399892082980867902	1533	1507	1508	1419
1399892082995864347	1529	1509	1508	1419
1399892083010718890	1530	1503	1509	1419
1399892083030875037	1525	1507	1509	1419
1399892083045801587	1524	1507	1509	1419
1399892083060722433	1524	1501	1509	1419
1399892083095901458	1524	1510	1510	1419
1399892083130914864	1519	1506	1511	1420
1399892083160788500	1518	1513	1511	1420
1399892083185779929	1522	1516	1512	1420
1399892083205792615	1522	1521	1512	1421
1399892083220783282	1515	1512	1513	1421
1399892083235836453	1514	1513	1513	1422
1399892083255803648	1518	1518	1513	1421
1399892083270763580	1523	1514	1513	1422
1399892083285684610	1524	1514	1514	1422
1399892083305773835	1523	1514	1514	1422
1399892083330823642	1519	1516	1514	1422
1399892083360816664	1512	1517	1515	1422
1399892083395871809	1509	1517	1515	1422
1399892083430894983	1514	1514	1515	1422
1399892083445794006	1504	1520	1515	1421
1399892083460880810	1504	1515	1515	1422
1399892083480816650	1511	1517	1515	1424
1399892083495817645	1507	1514	1515	1422
1399892083510831406	1502	1521	1515	1422
1399892083530992825	1506	1522	1515	1422
1399892083545816144	1511	1531	1515	1421
1399892083580828708	1498	1521	1514	1422
1399892083610751959	1502	1519	1514	1421
1399892083645800919	1502	1515	1514	1420
1399892083680854396	1500	1517	1514	1421
1399892083695714946	1504	1511	1514	1421
1399892083710763827	1504	1518	1513	1422
1399892083730814504	1501	1525	1513	1421
1399892083745888702	1508	1520	1513	1421
1399892083760831281	1499	1516	1513	1421
1399892083780851367	1499	1513	1513	1421
1399892083795891480	1502	1501	1512	1422
1399892083830873836	1496	1515	1512	1421
1399892083860785999	1500	1509	1512	1422
1399892083895851713	1501	1511	1511	1423
1399892083920478250	1509	1518	1511	1423
1399892083935826726	1504	1506	1510	1424
1399892083955829685	1503	1498	1510	1424
1399892083970721043	1509	1510	1510	1424
1399892083985751702	1502	1510	1510	1425
1399892084005639406	1502	1504	1509	1425
1399892084020741756	1503	1496	1509	1426
1399892084035817341	1508	1500	1509	1427
1399892084060856212	1507	1507	1508	1427
1399892084095815830	1513	1507	1508	1427
1399892084130960263	1513	1508	1508	1428
1399892084160725188	1516	1497	1508	1428
1399892084180751768	1511	1493	1508	1429
1399892084195781685	1518	1496	1508	1430
1399892084210749161	1515	1500	1507	1429
1399892084230717929	1519	1507	1507	1428
1399892084245763639	1522	1509	1507	1429
1399892084260756897	1514	1500	1507	1430
1399892084280760224	1511	1501	1507	1430
1399892084295753187	1518	1493	1507	1431
1399892084330883315	1527	1501	1507	1430
1399892084360872392	1527	1497	1507	1430
1399892084395845700	1528	1496	1507	1430
1399892084415803101	1530	1495	1507	1429
1399892084430769092	1527	1491	1507	1429
1399892084445793638	1528	1483	1507	1430
1399892084465660655	1525	1483	1508	1430
1399892084480778937	1526	1487	1508	1429
1399892084495730867	1521	1495	1508	1429
1399892084515735891	1529	1492	1508	1429
1399892084530619924	1527	1487	1508	1428
1399892084555764601	1533	1493	1508	1429
1399892084570775707	1530	1495	1509	1429
1399892084595843269	1528	1494	1509	1428
1399892084620765518	1533	1492	1509	1429
1399892084646022354	1530	1487	1509	1428
1399892084670751021	1534	1499	1509	1428
1399892084685820143	1533	1488	1509	1428
1399892084705759629	1532	1479	1509	1429
1399892084720846472	1531	1496	1509	1428
1399892084735780636	1533	1498	1510	1427
1399892084755766286	1529	1497	1510	1427
1399892084770844296	1528	1491	1509	1428
1399892084795707816	1527	1486	1509	1428
1399892084830833062	1533	1495	1509	1428
1399892084860853080	1531	1495	1509	1428
1399892084895774450	1532	1500	1509	1428
1399892084915750438	1534	1496	1509	1429
1399892084930830645	1528	1497	1509	1428
1399892084945658637	1529	1500	1509	1428
1399892084960770385	1527	1497	1509	1428
1399892084980779646	1537	1496	1509	1428
1399892084995767528	1534	1493	1509	1429
1399892085010793814	1531	1496	1509	1429
1399892085045965713	1536	1504	1508	1428
1399892085080898209	1527	1496	1508	1429
1399892085110765129	1526	1496	1508	1428
1399892085135791043	1520	1493	1508	1429
1399892085155780198	1520	1495	1507	1430
1399892085170798276	1526	1502	1507	1429
1399892085185738135	1525	1507	1507	1428
1399892085205819322	1523	1505	1507	1429
1399892085220878493	1521	1497	1507	1429
1399892085235776110	1520	1494	1507	1430
1399892085255845199	1519	1492	1507	1430
1399892085280840852	1518	1498	1507	1429
1399892085310844116	1518	1499	1507	1428
1399892085345906455	1516	1504	1507	1428
1399892085380882794	1522	1503	1508	1427
1399892085395787604	1520	1502	1508	1427
1399892085410677931	1519	1504	1508	1427
1399892085430841262	1517	1514	1508	1425
1399892085445722277	1516	1526	1508	1425
1399892085460694297	1520	1515	1509	1426
1399892085480768822	1506	1506	1509	1427
1399892085495706601	1507	1503	1509	1426
1399892085530890714	1503	1510	1510	1424
1399892085555759743	1497	1510	1510	1425
1399892085580819711	1502	1509	1510	1424
1399892085610832837	1502	1509	1510	1424
1399892085631713499	1492	1508	1510	1423
1399892085660844759	1499	1516	1510	1423
1399892085680780663	1493	1512	1510	1422
1399892085695770065	1496	1518	1510	1423
1399892085710839606	1503	1519	1510	1423
1399892085730790918	1497	1510	1510	1423
1399892085745679420	1502	1511	1510	1423
1399892085760685330	1504	1512	1510	1422
1399892085795825865	1495	1515	1510	1422
1399892085830786498	1496	1509	1510	1422
1399892085860823564	1503	1511	1510	1422
1399892085880539151	1493	1518	1510	1422
1399892085910847639	1499	1511	1509	1423
1399892085920743638	1488	1515	1509	1423
1399892085935766950	1493	1512	1509	1424
1399892085955687696	1492	1517	1509	1422
1399892085970882803	1494	1519	1509	1423
1399892085995778368	1494	1510	1509	1423
1399892086025872297	1501	1516	1509	1423
1399892086045829666	1497	1513	1509	1423
1399892086075843533	1503	1508	1509	1424
1399892086095674756	1502	1512	1509	1424
1399892086125789839	1497	1509	1509	1424
1399892086135688777	1498	1506	1509	1425
1399892086155825099	1500	1499	1509	1425
1399892086170857742	1504	1501	1509	1425
1399892086185717300	1507	1508	1510	1424
1399892086205763985	1509	1511	1510	1424
1399892086220784749	1505	1511	1510	1424
1399892086235857022	1507	1505	1510	1425
1399892086260770840	1513	1502	1510	1425
1399892086295700442	1511	1499	1510	1425
1399892086330861192	1510	1500	1510	1425
1399892086355840087	1511	1493	1510	1426
1399892086375817635	1513	1494	1510	1426
1399892086390769168	1513	1497	1510	1426
1399892086405717249	1516	1500	1510	1425
1399892086420731154	1516	1489	1510	1426
1399892086435720392	1521	1485	1510	1426
1399892086455692435	1519	1483	1510	1426
1399892086480778500	1521	1484	1510	1426
1399892086495830707	1518	1482	1510	1426
1399892086530793963	1530	1484	1510	1425
1399892086560819283	1528	1480	1510	1425
1399892086595885529	1540	1484	1510	1425
1399892086610793998	1538	1474	1510	1425
1399892086630838999	1535	1481	1510	1425
1399892086645858256	1536	1473	1510	1424
1399892086660735386	1534	1477	1510	1426
1399892086680866890	1536	1484	1510	1424
1399892086695934971	1541	1485	1510	1425
1399892086710721481	1545	1490	1510	1424
1399892086730842310	1531	1489	1510	1424
1399892086760855038	1539	1479	1510	1424
1399892086780850590	1543	1481	1510	1425
1399892086810795197	1541	1483	1510	1424
1399892086830867615	1538	1490	1510	1424
1399892086860829627	1544	1488	1510	1424
1399892086880827354	1556	1481	1510	1424
1399892086895812414	1563	1486	1510	1423
1399892086910699857	1560	1485	1510	1424
1399892086930743506	1552	1484	1510	1424
1399892086945739028	1561	1478	1510	1425
1399892086960804861	1559	1485	1509	1424
1399892086980543701	1561	1481	1509	1424
1399892087010771410	1553	1478	1508	1424
1399892087045611463	1557	1488	1508	1424
1399892087080801256	1553	1498	1507	1423
1399892087095741259	1547	1499	1507	1422
1399892087115730257	1561	1508	1507	1422
1399892087130813004	1548	1501	1507	1422
1399892087145772094	1557	1493	1506	1423
1399892087165818048	1547	1494	1506	1423
1399892087180894424	1558	1490	1506	1423
1399892087195811655	1551	1506	1506	1423
1399892087230866412	1559	1503	1505	1423
1399892087245872786	1559	1508	1505	1422
1399892087265903776	1551	1505	1505	1423
1399892087295904370	1554	1501	1505	1422
1399892087310721692	1545	1505	1505	1423
1399892087330807315	1548	1508	1505	1423
1399892087355783119	1547	1502	1506	1424
1399892087370815138	1549	1503	1506	1422
1399892087385708081	1555	1517	1506	1422
1399892087405820840	1553	1517	1506	1422
1399892087420905395	1547	1512	1507	1422
1399892087435777351	1545	1509	1507	1423
1399892087460724165	1542	1514	1507	1422
1399892087495792333	1540	1516	1507	1422
1399892087530919691	1534	1519	1507	1422
1399892087560808681	1537	1517	1507	1423
1399892087585757203	1536	1506	1508	1423
1399892087605734120	1533	1511	1508	1423
1399892087620808141	1538	1513	1508	1423
1399892087635855745	1538	1519	1508	1423
1399892087655669275	1530	1513	1508	1423
1399892087670723948	1531	1505	1508	1425
1399892087685728722	1531	1503	1508	1425
1399892087710801600	1527	1504	1508	1424
1399892087745846812	1525	1516	1509	1425
1399892087780838328	1523	1520	1509	1424
1399892087810944919	1519	1518	1509	1425
1399892087830799922	1524	1525	1509	1424
1399892087845759383	1524	1520	1509	1425
1399892087865754084	1519	1515	1509	1426
1399892087880808357	1523	1517	1509	1426
1399892087895752509	1527	1526	1509	1426
1399892087910790622	1527	1527	1509	1425
1399892087930722479	1527	1522	1509	1426
1399892087960492879	1534	1520	1509	1426
1399892087995762916	1514	1503	1509	1426
1399892088030825147	1518	1513	1509	1426
1399892088060661875	1515	1508	1509	1426
1399892088080787426	1508	1510	1509	1426
1399892088095809907	1508	1501	1509	1427
1399892088110746500	1510	1500	1510	1427
1399892088130900525	1516	1509	1510	1426
1399892088145799288	1512	1514	1510	1425
1399892088160749511	1517	1508	1510	1426
1399892088180814227	1518	1515	1510	1426
1399892088210805797	1519	1509	1510	1426
1399892088245875681	1514	1509	1511	1425
1399892088280897476	1524	1508	1511	1426
1399892088305800081	1525	1505	1511	1426
1399892088320757414	1521	1507	1511	1426
1399892088335872415	1514	1505	1511	1426
1399892088355806438	1517	1498	1511	1426
1399892088370817766	1511	1499	1511	1426
1399892088385829195	1514	1498	1511	1426
1399892088405805978	1517	1500	1511	1425
1399892088420790894	1520	1495	1512	1426
1399892088445845861	1517	1496	1512	1426
1399892088480845419	1517	1492	1512	1426
1399892088510870976	1516	1494	1512	1425
1399892088545814366	1520	1494	1512	1426
1399892088565759190	1519	1490	1512	1425
1399892088580783472	1520	1491	1512	1426
1399892088595770902	1518	1492	1512	1426
1399892088610833762	1519	1498	1513	1425
1399892088630940443	1521	1500	1513	1425
1399892088645831926	1519	1501	1513	1425
1399892088660757266	1521	1498	1513	1425
1399892088695817138	1522	1495	1513	1426
1399892088730810485	1520	1490	1512	1426
1399892088760832029	1519	1489	1512	1426
1399892088795824912	1523	1491	1512	1426
1399892088815828189	1521	1499	1512	1426
1399892088830792792	1518	1492	1512	1427
1399892088845776377	1528	1477	1512	1428
1399892088860773514	1522	1482	1512	1428
1399892088880800708	1521	1485	1511	1427
1399892088895740962	1531	1493	1511	1427
1399892088910798045	1527	1489	1511	1428
1399892088945754504	1525	1490	1510	1429
1399892088980855325	1528	1480	1510	1430
1399892089010795993	1528	1486	1509	1430
1399892089035736762	1531	1484	1509	1429
1399892089060804251	1533	1488	1508	1430
1399892089080701861	1532	1494	1508	1431
1399892089095693896	1532	1486	1508	1431
1399892089110720980	1528	1488	1508	1431
1399892089130829596	1528	1500	1508	1430
1399892089145778483	1530	1511	1507	1430
1399892089170789791	1527	1494	1507	1432
1399892089195803110	1532	1496	1507	1431
1399892089230945963	1537	1494	1507	1430
1399892089260819315	1537	1496	1506	1431
1399892089285786370	1531	1495	1506	1431
1399892089310840151	1534	1497	1506	1430
1399892089330754516	1541	1497	1506	1431
1399892089345827568	1538	1499	1506	1430
1399892089360781730	1534	1505	1506	1430
1399892089380812630	1538	1503	1506	1430
1399892089395761663	1543	1497	1506	1430
1399892089425829152	1544	1511	1506	1429
1399892089445865464	1546	1500	1506	1429
1399892089475855518	1544	1494	1506	1429
1399892089495791090	1542	1502	1506	1429
1399892089525837317	1539	1511	1506	1427
1399892089535765839	1547	1511	1506	1428
1399892089555715239	1537	1506	1506	1429
1399892089570734340	1536	1499	1506	1429
1399892089585853629	1536	1498	1506	1428
1399892089605803345	1540	1503	1506	1428
1399892089620778825	1538	1505	1506	1427
1399892089635865726	1531	1506	1506	1426
1399892089665759470	1531	1497	1506	1427
1399892089680728853	1535	1494	1506	1427
1399892089705846579	1528	1491	1506	1428
1399892089730841968	1542	1508	1506	1428
1399892089745855502	1541	1502	1506	1428
1399892089775879926	1543	1505	1506	1428
1399892089785786424	1539	1506	1506	1428
1399892089805894862	1537	1509	1506	1429
1399892089820811523	1542	1509	1506	1428
1399892089836194335	1540	1510	1506	1428
1399892089855894842	1544	1509	1506	1428
1399892089870709924	1544	1511	1505	1428
1399892089895910706	1540	1508	1505	1427
1399892089930966855	1533	1506	1505	1427
1399892089960806494	1531	1504	1505	1426
1399892089995778212	1529	1505	1504	1425
1399892090020809272	1532	1503	1504	1425
1399892090035766982	1532	1500	1504	1424
1399892090055766153	1527	1500	1504	1424
1399892090070786545	1529	1502	1504	1425
1399892090085679308	1528	1495	1504	1424
1399892090105768557	1525	1495	1504	1424
1399892090120967147	1521	1492	1504	1424
1399892090135775782	1522	1497	1503	1423
1399892090160853651	1518	1486	1503	1423
1399892090195889822	1510	1492	1504	1422
1399892090230737550	1506	1492	1504	1422
1399892090255864309	1510	1486	1504	1423
1399892090275782623	1512	1496	1504	1422
1399892090290761849	1515	1492	1504	1421
1399892090305657145	1509	1492	1504	1422
1399892090320744649	1511	1490	1504	1421
1399892090335911952	1526	1492	1504	1422
1399892090355786520	1522	1490	1505	1420
1399892090380837561	1525	1486	1505	1421
1399892090395800307	1526	1486	1505	1422
1399892090430790130	1524	1489	1505	1420
1399892090460854641	1522	1486	1505	1420
1399892090495894504	1526	1494	1506	1420
1399892090510733107	1530	1496	1506	1420
1399892090530731266	1506	1491	1506	1420
1399892090545727941	1517	1487	1506	1420
1399892090560696155	1510	1491	1506	1420
1399892090580914079	1510	1493	1506	1420
1399892090595794610	1508	1490	1506	1420
1399892090610685315	1506	1487	1506	1420
1399892090632135379	1508	1492	1506	1420
1399892090660843609	1507	1497	1506	1419
1399892090680711813	1522	1491	1507	1419
1399892090710904099	1524	1490	1507	1419
1399892090730827968	1520	1489	1507	1419
1399892090760789637	1523	1491	1507	1419
1399892090780697224	1528	1487	1508	1419
1399892090795441814	1527	1488	1508	1420
1399892090810745212	1527	1494	1508	1420
1399892090830724567	1528	1491	1508	1420
1399892090845783297	1532	1485	1508	1421
1399892090860809055	1532	1489	1509	1421
1399892090895882751	1534	1493	1509	1422
1399892090930787180	1537	1496	1510	1423
1399892090960954682	1544	1502	1510	1423
1399892090985704336	1543	1499	1511	1425
1399892091005755526	1541	1499	1511	1425
1399892091020533129	1538	1507	1511	1424
1399892091035625085	1531	1499	1511	1425
1399892091055794569	1531	1496	1511	1425
1399892091070719940	1537	1499	1512	1425
1399892091085781027	1540	1497	1512	1425
1399892091105782727	1536	1499	1512	1425
1399892091130913130	1527	1495	1512	1426
1399892091160782101	1525	1496	1512	1426
1399892091195793483	1537	1501	1512	1426
1399892091230901504	1524	1500	1512	1426
1399892091245701024	1519	1500	1512	1426
1399892091260762748	1520	1497	1513	1427
1399892091280755026	1525	1503	1513	1427
1399892091295727790	1517	1503	1513	1426
1399892091310635206	1516	1501	1513	1427
1399892091330794721	1521	1497	1513	1426
1399892091345718157	1519	1501	1513	1426
1399892091360743316	1522	1504	1514	1426
1399892091395855219	1537	1503	1514	1427
1399892091430888698	1525	1507	1515	1427
1399892091460778864	1521	1507	1515	1427
1399892091480884310	1522	1505	1515	1426
1399892091510845004	1522	1507	1516	1427
1399892091530810464	1516	1507	1516	1426
1399892091545786102	1516	1512	1516	1426
1399892091560826342	1519	1512	1516	1425
1399892091580826488	1523	1509	1516	1426
1399892091605800075	1525	1512	1517	1425
1399892091631059586	1522	1511	1516	1426
1399892091660858823	1527	1511	1517	1425
1399892091695940323	1533	1510	1517	1426
1399892091720757304	1526	1507	1516	1424
1399892091745779831	1524	1512	1516	1424
1399892091770808021	1527	1507	1516	1425
1399892091785749975	1531	1512	1516	1425
1399892091805880390	1533	1514	1515	1424
1399892091820693068	1529	1510	1515	1424
1399892091845844244	1530	1508	1515	1424
1399892091880686130	1539	1509	1515	1425
1399892091910887009	1539	1507	1515	1425
1399892091945892230	1539	1516	1514	1425
1399892091970763029	1540	1508	1514	1426
1399892091985823783	1544	1500	1514	1426
1399892092005844773	1542	1510	1514	1425
1399892092020868240	1542	1518	1514	1424
1399892092035681812	1550	1506	1514	1424
1399892092055686550	1545	1509	1514	1424
1399892092070729974	1547	1505	1514	1425
1399892092095841626	1553	1505	1514	1424
1399892092115844129	1551	1509	1514	1425
1399892092131037136	1553	1503	1514	1424
1399892092145827310	1553	1509	1514	1424
1399892092170919505	1543	1505	1514	1424
1399892092195937347	1558	1507	1513	1424
1399892092220846855	1554	1510	1513	1422
1399892092235760609	1556	1505	1513	1423
1399892092255791962	1556	1502	1512	1423
1399892092270875933	1553	1495	1512	1424
1399892092285706018	1557	1488	1512	1424
1399892092305671874	1553	1483	1512	1424
1399892092330847399	1566	1499	1512	1423
1399892092360863795	1565	1498	1511	1423
1399892092395908997	1561	1499	1511	1423
1399892092430831036	1558	1495	1511	1423
1399892092455815353	1567	1492	1511	1423
1399892092470876207	1555	1498	1511	1423
1399892092485769838	1566	1489	1511	1423
1399892092505891059	1559	1499	1511	1424
1399892092520830542	1551	1486	1510	1423
1399892092535757138	1554	1495	1510	1424
1399892092555767822	1555	1498	1510	1424
1399892092580820861	1551	1497	1510	1423
1399892092610780782	1549	1495	1509	1423
1399892092645872533	1551	1490	1509	1423
1399892092680860678	1550	1483	1509	1422
1399892092705887301	1551	1491	1508	1422
1399892092720679919	1551	1494	1508	1422
1399892092735777645	1545	1489	1508	1423
1399892092755772493	1544	1486	1508	1423
1399892092770849744	1544	1486	1508	1422
1399892092785864641	1542	1495	1508	1422
1399892092805751350	1544	1501	1508	1421
1399892092830869527	1537	1493	1507	1421
1399892092860793443	1538	1491	1507	1421
1399892092895853702	1532	1490	1507	1421
1399892092930909862	1532	1487	1507	1421
1399892092945808191	1528	1489	1507	1421
1399892092960634987	1522	1490	1507	1421
1399892092980774383	1528	1490	1507	1421
1399892092995780871	1525	1490	1507	1420
1399892093010763020	1524	1487	1507	1421
1399892093030803745	1519	1499	1507	1421
1399892093045812631	1522	1503	1507	1420
1399892093080778564	1522	1499	1507	1421
1399892093110685517	1519	1499	1507	1420
1399892093145877699	1523	1497	1508	1420
1399892093180795134	1510	1499	1508	1420
1399892093195815279	1512	1497	1508	1421
1399892093215805065	1508	1506	1508	1419
1399892093230827754	1516	1492	1508	1420
1399892093245835102	1511	1502	1508	1419
1399892093260760800	1502	1500	1509	1419
1399892093280807462	1508	1508	1509	1419
1399892093295924869	1504	1503	1509	1420
1399892093310897061	1504	1501	1509	1419
1399892093345816768	1503	1501	1509	1419
1399892093380867809	1501	1506	1509	1419
1399892093410809058	1497	1504	1509	1419
1399892093430775178	1502	1504	1509	1418
1399892093465898269	1499	1505	1508	1418
1399892093480844249	1500	1504	1508	1418
1399892093495794924	1507	1497	1508	1419
1399892093510727473	1503	1502	1507	1418
1399892093530802165	1503	1504	1507	1419
1399892093560800343	1508	1500	1506	1419
1399892093580498764	1508	1504	1506	1420
1399892093610874054	1508	1507	1505	1419
1399892093645951732	1512	1500	1505	1418
1399892093670787541	1512	1499	1505	1420
1399892093685660825	1516	1495	1504	1420
1399892093705760256	1513	1495	1504	1421
1399892093720689486	1504	1495	1504	1421
1399892093735602930	1504	1498	1504	1422
1399892093755759041	1508	1496	1503	1422
1399892093770649093	1512	1483	1503	1422
1399892093795524370	1513	1490	1503	1423
1399892093820668612	1505	1496	1503	1422
1399892093845728133	1509	1497	1503	1424
1399892093880889386	1510	1492	1503	1424
1399892093910810953	1510	1497	1503	1424
1399892093930783639	1509	1498	1503	1425
1399892093945685801	1509	1499	1503	1425
1399892093960674867	1507	1492	1503	1425
1399892093980847588	1509	1498	1503	1426
1399892093995862251	1508	1496	1503	1426
1399892094010744459	1510	1502	1503	1426
1399892094030826098	1514	1488	1503	1426
1399892094045752299	1515	1492	1504	1427
1399892094080901103	1518	1489	1504	1426
1399892094110863567	1516	1492	1505	1427
1399892094145738993	1520	1490	1505	1427
1399892094165776768	1515	1490	1505	1427
1399892094180889617	1523	1490	1506	1426
1399892094195769845	1524	1492	1506	1427
1399892094215834401	1523	1492	1506	1427
1399892094230775787	1523	1493	1506	1427
1399892094245674283	1523	1494	1507	1427
1399892094265780453	1525	1494	1507	1427
1399892094280855550	1521	1499	1507	1427
1399892094305722083	1520	1493	1507	1428
1399892094320731955	1521	1489	1508	1428
1399892094345741008	1522	1493	1508	1427
1399892094365796189	1524	1495	1508	1426
1399892094380792577	1527	1500	1508	1426
1399892094410781575	1523	1498	1509	1426
1399892094430879135	1533	1494	1509	1426
1399892094445820471	1533	1492	1509	1426
1399892094460839491	1534	1490	1510	1427
1399892094480822335	1523	1487	1510	1427
1399892094495734325	1529	1483	1510	1427
1399892094510687331	1531	1489	1511	1426
1399892094530739399	1528	1495	1511	1426
1399892094560796353	1533	1494	1511	1426
1399892094595702944	1529	1497	1512	1425
1399892094630788177	1537	1504	1512	1425
1399892094645838129	1541	1503	1512	1425
1399892094665815404	1540	1500	1513	1425
1399892094680760415	1532	1508	1513	1425
1399892094695727527	1536	1505	1513	1425
1399892094715757791	1542	1503	1514	1425
1399892094730780680	1538	1498	1514	1425
1399892094745786712	1538	1499	1515	1425
1399892094765766723	1536	1500	1515	1426
1399892094795668937	1541	1505	1516	1425
1399892094815725515	1539	1510	1516	1425
1399892094830808904	1532	1497	1517	1425
1399892094855722180	1534	1502	1518	1425
1399892094875790547	1541	1504	1518	1425
1399892094895761818	1532	1505	1519	1426
1399892094910724904	1531	1499	1519	1426
1399892094930735417	1536	1503	1520	1425
1399892094945757687	1542	1508	1520	1426
1399892094960703046	1542	1519	1520	1425
1399892094980855776	1545	1515	1521	1425
1399892094995736353	1545	1510	1521	1426
1399892095030915138	1548	1514	1522	1426
1399892095060811485	1546	1511	1522	1426
1399892095095924193	1544	1517	1522	1427
1399892095145822340	1543	1513	1522	1427
1399892095160673706	1544	1521	1522	1427
1399892095180823422	1534	1516	1522	1428
1399892095195663662	1533	1507	1522	1429
1399892095210778219	1537	1504	1522	1429
1399892095230717828	1534	1525	1522	1429
1399892095245873794	1532	1522	1522	1428
1399892095280755411	1536	1513	1521	1430
1399892095310848732	1534	1515	1520	1430
1399892095345874209	1543	1515	1520	1430
1399892095370789279	1539	1523	1519	1430
1399892095395780803	1542	1518	1519	1431
1399892095420835292	1534	1507	1519	1431
1399892095435806800	1543	1509	1519	1431
1399892095455803194	1545	1513	1518	1431
1399892095470698877	1549	1515	1518	1432
1399892095495771067	1536	1519	1518	1432
1399892095510728737	1536	1517	1518	1431
1399892095545743743	1534	1516	1517	1432
1399892095580772107	1534	1510	1516	1432
1399892095610662588	1528	1509	1516	1432
1399892095630791743	1534	1511	1516	1432
1399892095660804544	1534	1517	1515	1432
1399892095680847882	1538	1514	1515	1432
1399892095695717472	1542	1515	1515	1431
1399892095710798460	1540	1510	1515	1432
1399892095730860576	1537	1498	1515	1433
1399892095760799623	1541	1505	1515	1432
1399892095795824275	1531	1503	1515	1433
1399892095830792715	1530	1509	1514	1432
1399892095860858504	1531	1503	1514	1433
1399892095880825411	1523	1502	1514	1432
1399892095895709892	1523	1502	1514	1433
1399892095915710546	1525	1500	1513	1433
1399892095930993304	1531	1497	1513	1432
1399892095945755149	1527	1504	1513	1432
1399892095965788789	1529	1504	1512	1432
1399892095980719945	1532	1506	1512	1431
1399892096005743778	1533	1503	1511	1431
1399892096020839409	1532	1503	1511	1431
1399892096045962627	1532	1500	1511	1431
1399892096070848875	1528	1499	1510	1431
1399892096095894759	1530	1502	1509	1431
1399892096120728430	1529	1501	1508	1431
1399892096135802809	1527	1499	1508	1431
1399892096155834400	1533	1496	1507	1431
1399892096170949567	1524	1499	1507	1430
1399892096185821897	1524	1501	1506	1431
1399892096205804824	1519	1495	1506	1431
1399892096230958640	1521	1488	1505	1431
1399892096260896541	1520	1487	1504	1431
1399892096295880941	1515	1490	1504	1432
1399892096330864636	1523	1487	1503	1432
1399892096355775523	1519	1493	1503	1432
1399892096370720047	1521	1486	1503	1433
1399892096385770969	1508	1488	1502	1432
1399892096405874363	1511	1479	1502	1432
1399892096421020911	1508	1481	1502	1433
1399892096435673239	1506	1489	1502	1433
1399892096455826095	1512	1481	1502	1432
1399892096480826177	1506	1487	1502	1432
1399892096510785592	1507	1486	1503	1432
1399892096545751793	1504	1486	1503	1432
1399892096580930147	1512	1485	1504	1432
1399892096605719752	1516	1487	1504	1431
1399892096620782303	1511	1488	1504	1432
1399892096635864140	1507	1482	1505	1431
1399892096655770699	1512	1483	1505	1432
1399892096670718989	1511	1480	1506	1431
1399892096685745087	1515	1473	1506	1431
1399892096710969769	1512	1480	1507	1430
1399892096745916083	1512	1453	1508	1430
1399892096780796090	1511	1469	1508	1429
1399892096810823371	1514	1469	1509	1428
1399892096835806665	1507	1472	1509	1428
1399892096855825454	1513	1471	1510	1428
1399892096870851175	1521	1478	1510	1428
1399892096885833405	1520	1481	1511	1427
1399892096905769692	1524	1480	1511	1426
1399892096920778489	1524	1485	1511	1426
1399892096935904618	1528	1494	1511	1426
1399892096960778972	1531	1486	1512	1426
1399892096995846591	1536	1476	1512	1426
1399892097030862900	1538	1473	1513	1425
1399892097060805639	1541	1464	1514	1425
1399892097085867062	1540	1447	1515	1426
1399892097105775921	1545	1442	1515	1425
1399892097120788873	1548	1449	1515	1425
1399892097135769077	1544	1450	1515	1426
1399892097155839144	1546	1448	1515	1425
1399892097170799993	1539	1460	1515	1425
1399892097185884675	1544	1468	1515	1425
1399892097210952218	1550	1478	1515	1426
1399892097245833216	1541	1516	1515	1425
1399892097280855181	1542	1551	1515	1425
1399892097295857324	1542	1548	1515	1425
1399892097320732054	1539	1589	1515	1426
1399892097335759219	1541	1598	1514	1426
1399892097355877593	1540	1610	1514	1424
1399892097370784115	1547	1625	1514	1426
1399892097385805973	1556	1606	1514	1426
1399892097405783234	1554	1603	1514	1426
1399892097420831300	1561	1608	1514	1426
1399892097445814374	1565	1601	1514	1426
1399892097470873431	1560	1582	1514	1426
1399892097485808569	1559	1583	1514	1426
1399892097515892399	1560	1568	1514	1426
1399892097535818327	1555	1527	1514	1426
1399892097560863656	1557	1509	1513	1425
1399892097580832397	1546	1510	1513	1425
1399892097595839951	1542	1496	1513	1425
1399892097615823202	1549	1478	1513	1426
1399892097630823703	1540	1508	1514	1428
1399892097645999568	1533	1495	1514	1426
1399892097660733874	1534	1495	1513	1426
1399892097680820758	1527	1497	1514	1426
1399892097695812565	1529	1488	1514	1427
1399892097730836498	1538	1510	1514	1428
1399892097760862009	1535	1512	1514	1428
1399892097795842770	1530	1528	1514	1428
1399892097820870987	1533	1534	1514	1429
1399892097835739368	1536	1551	1514	1429
1399892097855838092	1533	1560	1514	1429
1399892097870735224	1535	1574	1514	1430
1399892097885731395	1530	1575	1514	1430
1399892097905819805	1532	1574	1514	1430
1399892097920846716	1525	1544	1513	1431
1399892097945801316	1525	1546	1513	1430
1399892097980863097	1533	1526	1513	1431
1399892098010775525	1530	1516	1513	1431
1399892098045858966	1509	1485	1513	1431
1399892098065762514	1511	1475	1513	1431
1399892098080823167	1510	1451	1513	1432
1399892098095752082	1508	1449	1513	1433
1399892098110791227	1505	1434	1513	1433
1399892098130933567	1505	1471	1513	1432
1399892098145810366	1508	1476	1513	1432
1399892098160808208	1501	1466	1513	1431
1399892098180862430	1517	1483	1514	1431
1399892098205771686	1510	1488	1513	1432
1399892098230793345	1511	1478	1514	1432
1399892098260801172	1513	1492	1515	1432
1399892098295811628	1508	1491	1515	1433
1399892098315776892	1511	1501	1515	1433
1399892098330796449	1505	1496	1515	1434
1399892098345840605	1516	1491	1516	1433
1399892098360733786	1517	1504	1516	1433
1399892098380798231	1536	1513	1516	1433
1399892098395825914	1524	1511	1517	1433
1399892098410570358	1525	1497	1517	1433
1399892098445879905	1534	1500	1517	1433
1399892098480726970	1520	1455	1517	1433
1399892098510869917	1526	1443	1517	1433
1399892098535828458	1533	1428	1517	1434
1399892098555885617	1525	1416	1517	1432
1399892098570826099	1526	1417	1517	1432
1399892098585808451	1532	1411	1517	1433
1399892098605741412	1529	1399	1517	1432
1399892098620766919	1534	1400	1517	1432
1399892098636169660	1535	1399	1517	1433
1399892098655908311	1534	1407	1517	1431
1399892098680912879	1539	1420	1517	1432
1399892098705885490	1533	1423	1516	1431
1399892098720778800	1543	1448	1517	1431
1399892098735824644	1551	1450	1516	1431
1399892098755798049	1544	1461	1517	1431
1399892098775865465	1546	1495	1516	1431
1399892098795767793	1546	1516	1516	1431
1399892098810767010	1543	1530	1516	1431
1399892098831005395	1551	1531	1516	1431
1399892098845700215	1549	1551	1516	1431
1399892098860607802	1550	1563	1516	1429
1399892098880737641	1543	1557	1516	1430
1399892098895769791	1551	1555	1516	1430
1399892098930820054	1550	1545	1516	1429
1399892098960801083	1549	1551	1516	1429
1399892098995806658	1544	1531	1516	1430
1399892099030815991	1554	1532	1515	1430
1399892099045849333	1553	1520	1515	1430
1399892099065864724	1557	1524	1515	1430
1399892099080775361	1538	1494	1515	1430
1399892099095809267	1537	1489	1514	1431
1399892099110753423	1540	1471	1514	1431
1399892099130791435	1545	1484	1514	1431
1399892099145875048	1542	1491	1514	1431
1399892099180828318	1541	1500	1513	1430
1399892099210826386	1541	1498	1513	1430
1399892099245946290	1534	1510	1512	1430
1399892099270729717	1530	1518	1511	1430
1399892099285667660	1525	1519	1511	1430
1399892099305962445	1528	1524	1510	1429
1399892099320734631	1527	1527	1510	1430
1399892099335772563	1527	1526	1509	1429
1399892099355687072	1524	1530	1509	1430
1399892099370556836	1518	1518	1509	1429
1399892099395794835	1522	1520	1508	1429
1399892099430906217	1529	1508	1507	1429
1399892099460788873	1528	1495	1506	1428
1399892099495848982	1524	1484	1506	1427
1399892099520834030	1516	1468	1505	1427
1399892099535851526	1515	1465	1505	1428
1399892099555822543	1511	1459	1505	1426
1399892099570729548	1511	1454	1505	1427
1399892099585816909	1507	1444	1505	1427
1399892099605774435	1511	1443	1505	1426
1399892099620727672	1508	1461	1505	1425
1399892099645835399	1509	1455	1505	1425
1399892099680829919	1504	1476	1505	1424
1399892099710836697	1506	1486	1506	1424
1399892099745836268	1504	1508	1506	1424
1399892099770837019	1511	1520	1506	1425
1399892099785836872	1504	1531	1506	1424
1399892099805866241	1502	1546	1506	1423
1399892099820872843	1514	1548	1507	1424
1399892099835863694	1516	1576	1507	1423
1399892099855837093	1513	1579	1507	1423
1399892099870801863	1511	1569	1507	1423
1399892099900780543	1505	1562	1507	1423
1399892099930828899	1515	1545	1508	1423
1399892099960805107	1514	1528	1508	1423
1399892099980761689	1525	1493	1508	1424
1399892100010769553	1517	1488	1508	1422
1399892100030740061	1520	1452	1508	1424
1399892100045721823	1524	1438	1508	1423
1399892100060530474	1520	1428	1508	1424
1399892100080740557	1516	1465	1508	1424
1399892100095720919	1517	1463	1508	1424
1399892100110767819	1518	1454	1508	1424
1399892100130840422	1517	1461	1508	1425
1399892100155832650	1523	1459	1509	1425
1399892100180832091	1519	1480	1508	1425
1399892100210945625	1520	1486	1508	1425
1399892100245808863	1519	1505	1509	1425
1399892100265756050	1520	1514	1509	1425
1399892100280769229	1519	1530	1509	1426
1399892100295819226	1517	1531	1509	1426
1399892100310707077	1518	1546	1509	1425
1399892100330818049	1523	1544	1509	1425
1399892100345758182	1524	1552	1509	1426
1399892100360806662	1528	1556	1508	1425
1399892100395869904	1523	1565	1508	1425
1399892100430714429	1529	1564	1508	1425
1399892100460813547	1525	1536	1508	1425
1399892100485835403	1532	1515	1508	1425
1399892100505794914	1537	1514	1508	1425
1399892100520844243	1529	1513	1507	1425
1399892100535852510	1524	1516	1507	1426
1399892100555837148	1526	1507	1507	1425
1399892100570843572	1520	1487	1507	1426
1399892100585836423	1523	1481	1507	1426
1399892100610832576	1522	1475	1507	1425
1399892100645873481	1531	1486	1507	1425
1399892100680748056	1526	1494	1507	1425
1399892100710750307	1523	1497	1507	1425
1399892100735677487	1527	1509	1507	1425
1399892100755776420	1533	1515	1507	1424
1399892100770696897	1537	1519	1507	1424
1399892100785711084	1528	1523	1508	1425
1399892100805733639	1533	1527	1508	1423
1399892100820799862	1533	1526	1508	1424
1399892100835768898	1519	1520	1508	1423
1399892100855806111	1528	1507	1509	1423
1399892100880882264	1525	1504	1509	1423
1399892100910898419	1524	1496	1510	1422
1399892100945876141	1529	1462	1511	1422
1399892100980928906	1533	1431	1512	1421
1399892100995780533	1523	1438	1512	1420
1399892101015834852	1533	1418	1512	1420
1399892101030901560	1522	1412	1513	1420
1399892101045863402	1528	1399	1513	1421
1399892101060761996	1528	1400	1514	1421
1399892101080837389	1531	1407	1514	1420
1399892101095789633	1527	1398	1515	1421
1399892101110745072	1531	1390	1515	1421
1399892101135794633	1531	1415	1516	1420
1399892101160758023	1532	1425	1516	1420
1399892101195845554	1529	1433	1517	1420
1399892101220856615	1531	1461	1518	1420
1399892101235747720	1528	1448	1518	1420
1399892101255845185	1532	1464	1518	1419
1399892101270916733	1534	1494	1519	1419
1399892101285903667	1538	1511	1519	1419
1399892101305843897	1535	1525	1520	1419
1399892101320778471	1532	1543	1520	1419
1399892101335772951	1530	1547	1521	1419
1399892101360791469	1531	1566	1521	1419
1399892101395839116	1527	1557	1522	1418
1399892101430893355	1525	1559	1523	1418
1399892101460774658	1528	1560	1523	1418
1399892101480762299	1524	1539	1523	1417
1399892101495662459	1524	1543	1524	1418
1399892101510632426	1519	1529	1524	1418
1399892101530666323	1528	1504	1524	1418
1399892101545805064	1517	1486	1524	1417
1399892101560730845	1523	1482	1525	1418
1399892101580830882	1517	1492	1525	1418
1399892101595749159	1517	1496	1525	1417
1399892101620863705	1518	1467	1525	1418
1399892101645982737	1517	1469	1525	1418
1399892101680860836	1518	1526	1525	1418
1399892101710868860	1516	1524	1524	1419
1399892101730777764	1502	1544	1524	1419
1399892101745744918	1505	1540	1524	1421
1399892101760763196	1513	1553	1523	1420
1399892101780889007	1518	1587	1523	1420
1399892101795765968	1507	1587	1523	1421
1399892101810912580	1516	1586	1523	1421
1399892101830879705	1520	1582	1522	1422
1399892101860766604	1516	1584	1521	1423
1399892101895849664	1516	1583	1521	1423
1399892101930866956	1507	1556	1521	1424
1399892101955771111	1506	1555	1520	1423
1399892101970837845	1511	1529	1520	1424
1399892101985789091	1515	1523	1520	1423
1399892102005853099	1511	1511	1520	1424
1399892102020894639	1511	1475	1520	1424
1399892102035835972	1507	1479	1520	1425
1399892102055772003	1510	1462	1520	1425
1399892102080861586	1506	1471	1520	1426
1399892102110789495	1508	1463	1520	1426
1399892102145917040	1506	1493	1520	1427
1399892102180742615	1504	1526	1519	1428
1399892102205847467	1501	1530	1519	1430
1399892102220792922	1496	1534	1519	1432
1399892102235739431	1504	1549	1519	1431
1399892102255858687	1509	1556	1518	1431
1399892102270830183	1508	1554	1518	1432
1399892102285759243	1502	1558	1518	1433
1399892102305848216	1511	1564	1517	1433
1399892102330845997	1508	1581	1517	1433
1399892102345807605	1504	1583	1516	1434
1399892102365872475	1504	1581	1516	1434
1399892102380765458	1501	1551	1516	1435
1399892102405910703	1509	1559	1515	1433
1399892102420740079	1511	1527	1514	1434
1399892102445759870	1505	1516	1514	1434
1399892102465752258	1507	1510	1514	1433
1399892102480800251	1510	1472	1513	1434
1399892102495794611	1509	1463	1513	1434
1399892102515853006	1508	1444	1513	1434
1399892102530933822	1512	1462	1512	1435
1399892102545809570	1513	1446	1512	1435
1399892102565895333	1516	1442	1512	1435
1399892102585832000	1516	1425	1512	1435
1399892102605879694	1508	1428	1511	1436
1399892102630863239	1510	1444	1511	1436
1399892102645783731	1510	1447	1510	1437
1399892102660688568	1507	1452	1510	1436
1399892102680757888	1515	1478	1510	1437
1399892102705786245	1516	1495	1510	1436
1399892102720599340	1507	1501	1509	1437
1399892102735781427	1514	1497	1509	1436
1399892102755761838	1516	1516	1509	1436
1399892102770743533	1518	1505	1509	1436
1399892102785761550	1520	1519	1509	1436
1399892102810719986	1520	1527	1509	1435
1399892102845725193	1523	1535	1509	1435
1399892102880680596	1519	1543	1509	1435
1399892102910770500	1520	1547	1509	1435
1399892102935780512	1530	1540	1509	1434
1399892102955842094	1527	1539	1509	1434
1399892102970663593	1525	1512	1509	1435
1399892102985735300	1525	1510	1509	1435
1399892103005827690	1525	1507	1509	1435
1399892103020737251	1529	1505	1508	1435
1399892103035749375	1526	1506	1508	1434
1399892103060781146	1529	1497	1508	1435
1399892103095964071	1518	1508	1508	1435
1399892103130808142	1523	1509	1507	1435
1399892103160809604	1521	1513	1507	1435
1399892103180751989	1522	1519	1507	1436
1399892103195883133	1524	1519	1507	1435
1399892103215775658	1519	1526	1507	1434
1399892103230773620	1521	1535	1506	1434
1399892103245734748	1519	1536	1506	1434
1399892103265778513	1518	1543	1506	1435
1399892103280794893	1522	1550	1506	1435
1399892103295883781	1520	1550	1506	1435
1399892103320771072	1532	1555	1506	1435
1399892103335772457	1533	1558	1506	1434
1399892103365771581	1532	1545	1506	1434
1399892103385753744	1524	1518	1506	1433
1399892103410859707	1525	1508	1506	1433
1399892103430806341	1525	1494	1506	1432
1399892103445724913	1523	1478	1506	1433
1399892103465791386	1524	1461	1507	1433
1399892103480780458	1516	1455	1507	1433
1399892103495773511	1516	1453	1507	1433
1399892103510707903	1518	1440	1507	1433
1399892103530889013	1517	1431	1507	1432
1399892103545785895	1520	1422	1507	1432
1399892103580864900	1520	1429	1507	1433
1399892103610852665	1520	1427	1507	1433
1399892103645895794	1521	1458	1507	1433
1399892103670792189	1522	1468	1508	1433
1399892103685886171	1519	1481	1508	1433
1399892103705743597	1518	1493	1508	1433
1399892103720794940	1520	1507	1508	1434
1399892103735805210	1519	1520	1509	1434
1399892103755842918	1518	1533	1509	1434
1399892103770800110	1522	1554	1509	1434
1399892103795815802	1523	1567	1510	1434
1399892103830911245	1524	1541	1510	1433
1399892103860797315	1525	1547	1510	1433
1399892103895782383	1525	1542	1511	1433
1399892103910752661	1525	1539	1511	1433
1399892103930893604	1523	1539	1511	1432
1399892103945684713	1521	1537	1511	1433
1399892103960756358	1520	1529	1511	1433
1399892103980703197	1524	1509	1512	1433
1399892103995839830	1529	1508	1512	1433
1399892104010779536	1521	1511	1512	1432
1399892104045889478	1530	1515	1513	1433
1399892104080893405	1527	1498	1513	1433
1399892104110836863	1526	1503	1513	1433
1399892104145912350	1522	1495	1513	1433
1399892104165849760	1524	1495	1513	1432
1399892104180841602	1521	1501	1513	1433
1399892104195971716	1520	1494	1513	1432
1399892104215780779	1520	1501	1513	1433
1399892104230794342	1523	1535	1513	1434
1399892104245824304	1521	1536	1513	1434
1399892104265827022	1525	1555	1513	1433
1399892104285954086	1516	1557	1513	1434
1399892104305806448	1520	1561	1513	1434
1399892104330810516	1526	1559	1514	1434
1399892104345887229	1522	1568	1514	1434
1399892104360710989	1519	1556	1514	1434
1399892104380725612	1525	1547	1514	1435
1399892104405650771	1526	1554	1514	1434
1399892104420710613	1523	1542	1514	1434
1399892104435762474	1526	1536	1514	1435
1399892104455768099	1525	1520	1514	1435
1399892104470841355	1531	1497	1514	1436
1399892104485926601	1531	1496	1514	1435
1399892104505745800	1529	1495	1514	1434
1399892104530822124	1530	1479	1514	1435
1399892104545854359	1527	1471	1514	1435
1399892104565744787	1526	1476	1514	1434
1399892104595894555	1527	1459	1514	1435
1399892104610717145	1524	1454	1514	1437
1399892104631110053	1527	1466	1514	1436
1399892104655811104	1522	1465	1514	1436
1399892104670733851	1526	1487	1514	1436
1399892104685821914	1527	1497	1514	1435
1399892104705748463	1521	1514	1514	1434
1399892104720754093	1528	1538	1514	1436
1399892104735769159	1523	1531	1514	1435
1399892104760859520	1528	1546	1514	1436
1399892104795630588	1527	1559	1514	1436
1399892104830865338	1527	1549	1514	1436
1399892104860853350	1524	1539	1515	1436
1399892104885968042	1529	1518	1515	1437
1399892104905805433	1530	1503	1515	1436
1399892104920689369	1532	1477	1515	1436
1399892104935674188	1529	1489	1515	1436
1399892104955673265	1522	1469	1515	1436
1399892104970681948	1526	1441	1515	1435
1399892104985684118	1526	1422	1515	1436
1399892105010811705	1524	1411	1514	1436
1399892105045907112	1525	1391	1514	1436
1399892105080917692	1527	1396	1514	1436
1399892105110795681	1524	1395	1514	1436
1399892105130736527	1535	1431	1514	1437
1399892105160782476	1535	1444	1514	1435
1399892105170817837	1533	1446	1514	1436
1399892105185767358	1538	1453	1514	1436
1399892105205861975	1535	1462	1514	1438
1399892105220788762	1532	1456	1514	1436
1399892105245846799	1539	1475	1514	1437
1399892105260821516	1542	1478	1514	1437
1399892105280839375	1541	1515	1514	1437
1399892105310770825	1543	1530	1514	1436
1399892105330815042	1536	1512	1514	1437
1399892105360777021	1534	1518	1513	1437
1399892105380808826	1534	1519	1513	1437
1399892105395791840	1526	1498	1513	1436
1399892105410728693	1525	1502	1513	1436
1399892105430672418	1517	1482	1513	1435
1399892105445668906	1519	1482	1513	1436
1399892105460724933	1516	1481	1512	1436
1399892105480775524	1529	1492	1512	1435
1399892105495845074	1528	1494	1512	1435
1399892105531003145	1523	1492	1512	1433
1399892105560870152	1520	1492	1511	1434
1399892105595877568	1533	1503	1511	1433
1399892105610708141	1528	1509	1511	1433
1399892105630770321	1534	1516	1511	1433
1399892105645776475	1524	1527	1510	1432
1399892105660856919	1530	1537	1510	1433
1399892105680860109	1516	1543	1510	1432
1399892105695693377	1530	1550	1510	1433
1399892105710776262	1511	1546	1510	1432
1399892105730752477	1518	1552	1510	1433
1399892105745804401	1514	1560	1510	1433
1399892105780683227	1512	1568	1510	1433
1399892105810909421	1514	1572	1509	1432
1399892105845862830	1507	1562	1509	1433
1399892105860832992	1506	1557	1509	1433
1399892105880730028	1506	1544	1509	1433
1399892105895857611	1501	1547	1508	1432
1399892105910868404	1506	1532	1508	1432
1399892105930869761	1504	1501	1508	1433
1399892105945802778	1501	1482	1508	1433
1399892105960676538	1509	1480	1508	1434
1399892105980833156	1492	1488	1508	1433
1399892106010839312	1489	1475	1508	1433
1399892106030747537	1504	1457	1508	1435
1399892106060808234	1498	1457	1509	1435
1399892106080698901	1499	1457	1509	1434
1399892106110836883	1502	1457	1510	1436
1399892106130821698	1495	1473	1510	1435
1399892106145861254	1491	1474	1511	1436
1399892106160653930	1492	1481	1512	1436
1399892106181117699	1501	1484	1512	1436
1399892106195813755	1488	1508	1512	1437
1399892106210670062	1491	1508	1513	1437
1399892106245520150	1496	1542	1514	1437
1399892106280731012	1495	1577	1516	1437
1399892106310795010	1502	1584	1517	1437
1399892106335784013	1500	1553	1518	1437
1399892106355932005	1499	1555	1519	1436
1399892106370896240	1498	1534	1519	1437
1399892106385775642	1502	1517	1520	1438
1399892106405787569	1503	1511	1520	1438
1399892106420724161	1499	1500	1520	1439
1399892106435747357	1502	1500	1521	1438
1399892106455721266	1508	1488	1521	1439
1399892106480683527	1511	1453	1522	1439
1399892106495627916	1513	1454	1522	1438
1399892106515704974	1510	1438	1522	1440
1399892106545837898	1512	1446	1522	1439
1399892106560733461	1509	1448	1522	1439
1399892106580652176	1512	1441	1522	1439
1399892106605888551	1513	1443	1522	1439
1399892106621040189	1507	1463	1522	1439
1399892106636014734	1523	1456	1522	1439
1399892106655773366	1517	1469	1521	1439
1399892106670754659	1526	1495	1521	1439
1399892106685704682	1518	1501	1521	1439
1399892106710832043	1524	1512	1520	1439
1399892106745813280	1529	1528	1520	1439
1399892106780875082	1526	1497	1520	1438
1399892106810844131	1530	1501	1519	1439
1399892106835824897	1529	1498	1519	1438
1399892106855781514	1531	1493	1518	1438
1399892106870835119	1522	1476	1518	1438
1399892106885665998	1534	1470	1518	1439
1399892106905797285	1526	1453	1517	1440
1399892106920737653	1525	1456	1517	1438
1399892106935657190	1542	1461	1516	1438
1399892106955758365	1532	1468	1516	1438
1399892106980817362	1539	1446	1515	1439
1399892107010789311	1541	1444	1515	1439
1399892107045770490	1542	1470	1514	1438
1399892107070834127	1532	1475	1513	1439
1399892107085772289	1540	1485	1513	1438
1399892107105783535	1541	1492	1513	1438
1399892107120817989	1545	1490	1513	1439
1399892107135783547	1534	1486	1512	1438
1399892107155867874	1536	1502	1512	1438
1399892107170752834	1540	1516	1512	1438
1399892107195786716	1534	1531	1512	1438
1399892107230870819	1543	1538	1511	1438
1399892107260772521	1545	1546	1511	1438
1399892107295856975	1534	1541	1511	1437
1399892107320703880	1540	1537	1511	1438
1399892107335787991	1533	1530	1511	1438
1399892107355758446	1529	1515	1510	1439
1399892107370802265	1532	1495	1511	1439
1399892107385815572	1538	1484	1511	1438
1399892107405838058	1535	1477	1511	1438
1399892107420798175	1534	1464	1511	1438
1399892107445801892	1529	1448	1511	1438
1399892107480479719	1518	1413	1511	1439
1399892107510894991	1522	1402	1512	1439
1399892107545860696	1524	1395	1512	1439
1399892107565752319	1525	1386	1513	1439
1399892107580854354	1524	1398	1513	1440
1399892107595936289	1526	1403	1513	1439
1399892107615748583	1524	1406	1513	1438
1399892107630741656	1529	1439	1513	1438
1399892107645743948	1526	1441	1513	1439
1399892107665846286	1523	1444	1513	1438
1399892107680793987	1519	1445	1513	1438
1399892107715791587	1526	1457	1513	1437
1399892107730817756	1520	1488	1512	1436
1399892107745675977	1523	1497	1512	1437
1399892107770797719	1524	1491	1512	1435
1399892107795929614	1520	1502	1512	1436
1399892107820749110	1519	1503	1511	1435
1399892107835819607	1516	1502	1511	1435
1399892107855850997	1514	1505	1511	1435
1399892107870821160	1520	1481	1511	1434
1399892107885781705	1517	1480	1510	1433
1399892107905776410	1515	1484	1510	1433
1399892107920650229	1517	1460	1510	1433
1399892107945711942	1519	1461	1509	1433
1399892107980825976	1518	1464	1508	1432
1399892108010837979	1513	1468	1508	1432
1399892108045784607	1511	1465	1508	1431
1399892108065759924	1521	1464	1507	1432
1399892108080770838	1514	1468	1507	1431
1399892108095717130	1509	1474	1507	1431
1399892108110740234	1509	1481	1507	1431
1399892108130760156	1505	1503	1507	1429
1399892108145773055	1512	1517	1507	1429
1399892108160677077	1509	1521	1507	1430
1399892108195841863	1512	1540	1507	1430
1399892108230768194	1512	1557	1508	1430
1399892108260784624	1508	1571	1508	1430
1399892108285858859	1512	1558	1508	1430
1399892108305836864	1518	1563	1509	1430
1399892108320728715	1513	1549	1509	1429
1399892108335843118	1512	1537	1509	1430
1399892108355767970	1511	1538	1509	1430
1399892108370815497	1517	1517	1510	1431
1399892108385782562	1519	1508	1510	1431
1399892108410729228	1515	1504	1510	1431
1399892108445809876	1510	1485	1511	1432
1399892108480745104	1506	1460	1512	1432
1399892108510760198	1504	1446	1512	1433
1399892108535778769	1506	1477	1513	1433
1399892108555894270	1508	1478	1513	1433
1399892108570730145	1492	1483	1513	1434
1399892108585802387	1493	1497	1514	1434
1399892108605621439	1497	1507	1514	1435
1399892108620598297	1502	1513	1514	1434
1399892108635711581	1502	1518	1514	1434
1399892108660626579	1493	1539	1515	1435
1399892108685904553	1501	1563	1515	1436
1399892108710743236	1503	1574	1515	1436
1399892108745789112	1507	1587	1515	1437
1399892108780887808	1499	1598	1515	1438
1399892108795462871	1504	1576	1515	1437
1399892108815860235	1506	1574	1515	1438
1399892108830771995	1492	1562	1515	1439
1399892108845891809	1493	1550	1515	1440
1399892108860705500	1495	1542	1515	1440
1399892108880917249	1488	1515	1515	1440
1399892108895812588	1491	1514	1515	1440
1399892108930751849	1491	1516	1514	1441
1399892108960783633	1492	1482	1514	1442
1399892108995897070	1492	1457	1514	1443
1399892109020860877	1491	1461	1513	1443
1399892109035820885	1495	1456	1513	1443
1399892109055847442	1488	1451	1513	1444
1399892109070887081	1492	1444	1513	1444
1399892109085749057	1495	1455	1513	1445
1399892109105710326	1497	1455	1513	1445
1399892109120728666	1481	1464	1512	1444
1399892109145895609	1490	1466	1513	1445
1399892109165736319	1488	1471	1512	1444
1399892109180984823	1491	1479	1512	1444
1399892109195747804	1499	1501	1512	1444
1399892109220819991	1498	1520	1512	1445
1399892109235777016	1501	1526	1512	1445
1399892109280386936	1499	1497	1513	1445
1399892109285733098	1501	1498	1513	1444
1399892109305848196	1504	1496	1513	1444
1399892109320817809	1507	1483	1513	1444
1399892109335817666	1514	1474	1513	1443
1399892109355780998	1517	1472	1513	1444
1399892109370805023	1506	1470	1513	1444
1399892109385737117	1509	1454	1513	1443
1399892109410891931	1514	1449	1513	1443
1399892109445782181	1525	1427	1513	1443
1399892109480817928	1519	1443	1513	1442
1399892109505770038	1525	1444	1513	1441
1399892109520847320	1523	1465	1513	1442
1399892109535780298	1527	1445	1513	1442
1399892109555826128	1529	1452	1513	1443
1399892109570757060	1531	1459	1513	1442
1399892109585886704	1531	1496	1513	1440
1399892109605854159	1541	1512	1513	1440
1399892109620766945	1545	1502	1513	1440
1399892109635901503	1541	1512	1513	1440
1399892109665768884	1548	1533	1513	1440
1399892109680736661	1555	1543	1513	1439
1399892109695820233	1553	1539	1513	1438
1399892109720650261	1550	1560	1514	1436
1399892109745752344	1560	1559	1514	1437
1399892109770756416	1564	1570	1514	1437
1399892109785779237	1569	1540	1514	1437
1399892109805814721	1569	1537	1514	1436
1399892109820871539	1569	1526	1514	1435
1399892109835769223	1571	1529	1514	1434
1399892109855817465	1572	1521	1514	1433
1399892109880855360	1568	1483	1513	1433
1399892109910851060	1568	1466	1513	1432
1399892109945752304	1562	1414	1513	1432
1399892109980855745	1575	1433	1513	1432
1399892110005792751	1569	1415	1512	1432
1399892110020810547	1557	1422	1512	1431
1399892110035731475	1567	1422	1512	1431
1399892110055671538	1556	1426	1512	1430
1399892110070855428	1579	1440	1512	1432
1399892110085751592	1576	1433	1512	1432
1399892110105712809	1577	1437	1512	1433
1399892110120808339	1574	1448	1512	1434
1399892110145797200	1558	1491	1512	1432
1399892110180925560	1561	1510	1512	1432
1399892110210821403	1556	1524	1512	1432
1399892110235824609	1556	1519	1512	1432
1399892110255832928	1554	1527	1512	1431
1399892110270750553	1554	1514	1512	1431
1399892110285699384	1550	1515	1512	1431
1399892110305635351	1551	1514	1511	1431
1399892110320676130	1544	1520	1511	1431
1399892110335678224	1532	1527	1511	1432
1399892110355779070	1532	1513	1511	1431
1399892110380779362	1532	1491	1510	1430
1399892110410738716	1524	1488	1510	1430
1399892110445809455	1528	1463	1510	1430
1399892110480811770	1522	1477	1510	1430
1399892110495797997	1522	1465	1510	1430
1399892110510719684	1507	1481	1510	1429
1399892110530846166	1523	1466	1510	1430
1399892110545791171	1520	1465	1510	1429
1399892110560762562	1520	1468	1510	1429
1399892110580887879	1521	1475	1510	1429
1399892110595859728	1518	1476	1511	1429
1399892110630914518	1527	1495	1511	1429
1399892110660802680	1522	1506	1511	1429
1399892110696002135	1491	1522	1512	1429
1399892110730903176	1491	1542	1512	1429
1399892110745814099	1487	1550	1512	1428
1399892110760695607	1480	1554	1513	1428
1399892110780607249	1490	1550	1513	1429
1399892110795782383	1490	1541	1513	1429
1399892110810764217	1474	1544	1513	1429
1399892110830768932	1486	1529	1513	1429
1399892110845727045	1492	1529	1513	1428
1399892110880725043	1481	1508	1514	1429
1399892110910836539	1485	1505	1514	1429
1399892110945868049	1481	1478	1515	1430
1399892110970746592	1485	1463	1515	1431
1399892110985766033	1490	1453	1515	1429
1399892111005730672	1492	1447	1516	1430
1399892111020646150	1484	1457	1516	1431
1399892111035730628	1490	1453	1516	1432
1399892111055717722	1492	1472	1517	1431
1399892111070784743	1497	1499	1517	1429
1399892111085749743	1487	1499	1517	1431
1399892111110884268	1495	1505	1517	1431
1399892111135694001	1500	1521	1518	1432
1399892111160938088	1507	1554	1519	1432
1399892111195850451	1484	1570	1519	1432
1399892111220697022	1485	1584	1520	1433
1399892111235684427	1486	1586	1520	1432
1399892111255748872	1494	1583	1521	1434
1399892111270707932	1488	1584	1521	1434
1399892111285736429	1490	1585	1522	1434
1399892111305734752	1490	1588	1522	1434
1399892111320749959	1491	1576	1522	1433
1399892111345767431	1492	1567	1522	1435
1399892111380802159	1492	1520	1522	1435
1399892111410864811	1493	1503	1521	1436
1399892111445760405	1504	1475	1520	1436
1399892111460770752	1513	1462	1520	1437
1399892111480788936	1513	1469	1519	1436
1399892111495752233	1517	1470	1519	1436
1399892111510713968	1515	1453	1518	1437
1399892111530852410	1516	1460	1518	1437
1399892111545996011	1513	1445	1517	1438
1399892111560794914	1512	1450	1516	1437
1399892111581029582	1518	1462	1516	1437
1399892111595778967	1513	1460	1515	1437
1399892111630851461	1515	1464	1514	1438
1399892111681449974	1514	1489	1513	1437
1399892111705803752	1516	1499	1513	1437
1399892111725833971	1505	1517	1512	1437
1399892111740842329	1510	1519	1512	1437
1399892111755983670	1506	1525	1512	1437
1399892111770756173	1515	1520	1512	1436
1399892111785835292	1525	1482	1511	1436
1399892111805784930	1527	1480	1511	1436
1399892111825824352	1534	1469	1511	1435
1399892111845804066	1535	1467	1511	1437
1399892111875886111	1533	1454	1510	1435
1399892111895761748	1528	1449	1510	1436
1399892111925807527	1525	1427	1510	1436
1399892111945868249	1533	1415	1510	1436
1399892111970827926	1530	1427	1510	1436
1399892111985577003	1539	1424	1509	1435
1399892112005618045	1541	1425	1509	1435
1399892112020659047	1525	1446	1510	1436
1399892112035627497	1529	1432	1510	1436
1399892112055554302	1531	1438	1510	1435
1399892112070681136	1527	1454	1510	1436
1399892112095684162	1534	1485	1510	1435
1399892112130725636	1531	1530	1510	1435
1399892112160650222	1528	1557	1510	1434
1399892112185681971	1536	1544	1511	1433
1399892112205765858	1536	1551	1511	1433
1399892112220721919	1528	1555	1511	1434
1399892112235632819	1527	1558	1511	1434
1399892112255627724	1533	1570	1511	1433
1399892112270638875	1527	1566	1512	1432
1399892112285821401	1522	1572	1511	1433
1399892112310888489	1526	1567	1512	1432
1399892112345793843	1532	1522	1512	1432
1399892112380871275	1530	1482	1512	1432
1399892112410824979	1530	1475	1513	1431
1399892112435766675	1515	1478	1513	1432
1399892112455973489	1521	1467	1513	1432
1399892112470926277	1509	1465	1513	1432
1399892112485883055	1526	1471	1513	1431
1399892112505834417	1520	1462	1513	1432
1399892112520974609	1515	1464	1513	1431
1399892112535904890	1513	1455	1513	1432
1399892112560809415	1516	1461	1513	1432
1399892112595910998	1512	1479	1514	1432
1399892112631230689	1508	1515	1514	1431
1399892112660831522	1509	1537	1514	1431
1399892112685783927	1506	1542	1514	1432
1399892112705794380	1498	1549	1514	1432
1399892112720788941	1515	1541	1514	1431
1399892112735869236	1512	1542	1514	1430
1399892112755809172	1510	1553	1514	1430
1399892112770862039	1507	1554	1515	1430
1399892112785758827	1506	1559	1515	1430
1399892112805764964	1505	1545	1515	1430
1399892112830846294	1507	1538	1515	1430
1399892112860802166	1501	1523	1516	1430
1399892112895807287	1508	1509	1516	1430
1399892112920782784	1499	1486	1516	1430
1399892112935818468	1502	1480	1516	1431
1399892112955905809	1505	1470	1517	1431
1399892112970874049	1502	1474	1517	1431
1399892112985796062	1503	1468	1517	1431
1399892113005782253	1499	1460	1517	1432
1399892113020787675	1503	1468	1517	1432
1399892113045789000	1502	1470	1517	1431
1399892113060754489	1504	1472	1517	1432
1399892113095839982	1513	1481	1517	1432
1399892113131163628	1502	1487	1518	1432
1399892113160888954	1505	1500	1518	1433
1399892113180783170	1508	1522	1518	1433
1399892113195795076	1499	1517	1519	1432
1399892113215765402	1501	1518	1519	1433
1399892113230816427	1499	1513	1519	1433
1399892113245739676	1505	1516	1519	1433
1399892113260789989	1498	1513	1519	1434
1399892113280847500	1509	1496	1520	1434
1399892113310777433	1511	1491	1520	1433
1399892113345901139	1508	1474	1520	1434
1399892113380807509	1506	1451	1519	1434
1399892113405792688	1518	1451	1519	1434
1399892113425837836	1508	1435	1519	1434
1399892113440676684	1509	1425	1519	1435
1399892113455713316	1509	1425	1519	1435
1399892113470780846	1507	1441	1519	1434
1399892113485664036	1504	1446	1519	1434
1399892113505739875	1506	1454	1519	1434
1399892113530840646	1505	1461	1518	1434
1399892113545702809	1509	1481	1518	1434
1399892113580756199	1511	1511	1518	1434
1399892113610803502	1508	1529	1517	1434
1399892113645796853	1516	1568	1517	1435
1399892113665785096	1513	1583	1517	1434
1399892113680770181	1516	1593	1517	1433
1399892113695814753	1517	1595	1517	1434
1399892113715846390	1509	1603	1517	1433
1399892113730775352	1514	1608	1516	1434
1399892113745789189	1515	1594	1516	1433
1399892113765783478	1515	1591	1516	1434
1399892113785761612	1508	1582	1515	1433
1399892113805780958	1518	1573	1515	1434
1399892113830844399	1516	1537	1515	1434
1399892113845854982	1516	1517	1515	1434
1399892113860738377	1516	1511	1514	1435
1399892113880694754	1516	1518	1514	1435
1399892113910787544	1513	1499	1514	1435
1399892113930738879	1513	1487	1514	1434
1399892113945796603	1515	1478	1514	1436
1399892113960661596	1517	1464	1513	1436
1399892113980837398	1518	1479	1513	1435
1399892113995709737	1511	1475	1513	1435
1399892114010732606	1519	1467	1513	1435
1399892114030848855	1522	1471	1513	1436
1399892114060776076	1519	1471	1513	1436
1399892114095827465	1516	1496	1513	1436
1399892114145823745	1524	1505	1513	1437
1399892114165843780	1523	1509	1513	1436
1399892114180813878	1522	1496	1513	1437
1399892114195752903	1521	1502	1513	1436
1399892114210804960	1518	1501	1513	1437
1399892114230886214	1517	1505	1513	1436
1399892114245720881	1521	1504	1513	1436
1399892114280837365	1521	1482	1513	1436
1399892114295850167	1515	1477	1513	1437
1399892114330906531	1520	1468	1513	1436
1399892114360758160	1519	1454	1512	1436
1399892114385741524	1522	1439	1512	1437
1399892114405788627	1519	1439	1512	1438
1399892114420807109	1528	1442	1512	1436
1399892114435724501	1528	1444	1512	1436
1399892114455809540	1520	1436	1512	1437
1399892114470820584	1519	1434	1511	1437
1399892114485721773	1514	1441	1511	1438
1399892114505870961	1521	1435	1511	1438
1399892114530845192	1519	1450	1511	1438
1399892114560812446	1517	1466	1510	1437
1399892114595777229	1519	1492	1510	1437
1399892114620744140	1517	1490	1510	1437
1399892114635902752	1523	1502	1510	1437
1399892114655791957	1521	1517	1509	1436
1399892114670754488	1519	1541	1509	1435
1399892114685786157	1516	1549	1509	1435
1399892114705770463	1517	1554	1509	1435
1399892114720801276	1516	1552	1509	1435
1399892114745804392	1515	1544	1508	1434
1399892114780785068	1512	1537	1508	1434
1399892114810910058	1510	1533	1508	1433
1399892114845791019	1508	1497	1508	1433
1399892114870964970	1507	1489	1508	1432
1399892114885466517	1504	1481	1508	1432
1399892114905772164	1498	1471	1507	1432
1399892114920741714	1512	1475	1508	1431
1399892114935807805	1511	1478	1508	1431
1399892114955774327	1505	1460	1508	1432
1399892114970770432	1504	1445	1508	1432
1399892114985783574	1505	1440	1508	1432
1399892115010736667	1504	1447	1508	1432
1399892115045871007	1498	1477	1508	1433
1399892115080921207	1490	1521	1508	1433
1399892115110818683	1499	1526	1509	1433
1399892115130797188	1496	1548	1510	1433
1399892115145842747	1497	1558	1510	1433
1399892115160731357	1494	1567	1510	1434
1399892115180763593	1496	1585	1511	1434
1399892115195673344	1496	1581	1511	1435
1399892115210728245	1497	1583	1512	1435
1399892115230853545	1493	1572	1512	1435
1399892115260863203	1496	1582	1513	1435
1399892115295884062	1499	1573	1514	1436
1399892115330771746	1495	1550	1514	1437
1399892115355806929	1495	1538	1515	1438
1399892115370709768	1493	1528	1515	1438
1399892115385709113	1493	1510	1515	1437
1399892115405840610	1494	1509	1515	1438
1399892115420791031	1490	1493	1515	1439
1399892115435819458	1489	1490	1515	1439
1399892115455807704	1490	1479	1515	1440
1399892115470756511	1483	1470	1515	1441
1399892115495575579	1486	1455	1515	1441
1399892115530914020	1497	1482	1515	1441
1399892115560723005	1493	1479	1515	1441
1399892115595798582	1498	1493	1515	1443
1399892115615777187	1502	1489	1515	1443
1399892115630901325	1508	1506	1515	1442
1399892115645792874	1500	1503	1515	1442
1399892115660783844	1495	1507	1514	1443
1399892115680929152	1490	1492	1514	1443
1399892115695702612	1508	1484	1514	1442
1399892115710647255	1503	1480	1514	1442
1399892115745840643	1502	1483	1514	1442
1399892115780876573	1497	1445	1514	1442
1399892115810863710	1501	1438	1514	1441
1399892115845821219	1507	1414	1513	1440
1399892115865740021	1506	1405	1513	1439
1399892115880793158	1502	1390	1513	1439
1399892115895702956	1508	1393	1513	1438
1399892115910691439	1517	1394	1512	1437
1399892115930715179	1518	1397	1512	1437
1399892115945764451	1519	1387	1512	1437
1399892115960803385	1528	1389	1512	1436
1399892115995828975	1528	1397	1511	1435
1399892116030931290	1534	1425	1510	1434
1399892116060767053	1544	1456	1510	1434
1399892116085837519	1539	1479	1509	1433
1399892116105795135	1541	1493	1509	1435
1399892116120866690	1532	1539	1509	1434
1399892116135814786	1535	1539	1509	1434
1399892116155831957	1535	1567	1509	1434
1399892116170762907	1548	1538	1509	1433
1399892116185649034	1558	1548	1509	1433
1399892116205716277	1555	1571	1509	1433
1399892116230920068	1551	1555	1509	1433
1399892116245715223	1552	1552	1509	1432
1399892116265776271	1552	1556	1509	1433
1399892116280798694	1550	1545	1509	1433
1399892116305774783	1560	1534	1509	1433
1399892116325908998	1553	1510	1509	1432
1399892116345725880	1566	1506	1510	1432
1399892116360836221	1567	1492	1510	1432
1399892116380857588	1561	1524	1510	1432
1399892116395760501	1571	1518	1510	1433
1399892116410831074	1571	1509	1510	1432
1399892116430826945	1557	1488	1510	1432
1399892116445844917	1554	1484	1510	1432
1399892116480832034	1545	1461	1510	1433
1399892116510884679	1536	1467	1510	1433
1399892116545864064	1563	1506	1510	1434
1399892116570816422	1555	1512	1511	1434
1399892116595830607	1556	1525	1511	1435
1399892116620851574	1546	1557	1511	1435
1399892116636017403	1556	1546	1511	1434
1399892116655850261	1546	1563	1512	1435
1399892116670803132	1552	1560	1512	1435
1399892116685776445	1556	1577	1512	1435
1399892116705714466	1553	1581	1512	1435
1399892116730797444	1553	1578	1512	1435
1399892116760817469	1540	1575	1512	1435
1399892116795861918	1535	1554	1512	1435
1399892116820781873	1533	1535	1512	1436
1399892116845850839	1519	1490	1511	1435
1399892116870853464	1507	1481	1511	1435
1399892116885922082	1516	1474	1511	1436
1399892116905813743	1510	1459	1510	1436
1399892116920705102	1507	1455	1510	1437
1399892116945789961	1504	1466	1510	1436
1399892116975917557	1498	1466	1510	1436
1399892116995774641	1497	1457	1510	1437
1399892117025826371	1498	1477	1510	1437
1399892117045820847	1492	1483	1510	1437
1399892117075862077	1485	1477	1511	1438
1399892117085843076	1480	1488	1511	1437
1399892117105821587	1480	1496	1511	1438
1399892117120801778	1476	1528	1511	1439
1399892117135726080	1476	1523	1511	1438
1399892117155938698	1480	1528	1511	1437
1399892117170790157	1491	1534	1512	1437
1399892117185798539	1492	1538	1512	1436
1399892117210816001	1481	1538	1512	1437
1399892117245800361	1467	1482	1512	1437
1399892117280783428	1472	1458	1513	1437
1399892117305797523	1480	1439	1513	1437
1399892117325775249	1478	1426	1513	1437
1399892117340766097	1474	1417	1513	1436
1399892117355842451	1475	1418	1514	1437
1399892117370873199	1485	1383	1514	1438
1399892117385769450	1483	1378	1514	1438
1399892117405779529	1483	1366	1514	1437
1399892117420877137	1481	1375	1514	1438
1399892117435806339	1472	1379	1514	1438
1399892117460787622	1479	1368	1514	1437
1399892117495619809	1474	1393	1514	1438
1399892117530859456	1483	1421	1514	1438
1399892117555786574	1486	1433	1514	1437
1399892117570757838	1491	1491	1514	1438
1399892117585722955	1491	1501	1514	1438
1399892117605764472	1498	1520	1514	1437
1399892117620687781	1496	1558	1514	1437
1399892117635783214	1501	1562	1514	1438
1399892117655822916	1503	1582	1514	1438
1399892117670730677	1502	1531	1514	1438
1399892117685905887	1507	1544	1514	1438
1399892117705780115	1508	1553	1514	1438
1399892117730935964	1505	1539	1515	1437
1399892117745860141	1514	1545	1515	1437
1399892117760745247	1516	1555	1515	1437
1399892117780713387	1520	1542	1515	1436
1399892117810877222	1520	1548	1516	1436
1399892117830950140	1510	1514	1516	1435
1399892117845954522	1523	1520	1517	1436
1399892117860730560	1523	1510	1518	1435
1399892117880872288	1521	1504	1518	1435
1399892117895578250	1528	1517	1518	1434
1399892117920642079	1525	1471	1518	1434
1399892117945651412	1522	1468	1519	1434
1399892117980858250	1537	1520	1519	1434
1399892118010875722	1543	1523	1519	1434
1399892118035740975	1535	1533	1520	1435
1399892118075896781	1538	1547	1520	1434
1399892118085438617	1540	1553	1520	1433
1399892118105828471	1542	1557	1520	1432
1399892118120775024	1543	1565	1520	1434
1399892118135787441	1531	1568	1520	1433
1399892118155804272	1532	1569	1520	1434
1399892118170773144	1547	1542	1520	1434
1399892118195799132	1541	1550	1520	1434
1399892118230844277	1536	1531	1520	1434
1399892118245818842	1537	1513	1520	1435
1399892118280850296	1536	1489	1520	1435
1399892118295886507	1534	1489	1519	1434
1399892118315833944	1528	1480	1519	1435
1399892118330748827	1521	1454	1519	1435
1399892118345772083	1529	1440	1519	1435
1399892118365788145	1518	1427	1519	1435
1399892118380905625	1529	1452	1519	1435
1399892118395860585	1532	1454	1519	1436
1399892118420797371	1532	1458	1519	1435
1399892118435965075	1523	1452	1519	1435
1399892118465862932	1522	1460	1519	1435
1399892118485757919	1521	1460	1519	1435
1399892118510922609	1521	1471	1518	1435
1399892118530822262	1518	1484	1518	1435
1399892118545808716	1515	1490	1518	1435
1399892118565820052	1514	1509	1518	1435
1399892118580824568	1507	1538	1518	1434
1399892118595855705	1510	1542	1518	1434
1399892118610635868	1512	1553	1517	1433
1399892118630751199	1507	1550	1517	1434
1399892118660834184	1501	1556	1517	1434
1399892118695755684	1498	1552	1517	1434
1399892118730829230	1497	1538	1517	1434
1399892118760793749	1489	1522	1516	1434
1399892118780795910	1494	1503	1516	1434
1399892118795808578	1486	1500	1516	1435
1399892118810808467	1491	1492	1516	1433
1399892118830840850	1492	1472	1516	1435
1399892118845779036	1507	1455	1516	1434
1399892118860709621	1498	1445	1516	1434
1399892118880805255	1501	1428	1516	1434
1399892118895970405	1489	1460	1515	1434
1399892118920774009	1493	1438	1515	1434
1399892118945825749	1493	1448	1515	1435
1399892118980784431	1491	1459	1515	1435
1399892119010754079	1489	1462	1515	1434
1399892119030726464	1495	1466	1515	1435
1399892119045779668	1492	1469	1515	1435
1399892119060758513	1493	1478	1514	1436
1399892119080814803	1492	1491	1514	1435
1399892119095841463	1496	1497	1514	1435
1399892119110718177	1492	1507	1514	1435
1399892119130884283	1501	1528	1514	1436
1399892119145888809	1499	1540	1514	1435
1399892119180875478	1504	1549	1514	1435
1399892119210822029	1509	1555	1514	1436
1399892119245800292	1503	1523	1514	1436
1399892119265939260	1500	1517	1514	1437
1399892119280679854	1503	1496	1514	1437
1399892119295805850	1507	1493	1514	1437
1399892119310815272	1510	1490	1514	1437
1399892119330866212	1511	1498	1513	1436
1399892119345806329	1510	1494	1513	1436
1399892119360763185	1513	1485	1513	1435
1399892119395835470	1510	1459	1513	1436
1399892119420817643	1516	1484	1513	1436
1399892119445885091	1523	1481	1512	1437
1399892119481002433	1520	1486	1512	1436
1399892119495690719	1524	1490	1512	1436
1399892119515881312	1525	1482	1512	1437
1399892119545793254	1519	1520	1512	1436
1399892119560824714	1518	1521	1512	1437
1399892119580747973	1524	1531	1512	1437
1399892119595704520	1525	1535	1512	1438
1399892119610813925	1517	1553	1512	1436
1399892119631374603	1532	1521	1512	1437
1399892119660955708	1530	1519	1512	1437
1399892119695785968	1525	1511	1512	1437
1399892119730893839	1517	1487	1513	1438
1399892119755718981	1519	1472	1513	1438
1399892119770655002	1522	1471	1513	1438
1399892119785706552	1522	1450	1513	1439
1399892119805784896	1518	1437	1513	1439
1399892119820757453	1532	1421	1513	1440
1399892119835821328	1522	1418	1513	1441
1399892119855791964	1524	1412	1513	1441
1399892119880850910	1517	1401	1513	1440
1399892119895811988	1511	1409	1513	1441
1399892119915772053	1522	1392	1514	1442
1399892119945877117	1519	1401	1514	1442
1399892119960848091	1511	1410	1513	1442
1399892119980699308	1512	1413	1513	1442
1399892120005733129	1518	1412	1513	1442
1399892120020750441	1512	1424	1513	1443
1399892120035851310	1522	1458	1512	1442
1399892120055837033	1519	1466	1512	1442
1399892120070884631	1524	1486	1512	1442
1399892120085823104	1520	1509	1511	1441
1399892120110848284	1521	1520	1511	1442
1399892120145821786	1518	1532	1511	1442
1399892120180918424	1518	1532	1510	1442
1399892120210882017	1515	1540	1510	1443
1399892120235721782	1515	1531	1510	1443
1399892120255811372	1513	1526	1510	1443
1399892120270817756	1517	1516	1510	1443
1399892120285812457	1515	1515	1510	1443
1399892120305838873	1514	1516	1510	1442
1399892120320795998	1514	1509	1509	1442
1399892120335772130	1517	1512	1510	1443
1399892120360836639	1516	1497	1510	1443
1399892120395953891	1510	1482	1510	1443
1399892120430829889	1513	1490	1510	1443
1399892120460828140	1520	1485	1511	1443
1399892120480896836	1517	1494	1511	1444
1399892120495780144	1518	1496	1511	1443
1399892120515809553	1519	1505	1511	1443
1399892120530809088	1521	1507	1512	1443
1399892120545809432	1522	1508	1512	1443
1399892120560739857	1529	1511	1512	1443
1399892120580792636	1520	1515	1512	1444
1399892120595828170	1520	1515	1512	1444
1399892120610760947	1522	1514	1513	1445
1399892120645852105	1522	1524	1513	1444
1399892120680714134	1514	1522	1514	1444
1399892120705812564	1513	1512	1515	1444
1399892120720719349	1517	1500	1515	1444
1399892120735738686	1518	1502	1515	1444
1399892120755872048	1521	1493	1515	1445
1399892120770824923	1523	1476	1516	1446
1399892120785798413	1526	1463	1516	1446
1399892120805814231	1521	1457	1516	1446
1399892120820818962	1524	1440	1516	1446
1399892120835780394	1525	1439	1517	1445
1399892120860828255	1525	1425	1517	1446
1399892120895834875	1522	1428	1517	1446
1399892120930920291	1525	1430	1517	1446
1399892120960802459	1523	1433	1517	1446
1399892120980786523	1529	1451	1517	1445
1399892120995768361	1530	1450	1517	1445
1399892121015798282	1523	1457	1517	1445
1399892121030843063	1527	1478	1517	1446
1399892121045729157	1532	1490	1517	1446
1399892121060892157	1530	1511	1517	1444
1399892121080925666	1530	1517	1517	1444
1399892121095744641	1530	1522	1517	1444
1399892121130782923	1527	1516	1518	1444
1399892121160829338	1529	1530	1518	1443
1399892121195804447	1529	1530	1518	1443
1399892121210707918	1528	1533	1518	1441
1399892121230718862	1531	1513	1518	1442
1399892121245696086	1526	1500	1518	1442
1399892121260769215	1523	1487	1518	1442
1399892121280779932	1521	1469	1517	1441
1399892121295762836	1521	1482	1517	1440
1399892121310796796	1525	1468	1517	1439
1399892121345795963	1526	1428	1517	1440
1399892121380807745	1522	1407	1517	1439
1399892121410849746	1523	1405	1516	1440
1399892121445916971	1522	1430	1516	1440
1399892121460769072	1520	1435	1516	1440
1399892121480765082	1519	1440	1516	1441
1399892121495703088	1515	1445	1516	1439
1399892121510734164	1513	1457	1516	1439
1399892121530766618	1510	1487	1516	1440
1399892121545803033	1517	1491	1516	1440
1399892121560735770	1511	1500	1517	1441
1399892121580707832	1501	1512	1516	1440
1399892121610803889	1510	1521	1517	1441
1399892121630790311	1508	1531	1517	1441
1399892121660644446	1501	1550	1517	1441
1399892121680655203	1512	1550	1517	1440
1399892121710744622	1504	1552	1518	1441
1399892121730802876	1502	1529	1518	1441
1399892121745841704	1506	1538	1518	1441
1399892121765775603	1505	1525	1518	1441
1399892121780779629	1502	1511	1518	1441
1399892121795754451	1506	1506	1518	1442
1399892121815810301	1504	1501	1519	1441
1399892121845844992	1502	1516	1519	1441
1399892121865704562	1501	1511	1519	1441
1399892121880729499	1507	1502	1519	1442
1399892121905742494	1500	1500	1519	1441
1399892121925807464	1503	1514	1520	1442
1399892121945780739	1509	1516	1520	1442
1399892121960683846	1501	1522	1520	1442
1399892121980889291	1499	1532	1520	1443
1399892121995701445	1508	1531	1520	1443
1399892122010688358	1510	1536	1521	1443
1399892122030762335	1508	1550	1521	1443
1399892122045876667	1506	1551	1521	1444
1399892122080845729	1505	1554	1521	1443
1399892122110912420	1505	1552	1521	1443
1399892122145738190	1508	1536	1521	1444
1399892122180862828	1514	1527	1521	1443
1399892122195762311	1516	1519	1521	1443
1399892122210749089	1519	1511	1521	1443
1399892122230697559	1516	1503	1520	1443
1399892122245711981	1523	1469	1520	1443
1399892122260837449	1519	1470	1520	1442
1399892122280810674	1518	1449	1520	1442
1399892122295684604	1524	1455	1520	1441
1399892122330852213	1519	1412	1520	1442
1399892122360828825	1524	1395	1520	1441
1399892122395847664	1530	1388	1519	1441
1399892122420863626	1533	1398	1519	1439
1399892122445911665	1531	1391	1519	1440
1399892122470975696	1535	1390	1519	1440
1399892122485773816	1529	1414	1519	1439
1399892122505780014	1526	1417	1519	1439
1399892122520797312	1531	1454	1518	1439
1399892122535790086	1532	1453	1518	1438
1399892122555789363	1521	1464	1518	1438
1399892122580790127	1531	1515	1518	1438
1399892122610803401	1526	1532	1517	1438
1399892122645947025	1522	1542	1517	1437
1399892122670892471	1526	1554	1517	1438
1399892122695891638	1524	1492	1516	1437
1399892122720831260	1519	1477	1516	1437
1399892122735839519	1517	1477	1515	1438
1399892122755731332	1509	1468	1515	1438
1399892122770877748	1515	1444	1515	1437
1399892122795824302	1513	1442	1514	1437
1399892122810820128	1509	1433	1514	1437
1399892122845899106	1522	1438	1514	1437
1399892122880823317	1515	1445	1513	1437
1399892122910840451	1514	1440	1513	1437
1399892122930943479	1506	1452	1513	1438
1399892122945989258	1509	1453	1512	1438
1399892122965906693	1498	1467	1512	1438
1399892122980826855	1507	1491	1512	1438
1399892122995785270	1501	1488	1512	1437
1399892123015894788	1506	1493	1512	1437
1399892123030767322	1506	1522	1511	1439
1399892123055933836	1494	1527	1511	1439
1399892123070793286	1496	1536	1511	1438
1399892123095790442	1501	1556	1510	1439
1399892123115693482	1503	1563	1510	1439
1399892123130770402	1488	1550	1509	1440
1399892123160775088	1491	1550	1509	1440
1399892123180776886	1483	1530	1509	1439
1399892123195683506	1487	1532	1508	1440
1399892123215719207	1489	1534	1508	1440
1399892123230870737	1477	1504	1507	1440
1399892123245769186	1483	1518	1507	1439
1399892123265809447	1484	1502	1507	1439
1399892123295899099	1483	1465	1506	1440
1399892123315804140	1487	1458	1506	1440
1399892123345935413	1477	1455	1506	1441
1399892123365777157	1481	1450	1506	1440
1399892123380776321	1475	1473	1506	1441
1399892123410649760	1475	1473	1506	1441
1399892123430978175	1477	1477	1506	1441
1399892123445823456	1478	1504	1506	1441
1399892123460703650	1472	1514	1506	1442
1399892123480809253	1484	1535	1507	1442
1399892123495786234	1474	1530	1507	1443
1399892123510849366	1486	1544	1507	1443
1399892123545877111	1482	1565	1507	1444
1399892123580887524	1487	1594	1508	1444
1399892123610805206	1486	1604	1508	1444
1399892123645803702	1492	1572	1509	1445
1399892123665820061	1492	1569	1509	1445
1399892123680742168	1498	1548	1509	1444
1399892123695828837	1502	1551	1510	1445
1399892123710888796	1504	1544	1510	1444
1399892123730774506	1500	1510	1510	1445
1399892123745747531	1506	1498	1510	1444
1399892123760738904	1505	1479	1510	1444
1399892123795846504	1501	1461	1509	1445
1399892123820808891	1501	1424	1509	1446
1399892123845825732	1497	1426	1509	1446
1399892123880840140	1507	1426	1508	1447
1399892123895758277	1510	1421	1508	1447
1399892123910741770	1501	1416	1507	1448
1399892123930761584	1505	1431	1507	1447
1399892123945678843	1508	1435	1507	1445
1399892123960773246	1508	1448	1507	1447
1399892123980670385	1510	1447	1507	1446
1399892123995758384	1510	1459	1507	1446
1399892124030806623	1514	1473	1508	1446
1399892124060826337	1520	1492	1508	1446
1399892124095799164	1535	1458	1509	1445
1399892124130862524	1543	1472	1510	1445
1399892124145772679	1547	1468	1511	1446
1399892124165837522	1548	1474	1512	1445
1399892124180831397	1541	1494	1512	1445
1399892124195806374	1537	1497	1513	1444
1399892124210712049	1548	1498	1514	1444
1399892124230553753	1538	1469	1515	1445
1399892124245874604	1544	1459	1515	1445
1399892124280781211	1529	1448	1517	1445
1399892124310815771	1527	1447	1518	1445
1399892124345847165	1529	1447	1519	1445
1399892124370814346	1533	1448	1519	1446
1399892124385766461	1536	1455	1520	1446
1399892124405910904	1531	1458	1520	1447
1399892124420718919	1533	1467	1521	1445
1399892124435786745	1540	1465	1521	1446
1399892124455789542	1535	1478	1522	1445
1399892124470762766	1538	1494	1522	1446
1399892124495819888	1547	1497	1523	1446
1399892124530867602	1547	1518	1523	1445
1399892124560719568	1547	1537	1524	1446
1399892124595830706	1537	1531	1524	1446
1399892124620757065	1534	1539	1525	1445
1399892124635978424	1532	1540	1525	1446
1399892124655797409	1529	1533	1525	1446
1399892124670902948	1530	1529	1525	1446
1399892124685706902	1532	1524	1525	1445
1399892124705822217	1531	1517	1525	1445
1399892124720822831	1526	1494	1525	1446
1399892124745767929	1526	1486	1525	1445
1399892124780871610	1534	1467	1524	1446
1399892124810805640	1533	1449	1524	1445
1399892124845831684	1530	1429	1524	1445
1399892124870507233	1532	1429	1523	1445
1399892124885863899	1532	1436	1523	1444
1399892124905874716	1533	1438	1523	1444
1399892124920793245	1524	1450	1523	1444
1399892124935768926	1521	1447	1522	1444
1399892124955694673	1525	1455	1522	1444
1399892124980762189	1525	1484	1522	1443
1399892125010813291	1518	1494	1522	1444
1399892125045801590	1509	1516	1521	1444
1399892125080819095	1509	1545	1521	1444
1399892125106016051	1507	1556	1520	1444
1399892125120670179	1512	1545	1520	1444
1399892125135706223	1511	1554	1520	1444
1399892125155826604	1519	1559	1519	1443
1399892125170776201	1518	1555	1519	1443
1399892125185718193	1522	1558	1518	1444
1399892125205778315	1524	1550	1518	1443
1399892125230846980	1516	1531	1518	1443
1399892125255696785	1513	1522	1517	1443
1399892125270872296	1517	1494	1517	1442
1399892125295711310	1517	1488	1516	1442
1399892125315774583	1519	1471	1516	1442
1399892125330778629	1518	1465	1516	1442
1399892125360815498	1515	1450	1515	1441
1399892125380778874	1516	1425	1515	1441
1399892125395770044	1512	1421	1515	1441
1399892125410832683	1515	1408	1514	1442
1399892125430660852	1514	1463	1514	1441
1399892125445740469	1520	1458	1514	1440
1399892125460760513	1515	1461	1514	1441
1399892125495732247	1518	1478	1513	1440
1399892125530890146	1526	1505	1513	1440
1399892125560825067	1529	1515	1513	1440
1399892125585764345	1531	1543	1513	1440
1399892125605842628	1526	1548	1514	1439
1399892125620835899	1519	1516	1514	1440
1399892125636022426	1519	1523	1514	1438
1399892125655797468	1523	1530	1514	1439
1399892125670817947	1521	1521	1514	1438
1399892125685844868	1524	1521	1515	1438
1399892125710810041	1526	1516	1515	1438
1399892125745716164	1518	1489	1516	1438
1399892130643727476	1520	1516	1514	1350
1399892130663273378	1520	1516	1514	1349
1399892130683999790	1520	1516	1514	1348
1399892130704003196	1520	1516	1514	1346
1399892130724153207	1520	1516	1514	1345
1399892130743575852	1520	1516	1514	1344
1399892130763541156	1520	1516	1514	1343
1399892130783852439	1520	1516	1514	1342
1399892130803688599	1520	1516	1514	1341
1399892130824226500	1520	1516	1514	1340
1399892130843834449	1520	1516	1514	1339
1399892130863653541	1520	1516	1514	1338
1399892130884055253	1520	1516	1514	1337
1399892130904024048	1520	1516	1514	1335
1399892130924081521	1520	1516	1514	1334
1399892130943887543	1520	1516	1514	1333
1399892130963690438	1520	1516	1514	1332
1399892130984181809	1520	1516	1514	1331
1399892131003963385	1520	1516	1514	1330
1399892131024021298	1520	1516	1514	1329
1399892131044008361	1520	1516	1514	1328
1399892131063796545	1520	1516	1514	1327
1399892131084031843	1520	1516	1514	1326
1399892131103830279	1520	1516	1514	1325
1399892131124116081	1520	1516	1514	1323
1399892131143796001	1520	1516	1514	1322
1399892131163664036	1520	1516	1514	1321
1399892131183751490	1520	1516	1514	1320
1399892131203763534	1520	1516	1514	1319
1399892131223273912	1520	1516	1514	1318
1399892131243990718	1520	1516	1101	1105
1399892131344262695	1520	1516	1101	1105
1399892131444562399	1520	1516	1101	1105
1399892131544836910	1520	1516	1101	1105
1399892131645246389	1520	1516	1101	1105
1399892131745828194	1520	1516	1101	1105
1399892131846147077	1520	1516	1101	1105
1399892131946514384	1520	1516	1101	1105
1399892132046829600	1520	1516	1101	1105
1399892132147200543	1520	1516	1101	1105
1399892132247531651	1520	1516	1101	1105
1399892132347819833	1520	1516	1101	1105
1399892132448168126	1520	1516	1101	1105
1399892132548493879	1520	1516	1101	1105
1399892132648818930	1520	1516	1101	1105
1399892132749118654	1520	1516	1101	1105
1399892132849391334	1520	1516	1101	1105
1399892132949654421	1520	1516	1101	1105
1399892133050010844	1520	1516	1101	1105
1399892133150320907	1520	1516	1101	1105
1399892133250668069	1520	1516	1101	1105
1399892133351051750	1520	1516	1101	1105
1399892133451477875	1520	1516	1101	1105
1399892133551962151	1520	1516	1101	1105
1399892133652301769	1520	1516	1101	1105
1399892133752601165	1520	1516	1101	1105
1399892133852906051	1520	1516	1101	1105
1399892133953169385	1520	1516	1101	1105
1399892134053414535	1520	1516	1101	1105
1399892134153673701	1520	1516	1101	1105
1399892134253929919	1520	1516	1513	1105
