#Time	 Roll 	 Pitch 	 Yaw
1399892069552637320	-0.003356179688	-0.02167498134	0.4325986505
1399892069642619767	-0.003242881969	-0.02133474872	0.4327446222
1399892069700525755	-0.003104136791	-0.02099024691	0.4328234196
1399892069802506967	-0.002881102497	-0.02034837008	0.4330314696
1399892069851462453	-0.002753274748	-0.02002832294	0.4331328273
1399892069955397235	-0.002616146812	-0.01972419024	0.4332650006
1399892070011404199	-0.002509729005	-0.01943011582	0.4334012866
1399892070115283750	-0.00224989932	-0.01881711371	0.4336877763
1399892070172329575	-0.002128413413	-0.01852782257	0.4338547289
1399892070329252067	-0.00187304581	-0.01792023145	0.4340684712
1399892070372176498	-0.001747425529	-0.01762423664	0.4341726303
1399892070387222345	-0.0016195348	-0.01734375209	0.4342672527
1399892070532140475	-0.001395878382	-0.01676778868	0.4345426261
1399892070581036794	-0.001291002845	-0.01647830568	0.4346944094
1399892070639097731	-0.001198699581	-0.01620123163	0.4348070025
1399892070685061527	-0.001060985494	-0.01591431536	0.4349278212
1399892070788979020	-0.000943481049	-0.01564008184	0.4350036681
1399892070804036837	-0.0008118735277	-0.01535018627	0.4351071715
1399892070894040202	-0.0007090527215	-0.01509269979	0.4352214634
1399892070948976098	-0.0006043210742	-0.0147837922	0.4352715313
1399892070997949296	-0.0004784318735	-0.01451183762	0.4353271425
1399892071053965587	-0.0003646061232	-0.0142086437	0.4353803098
1399892071264822470	-8.102389984e-05	-0.01338449772	0.4356628954
1399892071310707801	3.143805588e-05	-0.01312017441	0.4357664883
1399892071365725527	0.0001352795662	-0.01285648905	0.4358199537
1399892071414686670	0.0002360816434	-0.01261730772	0.4358900189
1399892071470720374	0.0003334534413	-0.01235564984	0.435960561
1399892071526650020	0.0004165069258	-0.01208661124	0.4359827638
1399892071624695026	0.0004973345203	-0.01183984336	0.4360439777
1399892071682577972	0.0006105204811	-0.01161769312	0.4361147583
1399892071728524398	0.0007103836979	-0.01136951614	0.4361884594
1399892071783515908	0.0008123494918	-0.0111515522	0.4362764955
1399892071832524145	0.0009160727495	-0.01087759994	0.4363561869
1399892071888553556	0.001022882876	-0.01062921528	0.436419785
1399892071992274938	0.001132416306	-0.01034066267	0.4365071356
1399892072041445286	0.001247794717	-0.01010360289	0.4365974367
1399892072146322924	0.001452746335	-0.009645729326	0.436856091
1399892072204450669	0.0015575164	-0.009382322431	0.4369425774
1399892072256255977	0.001669497229	-0.009130423889	0.4370205104
1399892072306330804	0.001755314413	-0.008894905448	0.4370663464
1399892072411245721	0.001853919006	-0.008656594902	0.4371192455
1399892072460316039	0.001932832296	-0.008428628556	0.4371859729
1399892072564124595	0.002137702657	-0.007938977331	0.4373336732
1399892072620161631	0.002245329088	-0.007679444738	0.4374101162
1399892072669116016	0.002368714428	-0.007437450346	0.4375216961
1399892072727124095	0.002444562037	-0.007218688261	0.4376140237
1399892072877120696	0.002610886004	-0.006730031688	0.4377282262
1399892072981942682	0.002840415807	-0.006314500235	0.4378425777
1399892073037947057	0.002941095503	-0.006111296825	0.4378859103
1399892073085948519	0.00307032303	-0.00588903809	0.4379444122
1399892073295815584	0.003322759643	-0.005242256448	0.4381867349
1399892073350880823	0.003415430197	-0.005042401142	0.4383012652
1399892073399775229	0.003489965806	-0.004832144827	0.438352406
1399892073455745994	0.003580987919	-0.004664579406	0.4384191632
1399892073559716060	0.003640522715	-0.004494775552	0.4385306835
1399892073608674273	0.003744929796	-0.004320923705	0.4386411011
1399892073664638189	0.003800681327	-0.004166514613	0.4387563467
1399892073771586980	0.003970578313	-0.003778377315	0.4389393926
1399892073873621184	0.004113947041	-0.00340290647	0.439034164
1399892073929555042	0.004196219612	-0.003194896271	0.4390932918
1399892074081417021	0.004311594181	-0.002836752683	0.4391702116
1399892074130574307	0.004421019461	-0.002651560353	0.4392469227
1399892074235209371	0.004577822052	-0.002253511921	0.439343214
1399892074346335280	0.004747102037	-0.001906917663	0.4394600093
1399892074451323722	0.004845531192	-0.001741022803	0.4395171106
1399892074499175115	0.004932455253	-0.001559928642	0.4395907521
1399892074603278136	0.005123255774	-0.001182422275	0.4397740662
1399892074652195724	0.005188489333	-0.001007318613	0.439855814
1399892074756180616	0.00526160188	-0.0008278192254	0.4399400949
1399892074764170430	0.005318177398	-0.0006394014345	0.4400361776
1399892074861055633	0.005394097883	-0.0004420280457	0.4400657713
1399892074916069893	0.005504821427	-0.000268407166	0.4400922954
1399892075069115321	0.00569494348	0.0002299025655	0.4402682483
1399892075173128562	0.005804852117	0.0003827326	0.4403050542
1399892075229017374	0.005908383522	0.0005541555583	0.4403403103
1399892075389931608	0.006098595913	0.0008803607197	0.4404022098
1399892075396964349	0.006149957422	0.001056209439	0.4407573342
1399892075497975768	0.005944534671	0.001365300734	0.4406071901
1399892075503932390	0.005929724313	0.001744476147	0.4412066042
1399892075674816140	0.003644646145	0.003005419625	0.442437768
1399892075680701356	0.0040096296	0.00372590241	0.4442972243
1399892075817774685	0.003582077101	0.005116734654	0.4467694461
1399892075823821632	0.001499337843	0.007143576629	0.4492923319
1399892075880855507	0.002092996612	0.008774858899	0.4540402591
1399892076022630424	0.02558794059	0.01525492128	0.4726279974
1399892076030713446	0.02451856062	0.007123865653	0.4843626022
1399892076126623486	0.01602862589	0.0075024697	0.4977427125
1399892076188633172	0.01947866753	-0.006557239685	0.5101619959
1399892076231558011	0.02443894371	-0.01161066256	0.5219423771
1399892076299526865	0.02156542614	0.004120111931	0.5321948528
1399892076407443946	0.02357539535	0.01417752542	0.5435315371
1399892076517441550	0.0177138485	0.01830432378	0.5458693504
1399892076523425227	0.004493992776	0.02368044853	0.546718359
1399892076658326103	0.0009854926029	0.01980315335	0.5461514592
1399892076664413936	0.001866836916	0.02045969665	0.5441717505
1399892076721323639	0.003673245898	0.02517727762	0.5406016111
1399892076757304612	0.004286778625	0.02704326436	0.5365480781
1399892076841352271	-0.002621567342	0.03102191351	0.5342604518
1399892076940197633	-0.01560179237	0.03403513879	0.5318098664
1399892076947214939	-0.0243947003	0.03165798262	0.5295758247
1399892077030229547	-0.02063023113	0.02767868899	0.527880609
1399892077045165403	-0.01196714956	0.02656634897	0.5265166163
1399892077141117304	-0.008909247816	0.0229766462	0.5259988308
1399892077177086871	-0.0004688861081	0.02182926051	0.5257614255
1399892077258118270	0.0002731838322	0.02351909503	0.526053369
1399892077285070291	-0.007313421927	0.02381791733	0.526627183
1399892077386065305	-0.009574174881	0.02199380845	0.5269457698
1399892077456093390	-0.005722794216	0.01833145507	0.5276271701
1399892077467024457	0.001794397249	0.01632011868	0.5283229351
1399892077552937924	0.008271411993	0.01673283242	0.5290210247
1399892077595819045	0.01288043056	0.01742973179	0.5306079388
1399892077663873452	0.01731366478	0.01694285311	0.5322604775
1399892077786896774	0.02142052539	0.01242395025	0.5336835384
1399892077793880681	0.02568905987	0.01070301514	0.5355961323
1399892077915876781	0.03127353266	0.01319399383	0.538364172
1399892077921878047	0.0341001153	0.01527869515	0.5405524373
1399892077978808578	0.03287599981	0.01495222189	0.5424935818
1399892078014814297	0.02972111851	0.01306623872	0.5443874002
1399892078120973130	0.0242595505	0.01531715225	0.5463064313
1399892078128798059	0.02194443718	0.01870707795	0.5487096906
1399892078224670556	0.02037291229	0.01794787683	0.5509195924
1399892078299661915	0.01609868743	0.01690193266	0.5523821115
1399892078329642506	0.0134744877	0.02171053737	0.554138124
1399892078397673431	0.01246012654	0.02798141912	0.5547412634
1399892078433516872	0.01029392797	0.02123833634	0.5553420782
1399892078526575349	0.006056197919	0.01108296216	0.5561253428
1399892078546534484	0.0009695722256	0.007806164213	0.5573502183
1399892078607509770	2.608569775e-05	0.01186717208	0.5607460737
1399892078711570578	0.008990579285	0.02404658496	0.5649414062
1399892078726500214	0.01662394218	0.02782895416	0.569050312
1399892078815369495	0.01477757934	0.01795767993	0.572129488
1399892078852417937	0.01177467871	0.008319715969	0.5751640797
1399892078957388012	0.01191725675	0.004613631871	0.5797162056
1399892078965238503	0.01084097754	0.0007172413752	0.5853316188
1399892079042421900	0.01164285094	0.0005921945558	0.5918011665
1399892079133209479	0.01730598323	0.005794360302	0.597530365
1399892079148241958	0.02157431282	0.009016859345	0.6018539667
1399892079236290509	0.01825739816	0.02142849192	0.6040937901
1399892079273250229	0.01402642671	0.03220120817	0.6047483087
1399892079341202753	0.01345236227	0.03263188899	0.6042433381
1399892079452212957	0.01160610933	0.029770175	0.6032240391
1399892079458181300	0.01010630466	0.03002435341	0.6026744246
1399892079571150875	0.01389313769	0.03570664302	0.6046359539
1399892079585080264	0.01931763627	0.04438548908	0.6080702543
1399892079698091342	0.02082023583	0.04922354966	0.6116019487
1399892079704044981	0.0184347108	0.0470202677	0.6150075793
1399892079754134695	0.01131380629	0.0422208868	0.6180849075
1399892079908975680	0.009482847527	0.03250081092	0.6201220155
1399892079914961304	0.01129639801	0.02541917562	0.620293498
1399892079971948062	0.01012156252	0.02513873763	0.6200104952
1399892079994894714	0.005778554361	0.02938532829	0.6203492284
1399892080120875369	0.002603300381	0.03152692318	0.6212021112
1399892080126857208	-0.001914181863	0.02642584778	0.6234797239
1399892080219790457	-0.01204294059	0.01850157417	0.6254274845
1399892080227843961	-0.02580984309	0.01178003568	0.627315402
1399892080309770298	-0.0327186808	0.00749028381	0.6286460161
1399892080434687066	-0.028016055	0.006171958521	0.6292834282
1399892080440680937	-0.0153215006	0.006665085442	0.6326510906
1399892080485704215	-0.002313508186	0.009531053714	0.6381003261
1399892080534654258	0.008413346484	0.0158168301	0.6445470452
1399892080639654307	0.01456895377	0.01337577775	0.6520598531
1399892080647633984	0.02070459723	0.006955418736	0.6588211656
1399892080732625298	0.03250668198	0.007017625496	0.6634753346
1399892080813674695	0.04409021512	0.009076366201	0.6678677797
1399892080828552955	0.05381817371	0.01739035361	0.6719215512
1399892080930481783	0.05851794779	0.02687238902	0.6757930517
1399892080954523765	0.05505067483	0.02620906197	0.6781090498
1399892081022424393	0.05017263442	0.01795265824	0.6802371144
1399892081133314711	0.0512740165	0.01215757988	0.6814824343
1399892081140268329	0.05358213186	0.01300411858	0.6824142337
1399892081230333183	0.04875480384	0.01768427156	0.6833228469
1399892081251319361	0.03752606735	0.02659762651	0.6848253012
1399892081335314802	0.02812302113	0.02894955687	0.6863596439
1399892081371264653	0.027288666	0.03046006151	0.6859101653
1399892081475208302	0.03489918262	0.03522583842	0.6839091778
1399892081542173768	0.03506823257	0.03505631909	0.6798833609
1399892081552135789	0.03038293123	0.03063208982	0.6744064093
1399892081693073118	0.01105625089	0.0237116795	0.6700701118
1399892081699037638	-0.01403829921	0.01621669158	0.6680216193
1399892081743116980	-0.02306846902	0.01504375879	0.6676322222
1399892081792062277	-0.02325370722	0.02042013779	0.6695708036
1399892081897008629	-0.02648893557	0.03002130054	0.674248457
1399892081905049906	-0.03394717351	0.03400017694	0.680378437
1399892082001064502	-0.03729533032	0.02810066752	0.6862779856
1399892082105932820	-0.02679771371	0.01264381595	0.6953753829
1399892082173919996	-0.01957817189	0.0167754069	0.699169457
1399892082210800985	-0.005059064366	0.02502979524	0.7014322281
1399892082284847722	0.005672284402	0.02835947089	0.7026054263
1399892082369839367	0.01029623672	0.0258869417	0.7027581334
1399892082418838336	0.01024031918	0.02117140777	0.7021914721
1399892082502719174	0.01298880484	0.02135291137	0.7004824281
1399892082510732306	0.014322876	0.02498273738	0.6984308362
1399892082591660861	0.01224377193	0.02125813439	0.695928216
1399892082627660753	0.01340747252	0.006120746024	0.6944971085
1399892082695894626	0.02087045647	-0.002481515286	0.6940279007
1399892082800499227	0.02871395648	0.006068799645	0.6958765984
1399892082807631097	0.03192659467	0.01744395681	0.7019621134
1399892082904613233	0.02822108194	0.02315708809	0.7099988461
1399892082941447743	0.02288450114	0.02275279537	0.718952775
1399892083052526568	0.02067552134	0.02140589803	0.7268608809
1399892083058478312	0.02421668172	0.02527804486	0.7337360978
1399892083109463394	0.03236370534	0.03188312799	0.7408856153
1399892083267347035	0.03625750542	0.0380753614	0.7484677434
1399892083273326076	0.03272322193	0.03760653362	0.7572824955
1399892083286321054	0.02500859462	0.03588768467	0.7654635906
1399892083360327534	0.02409876697	0.03678511456	0.7718525529
1399892083416358295	0.03140019253	0.03098391555	0.7767494917
1399892083465199647	0.03436731175	0.02750337683	0.7803543806
1399892083557184513	0.0292616915	0.02932339534	0.7824201584
1399892083626212858	0.02279217541	0.02501728572	0.7834615707
1399892083675124560	0.01716765575	0.01899628527	0.7836617827
1399892083787121757	0.005167591851	0.01009261981	0.7826458812
1399892083848063489	-0.00198025303	0.004470475018	0.7818072438
1399892083884004491	-0.01345717814	0.0061594937	0.7803058624
1399892083945985616	-0.02117749676	0.0008542799624	0.7784594893
1399892084098970667	-0.02088787779	0.002922393847	0.7769768238
1399892084105040024	-0.02057882771	0.01132319123	0.7751458287
1399892084148926347	-0.01985321753	0.01228692755	0.7749207616
1399892084197919457	-0.0153283542	0.01526066288	0.7760084867
1399892084272839801	-0.010218665	0.02404498681	0.7771087289
1399892084377894686	-0.0100485133	0.02813650481	0.7781960368
1399892084383898104	-0.01129214	0.02570644394	0.7800231576
1399892084518811179	-0.004792324267	0.01961741224	0.7832006216
1399892084525755739	0.006098765414	0.01961878687	0.7870634794
1399892084581776725	0.01444768999	0.02476737462	0.7912880182
1399892084618730960	0.01487196796	0.03150390461	0.7959598303
1399892084730759576	0.01338652056	0.03743286803	0.8005800843
1399892084736690414	0.01878534444	0.03839605302	0.804605484
1399892084793749991	0.02440524846	0.03834581003	0.8076511025
1399892084897583473	0.02453885972	0.04192369804	0.8091555834
1399892084905692527	0.02439202741	0.04502025619	0.8100687265
1399892085046023123	0.02139026858	0.0444986634	0.8105345964
1399892085051571602	0.01495875418	0.04527696595	0.8115541339
1399892085096546486	0.02343089134	0.0393483527	0.8114541769
1399892085145475604	0.03735180572	0.03147348389	0.8106716871
1399892085253481951	0.04173881188	0.02898508124	0.8102793097
1399892085423260721	0.02826149017	0.03588096052	0.8173468113
1399892085459355755	0.02556121908	0.04531716555	0.8223465085
1399892085571314531	0.0255950205	0.04637570307	0.8286075592
1399892085578235285	0.02353863977	0.04262022302	0.8339553475
1399892085628244641	0.02353292145	0.04193732888	0.8379365802
1399892085743243155	0.02172824554	0.040532507	0.8409891129
1399892085750274716	0.00803099107	0.02764027752	0.8425195813
1399892085839142931	-0.003512902185	0.01253494993	0.8436720967
1399892085882163747	-0.004685329273	0.01159258466	0.8443335295
1399892085950072884	0.0002627309295	0.009935289621	0.8445727229
1399892085986072338	0.001980747562	0.002566295676	0.8449973464
1399892086091093767	-0.005370633211	-0.001637060894	0.8459423184
1399892086106002273	-0.01489138231	-0.000736076443	0.8484862447
1399892086195907899	-0.02190065198	-3.524497151e-05	0.8523390293
1399892086289085666	-0.02677277289	0.0005190372467	0.8569387794
1399892086300014738	-0.0256159734	-0.0008335971506	0.8613359332
1399892086369011084	-0.02189888433	0.002957124962	0.8644303083
1399892086404945678	-0.01520944107	0.003037926741	0.8665407896
1399892086510804752	-0.009779062122	0.002210369334	0.8676743507
1399892086525958957	-0.01368308812	0.007407479454	0.8686538935
1399892086614888115	-0.01834691875	0.01503713802	0.8713160157
1399892086682825109	-0.01598381251	0.02371373214	0.8751820922
1399892086719801524	-0.008121453226	0.03373092785	0.8789026141
1399892086831681953	0.002838407876	0.04389320686	0.8819322586
1399892086837789350	0.005545539316	0.05382338166	0.88456738
1399892086894795336	0.00270384457	0.05879315734	0.8868450522
1399892086999693310	0.005136626307	0.05569572002	0.8870037198
1399892087006718764	0.01743128337	0.05333239213	0.8852903247
1399892087118621634	0.0300682988	0.05704615265	0.8823750615
1399892087126655417	0.04112952575	0.06496546417	0.8796714544
1399892087207688439	0.04635794833	0.06499711424	0.877117157
1399892087249487539	0.04706918821	0.05676086619	0.8755373955
1399892087311572911	0.04394511506	0.04280320928	0.8767414093
1399892087419601371	0.03480543196	0.03843655065	0.8813119531
1399892087427582408	0.03518618271	0.03845095634	0.8870950937
1399892087566477954	0.04285014048	0.03922852501	0.8919148445
1399892087572396117	0.04329496622	0.03446701914	0.8956006169
1399892087673319834	0.0405684486	0.02597185597	0.8985747695
1399892087679296217	0.04336662963	0.01941888966	0.9021473527
1399892087736400488	0.04545792192	0.01764244772	0.9064811468
1399892087945248524	0.02171928622	0.0210222993	0.91647017
1399892087981251229	0.01132073998	0.009160546586	0.9181451797
1399892088052217423	0.01037141122	-0.0009502061876	0.9203840494
1399892088085107693	0.01602227986	-0.002958145691	0.9240834117
1399892088191083441	0.0135314269	-0.001764507033	0.9286189079
1399892088206064983	0.003484871937	0.009398200549	0.9337741137
1399892088303070877	-0.003553854069	0.01795506477	0.939039886
1399892088369056344	-0.002379122889	0.0173794888	0.9435243607
1399892088384098333	0.004531705286	0.01433082204	0.9471274018
1399892088472038708	0.008996529505	0.01018792111	0.9505281448
1399892088508951779	0.009337678552	0.01031039655	0.9544992447
1399892088584993011	0.01229267381	0.01652609929	0.9581682086
1399892088691955983	0.01373153459	0.026378043	0.9615588188
1399892088697912400	0.009795638733	0.02981913462	0.9646399617
1399892088787895252	0.009819757193	0.02917058207	0.9665742517
1399892088823817378	0.01030035038	0.02789360657	0.9680632949
1399892088935805097	0.009930524044	0.02441007085	0.9679173231
1399892088942805343	0.008937865496	0.02701383457	0.9665898085
1399892088998684926	0.005559471436	0.02621582523	0.9643443823
1399892089125677210	0.00560176326	0.03065423481	0.9617007971
1399892089132569174	0.01051558275	0.04570678249	0.9599304199
1399892089209717759	0.01301332004	0.05255350471	0.9586117864
1399892089224709540	0.01535926387	0.05142483115	0.9577606916
1399892089317599749	0.01869179122	0.05288384482	0.9577316046
1399892089352574172	0.01653222553	0.05157765746	0.9584584236
1399892089458611393	0.009421421215	0.0456690751	0.9603925943
1399892089465511714	0.004970668349	0.04048271105	0.9628944993
1399892089529473983	0.0132830143	0.04060209543	0.9644627571
1399892089677404634	0.02772144973	0.03338385001	0.9655238986
1399892089683427983	0.03566430882	0.01763315685	0.9659214616
1399892089727458614	0.03731733933	0.01299407426	0.9667060375
1399892089776361225	0.03414838761	0.02195775695	0.9691907763
1399892089949319720	0.03722011298	0.02272172272	0.9712367654
1399892090057252744	0.03981665894	0.01734386943	0.9702578187
1399892090065248323	0.03869973123	0.008880947717	0.9691056609
1399892090308167115	0.04637874663	0.00771910185	0.9711407423
1399892090417231504	0.0285915006	0.01424749382	0.9754825234
1399892090423104182	0.0182380937	0.0104643302	0.9804937243
1399892090473101250	0.007052967325	0.01610973105	0.9857712984
1399892090488156843	-0.0005266424851	0.02743485942	0.9906332493
1399892090628079346	0.006703749299	0.03495177254	0.9946106672
1399892090634079469	0.01482760999	0.04103302956	0.9978966117
1399892090733004456	0.01163300686	0.04395018891	1.001276016
1399892090739005615	0.006005962379	0.04254953563	1.005655646
1399892090785933984	-0.0007893605507	0.04055605456	1.010936975
1399892091006914086	-0.006646344904	0.05929186195	1.030361891
1399892091041912604	0.005240111612	0.05717205629	1.036575675
1399892091153930037	0.01712651365	0.04812131822	1.041210651
1399892091160840647	0.02750662528	0.03881685063	1.044096828
1399892091256813817	0.04077643901	0.03260378912	1.046726465
1399892091365763823	0.0517658852	0.02970975637	1.049055099
1399892091372762403	0.04562574625	0.02989679389	1.052966475
1399892091416697652	0.03005699627	0.03270829841	1.0594064
1399892091465725626	0.02425394394	0.03833082318	1.06583035
1399892091533810006	0.02525008656	0.04144766554	1.072272539
1399892091569803811	0.02160694636	0.04282172769	1.0782305
1399892091674639756	0.01251877099	0.04346462712	1.082376957
1399892091689667898	0.004214528948	0.04051719606	1.084716439
1399892091745866668	0.0007358154398	0.03637112677	1.085390449
1399892091850602979	-0.001521529164	0.02748436481	1.084255099
1399892091879673201	-0.003893197747	0.02096364275	1.08312583
1399892091998616806	-0.002566220937	0.02157980762	1.083449483
1399892092004508350	-0.0007860470214	0.02173667587	1.084508061
1399892092061575597	0.0006156507297	0.01795000397	1.086213112
1399892092206415059	0.005096595734	0.02389573865	1.08666122
1399892092273311187	0.01064592879	0.01629266702	1.085169554
1399892092290283626	0.01863850467	0.008389415219	1.083200932
1399892092418388849	0.02600580454	0.01030140743	1.081780195
1399892092425325732	0.03387887776	0.01367572509	1.081627965
1399892092482197098	0.04262696952	0.02027088962	1.082483172
1399892092593248629	0.05442095548	0.03106683306	1.083158612
1399892092599179916	0.0614609383	0.0326946117	1.082333565
1399892092693265611	0.06448314339	0.02650311962	1.079846144
1399892092708133537	0.06448715925	0.03044615127	1.078825951
1399892092805219586	0.06136023998	0.03872917965	1.078400373
1399892092833109645	0.05831353366	0.04167599604	1.078185558
1399892092939046319	0.0579415448	0.03808846697	1.077878833
1399892092945977476	0.05689420924	0.03545841202	1.078483701
1399892093044051317	0.05218582973	0.04080829397	1.08108747
1399892093157001577	0.04326637089	0.04598269612	1.083991051
1399892093162997544	0.03576330841	0.04239014909	1.087476254
1399892093228008971	0.03316377848	0.0396187678	1.09145987
1399892093260025491	0.03219709918	0.03656747565	1.095692515
1399892093358995688	0.03053914756	0.03267524764	1.100148916
1399892093366952445	0.03305885941	0.0304977037	1.103310227
1399892093429942611	0.02710441872	0.02762512863	1.103852272
1399892093682723935	0.003683626419	0.02499726787	1.097050428
1399892093688759948	-0.0002562923182	0.02007540688	1.093810916
1399892093779776546	-0.00835129898	0.01661849581	1.091189384
1399892093787647459	-0.01808452792	0.01139839832	1.089589596
1399892093847741812	-0.01928069629	0.01237993687	1.089194417
1399892093996637264	-0.01263692975	0.02098226734	1.090487838
1399892094002638506	-0.006194039714	0.02652580291	1.093525887
1399892094102578152	-0.002623611363	0.02700728364	1.098101377
1399892094108544402	-0.002104909625	0.02223918587	1.10286665
1399892094166553765	0.002017777646	0.01670804061	1.107951403
1399892094296472176	0.006449074484	0.01697403193	1.113654971
1399892094305428015	0.007949850522	0.02250950783	1.119803309
1399892094394427942	0.01247841027	0.02786255814	1.126184106
1399892094400429452	0.01717439108	0.02967928909	1.132360935
1399892094528387998	0.0174225904	0.02768739127	1.138566375
1399892094534406914	0.0186571423	0.02790742926	1.144631147
1399892094591247709	0.02088547684	0.03397561237	1.150087118
1399892094627399257	0.0215925388	0.04227258265	1.15589571
1399892094695374556	0.01840269938	0.0480391942	1.162745118
1399892094844242120	0.0165719334	0.04754149541	1.170718431
1399892094850187573	0.02188372053	0.04376275092	1.179596066
1399892094901186291	0.02924098819	0.03946430236	1.189043403
1399892094943183353	0.02783781476	0.03891741484	1.198432922
1399892095056132243	0.01939793862	0.0389764756	1.207218647
1399892095062098644	0.01669395529	0.03582726792	1.214290977
1399892095112075624	0.02226639353	0.03094383515	1.218880773
1399892095271080694	0.03133253008	0.0279241316	1.220958233
1399892095276977940	0.03496112302	0.02799366601	1.220843792
1399892095290995513	0.03561503068	0.02620393783	1.218533993
1399892095366991966	0.03801100701	0.02033580095	1.214444518
1399892095435992471	0.03305234388	0.01413532812	1.21090281
1399892095471994531	0.02654309385	0.009565983899	1.208809972
1399892095576923811	0.02806637995	0.004180346616	1.206446648
1399892095584902920	0.0336250253	0.002872523153	1.203041553
1399892095648895542	0.03024157323	0.005521083251	1.199987173
1399892095751875506	0.02069184929	0.002221466973	1.198912978
1399892095766872422	0.01855990291	0.002745430684	1.198910236
1399892095880914460	0.02409777604	0.006854092237	1.198530197
1399892095892780252	0.02859791555	0.01084974874	1.197645187
1399892095960739293	0.0304473266	0.01898282021	1.195675254
1399892096071600371	0.02774689533	0.02585472539	1.191785336
1399892096078672618	0.0248837024	0.02524664998	1.185656309
1399892096213697831	0.02258918621	0.02753509581	1.178124309
1399892096219598626	0.02498741634	0.02468919568	1.171045423
1399892096280602259	0.027862994	0.01549660973	1.163552999
1399892096310576523	0.0243540667	0.01230900548	1.157813787
1399892096378582438	0.02333311737	0.01269321702	1.154153109
1399892096483519324	0.02717320621	0.01239259634	1.151974201
1399892096490453087	0.02977581695	0.01441023778	1.152748704
1399892096631497594	0.02711471729	0.01814877428	1.156457186
1399892096638385349	0.01595809124	0.02240916528	1.162312269
1399892096694467163	0.003882435849	0.02375845239	1.169754148
1399892096731382176	-0.003281331388	0.02517506108	1.178407431
1399892096801354216	-0.004587364849	0.02888362482	1.18716073
1399892096948263506	-0.007625553757	0.03655285388	1.195186973
1399892096954254469	-0.01480504218	0.04975987226	1.201818466
1399892097054303186	-0.02180977911	0.07328562438	1.208450675
1399892097060289478	-0.02384193428	0.08591127396	1.216301084
1399892097104347498	-0.01944533736	0.08454786241	1.223717928
1399892097153256243	-0.01085834019	0.07989430428	1.229186296
1399892097262209911	0.003402776085	0.08388320357	1.231918573
1399892097349155905	0.01980811171	0.1000531912	1.232170463
1399892097356070354	0.02522584423	0.1118773147	1.231503487
1399892097434170326	0.01826138236	0.1152076572	1.230139971
1399892097448993390	0.0110475542	0.08558728546	1.228651404
1399892097531004162	0.01766819321	0.02094719186	1.227466226
1399892097574091789	0.03591292724	-0.04834960401	1.225593328
1399892097686986070	0.07609540224	-0.07328326255	1.227841735
1399892097785040828	0.07829448581	-0.06921366602	1.230242133
1399892097895850555	0.07033402473	-0.04280721396	1.232729912
1399892097901901965	0.05882900581	-0.006739453413	1.234629869
1399892098003835138	0.04527904466	0.01274168305	1.235328317
1399892098009840017	0.03649768978	-0.004809066653	1.234759092
1399892098102775776	0.03645486757	-0.04854505137	1.233893156
1399892098207690335	0.02791708522	-0.02634105645	1.236286521
1399892098226794575	0.01932404377	-0.002467958955	1.241909027
1399892098313756438	0.007269589696	0.01797989756	1.248769283
1399892098425536832	-0.008411523886	0.04051871225	1.255469561
1399892098431505021	-0.01943873614	0.05529531464	1.261294603
1399892098488634586	-0.01967330091	0.05597770214	1.265068531
1399892098524671078	-0.01768181287	0.04211932421	1.266926289
1399892098593585956	-0.01386519428	0.03083972633	1.268298864
1399892098697533153	-0.007559045218	0.02723284625	1.268814564
1399892098704513816	-0.004725655075	0.05554727092	1.269047022
1399892098801507415	-0.002425830578	0.1129291654	1.269886494
1399892098837497985	0.004594208673	0.1511877924	1.271914601
1399892098906477323	0.01450025104	0.1485891789	1.272782922
1399892099007457752	0.02838339657	0.1149370968	1.271529675
1399892099018399453	0.03569351882	0.07618635893	1.268568873
1399892099115363087	0.04087606817	0.02644476108	1.264459014
1399892099123395648	0.04814176634	-0.006440808997	1.259998083
1399892099219282040	0.0521084629	-0.008398108184	1.255978942
1399892099262256898	0.05982325599	0.002253023908	1.251536012
1399892099360241026	0.06546858698	0.01105894335	1.245516777
1399892099368250975	0.05590348691	0.02062214352	1.238611579
1399892099465137792	0.03748136014	0.02430578135	1.231879592
1399892099521179995	0.02944410592	0.02057480253	1.226575375
1399892099570099357	0.03478320315	0.01558343414	1.223392725
1399892099638117576	0.03527531773	0.01313212235	1.222446442
1399892099674167405	0.03279340267	0.02313110046	1.224246264
1399892099743060911	0.03121548705	0.0322531946	1.227821231
1399892099854134512	0.02080987766	0.05340195075	1.231937766
1399892099860102539	0.004171328619	0.07739846408	1.235830069
1399892100054955749	-0.01089562569	-0.02720355988	1.245099306
1399892100090988236	-0.01099908911	-0.04762512818	1.246588111
1399892100196081628	-0.01204512082	-0.04089330882	1.247730017
1399892100203926392	-0.004756020848	-0.003297357354	1.249771714
1399892100273786485	0.004894238897	0.0359756127	1.252200007
1399892100370818090	0.008310222998	0.06101248413	1.25509274
1399892100385825731	0.007378756069	0.06082696095	1.256204128
1399892100474745713	0.006693446543	0.04640555754	1.255496502
1399892100511785532	0.01033644285	0.0123762181	1.25297761
1399892100616701880	0.01709777303	-0.01768062636	1.250388503
1399892100624744987	0.02042249776	-0.0378064774	1.24928546
1399892100701714746	0.01979886927	-0.03433689103	1.249819279
1399892100789690327	0.0164262522	-0.01456425991	1.251867056
1399892100804686632	0.01857428253	0.003266183892	1.255262971
1399892100905632242	0.0229671821	0.01448589936	1.26049602
1399892100929679219	0.01813218743	0.0101321768	1.268593788
1399892100997524091	0.01157903858	0.0004009902477	1.276628971
1399892101146385658	0.01039066818	0.005935498979	1.284478545
1399892101153418563	0.01212338172	0.02899122611	1.294096828
1399892101209512624	0.01534449775	0.06080268696	1.303855777
1399892101224427604	0.01496811677	0.09029702842	1.313448191
1399892101357353772	0.01302568149	0.1238356605	1.322498202
1399892101364367206	0.01640470885	0.1445220858	1.331304193
1399892101454416946	0.02470638603	0.1470357776	1.339617014
1399892101520252930	0.03311439976	0.1279462874	1.347400188
1399892101531174470	0.0386740379	0.06748447567	1.351387858
1399892101628301101	0.04217710719	0.002114845207	1.352693677
1399892101664240025	0.04295208678	-0.03283181041	1.353137016
1399892101732131095	0.04034547508	-0.02587424591	1.353222609
1399892101769237415	0.03684584424	0.01974804886	1.352442265
1399892101874134846	0.02728927135	0.05359040946	1.35019052
1399892101889173577	0.01734616049	0.06411682814	1.346194983
1399892101986088477	0.01316994149	0.05872050673	1.343425989
1399892102045999701	0.008479772136	0.006654985715	1.34186995
1399892102082042691	0.005050176289	-0.05013719946	1.341454744
1399892102195028184	0.008568673395	-0.05955851078	1.341774464
1399892102202029710	0.0103981467	-0.02205822989	1.341827273
1399892102264062463	0.005514013115	0.01440882217	1.340729356
1399892102356010448	0.002961121732	0.04440996051	1.337497354
1399892102363962413	0.005542839877	0.05888093635	1.332454681
1399892102469949957	0.003881343873	0.03106770851	1.326517582
1399892102484875565	-0.005868595559	-0.02318003215	1.320767403
1399892102570935250	-0.01327736769	-0.05795350298	1.315919757
1399892102606850908	-0.01212922763	-0.04780140892	1.312744379
1399892102712842112	-0.01094009448	-0.002031607088	1.310202837
1399892102727868320	-0.01296186075	0.05116520822	1.309345007
1399892102818886503	-0.01214819867	0.08091496676	1.309393048
1399892102909736419	-0.008318551816	0.09227542579	1.31027317
1399892102916759053	-0.003045217134	0.09003467113	1.311598063
1399892102995808032	-0.000513312174	0.06722732633	1.3113662
1399892103028715271	0.002152523492	0.03779805079	1.309198856
1399892103097674513	0.01093946677	0.0185595043	1.306433916
1399892103245821498	0.01874331012	0.009470924735	1.304074287
1399892103252548990	0.02065191232	0.01141725294	1.302072644
1399892103358501885	0.01913334243	0.02598281205	1.300942659
1399892103364599397	0.01151372958	0.0310497731	1.301170349
1399892103458488933	0.00635312451	0.02136364579	1.301708341
1399892103464402129	0.00807824824	6.752088666e-05	1.302909255
1399892103557470575	0.0111758858	-0.01625986397	1.303671479
1399892103565400583	0.01157729607	-0.009728546254	1.305561304
1399892103625409341	0.01151358429	0.02855755389	1.308416009
1399892103774276524	0.01331796218	0.0765253976	1.312424541
1399892103780319335	0.01307134237	0.1041252166	1.317458391
1399892103880343196	0.009443963878	0.1039686203	1.323269725
1399892103886253181	0.006524309516	0.08507995307	1.328263402
1399892103980185852	0.004638919141	0.06848055124	1.331473231
1399892103988209149	0.001544402679	0.06051050872	1.33536315
1399892104064191312	0.0003644741955	0.05320717394	1.34038949
1399892104196065462	0.004599875305	0.02392265014	1.343573809
1399892104203088080	0.007851771079	0.001975090709	1.344643235
1399892104306012475	0.009181620553	0.006274685264	1.345402837
1399892104315058710	0.01687894389	0.01353631914	1.3468647
1399892104368078316	0.01882421225	0.01700120792	1.348676205
1399892104403067124	0.01036369149	0.01678702421	1.350301266
1399892104471002672	0.0007929758867	-0.004521558527	1.351882339
1399892104683965016	0.008128646761	-0.04182219878	1.353091478
1399892104718945327	0.01246412378	0.004540585913	1.353985071
1399892104786759146	0.01509747654	0.04054446518	1.355741501
1399892104822912118	0.01267895475	0.05611180142	1.358135223
1399892104884796286	0.01059835404	0.05507310107	1.361008167
1399892104995759743	0.009473205544	0.02494787984	1.362029433
1399892105031833947	0.01208211016	-0.008714227006	1.360802412
1399892105102764852	0.01462070178	-0.01581893675	1.359992623
1399892105135694157	0.009972635657	0.02407910489	1.360791802
1399892105204708383	-0.003558482043	0.0722726658	1.362165809
1399892105315677403	-0.01473016664	0.1182163432	1.362496376
1399892105321668620	-0.009658901021	0.1407166719	1.362740874
1399892105458539168	0.00588885555	0.1270046681	1.362010717
1399892105465604436	0.02328155749	0.09914118797	1.358770013
1399892105543631168	0.03446049988	0.08079331368	1.355022907
1399892105556547995	0.03918165714	0.07879611105	1.351574302
1399892105612527945	0.03360231966	0.06894157827	1.348711848
1399892105668529393	0.03251446784	0.05786956102	1.345795393
1399892105765490314	0.03779104725	0.05417213589	1.343121767
1399892105833311206	0.03962348774	0.05334665254	1.340410829
1399892105849343488	0.03674054146	0.04567144439	1.337825298
1399892105938396914	0.03060729988	0.00988720078	1.335630774
1399892105974426078	0.02464595623	-0.0302267503	1.333811283
1399892106079267672	0.01387815736	-0.04801024869	1.333959103
1399892106087201783	0.00134506356	-0.04115463421	1.337765813
1399892106150150915	-0.008044715039	-0.03140901402	1.345107079
1399892106288239809	-0.01683979854	0.04275063425	1.366281271
1399892106356213607	-0.02170135826	0.05798373371	1.378733873
1399892106392083240	-0.02735464275	0.03567409515	1.38954556
1399892106505094737	-0.02949837036	-0.03419192135	1.404068947
1399892106602980758	-0.02345833741	-0.04919081181	1.407102585
1399892106715002791	-0.02420470305	-0.01463030465	1.406636238
1399892106720979999	-0.02805556729	0.03869004548	1.404877663
1399892106764948489	-0.0259084329	0.07677341998	1.403136134
1399892106813948829	-0.01955253817	0.07643189281	1.39947021
1399892106882939129	-0.009810397401	0.04507323727	1.394052386
1399892106993989859	-0.007184522692	0.01751758344	1.387143493
1399892106999904038	-0.007420802955	0.01935100928	1.3808676
1399892107090871394	-0.003471562173	0.03409992158	1.375140786
1399892107105868748	0.007327895612	0.05209040642	1.36966157
1399892107194836332	0.01560293511	0.06726236641	1.364772439
1399892107230930788	0.0165776629	0.07542873174	1.360597134
1399892107301752615	0.02147637121	0.06295365095	1.35775423
1399892107416695348	0.02570780739	0.0371228829	1.355903387
1399892107422651876	0.0268325787	0.009242852218	1.35593605
1399892107499660466	0.03346077725	-0.02188689262	1.35740304
1399892107548710993	0.03442850709	-0.0403939262	1.35985148
1399892107661599175	0.02879230119	-0.02037593164	1.363244891
1399892107667602743	0.02288145013	0.04398314282	1.36606741
1399892107723552327	0.01687171869	0.1021197736	1.367985964
1399892107825650713	0.01336233597	0.1382856518	1.367028475
1399892107836587493	0.01701524481	0.1376230121	1.363540888
1399892107933483558	0.01570015587	0.1187202558	1.358260274
1399892107948464276	0.00966331549	0.09333045781	1.352156878
1399892108031466677	0.007219026797	0.0736207515	1.346220613
1399892108073401801	0.009000682272	0.05738656223	1.341909766
1399892108142459032	0.01295891125	0.06381396949	1.339121222
1399892108240303355	0.01345607918	0.08542785794	1.339451432
1399892108253353372	0.01040056627	0.09096174687	1.342175961
1399892108394421722	0.002076611621	0.0760858506	1.346077919
1399892108401400417	-0.00311239087	0.04488236085	1.350597024
1399892108501224802	-0.00195821072	0.004067551345	1.354802847
1399892108507223680	0.003823969513	-0.02883167192	1.359057784
1399892108598315418	0.01300980896	-0.0375690572	1.36429882
1399892108606218829	0.02018273994	-0.01670601964	1.370271564
1399892108703100788	0.01754598692	0.01794806309	1.375812054
1399892108771186560	0.006049805786	0.05163093284	1.380421162
1399892108786997183	-0.002548743272	0.04585390165	1.383169055
1399892108915060560	0.007867570966	-0.03419374675	1.379937887
1399892109007006541	0.007300524972	-0.06989909708	1.375976086
1399892109027094851	-9.826271707e-05	-0.07824701816	1.373117328
1399892109087968255	-0.01156997401	-0.06344616413	1.371667862
1399892109235891623	-0.01800922304	-0.02180254273	1.370534778
1399892109241947457	-0.02407716028	0.02804672346	1.371303439
1399892109292932210	-0.03708338365	0.05619995296	1.372603178
1399892109334985404	-0.05304619297	0.05394827202	1.374057293
1399892109440902872	-0.05868479237	0.0348360762	1.375868082
1399892109447910258	-0.05712344497	0.01045682002	1.377416134
1399892109524728136	-0.05374452844	0.0110162599	1.376106262
1399892109616783887	-0.04729811847	0.04399872199	1.375130773
1399892109623784188	-0.04413265735	0.08082907647	1.377536416
1399892109740742308	-0.04114032537	0.1044759899	1.379328847
1399892109755731737	-0.03647788987	0.1001100093	1.38045013
1399892109823633562	-0.02901560999	0.07795567065	1.379638672
1399892109934635393	-0.0114405835	0.03404550254	1.377976656
1399892109941617733	0.01124119386	-0.01214628946	1.375615716
1399892110032663427	0.03133435175	-0.03502996266	1.371854186
1399892110047558955	0.04709597304	-0.01829227433	1.368983626
1399892110135623470	0.06137708202	0.02679493092	1.369021177
1399892110172562252	0.07424419373	0.09153275937	1.371608734
1399892110259492322	0.08411844075	0.127718702	1.373423219
1399892110390421604	0.09099061042	0.1300303787	1.371367693
1399892110396386099	0.09685548395	0.117272839	1.367738128
1399892110452414847	0.08765992522	0.08058200032	1.362287164
1399892110467444095	0.06823918968	0.04247683659	1.359941006
1399892110664336986	0.02776663378	0.04003700614	1.367518902
1399892110812204754	0.02913932502	0.05351465195	1.371478081
1399892110818227773	0.02889175713	0.06948434561	1.375591516
1399892110875262092	0.02488162927	0.07753231376	1.379155755
1399892110911165766	0.01948517561	0.06925595552	1.383259416
1399892110979190229	0.003858280834	0.02801982313	1.387678146
1399892111120062482	-0.03089260124	-0.003637699876	1.397354722
1399892111128126881	-0.04220576212	0.02771738358	1.403098822
1399892111188133144	-0.05227830634	0.04861943796	1.410803914
1399892111299047552	-0.05456423387	0.0555623658	1.419120312
1399892111305027440	-0.04530622065	0.04298506305	1.42569375
1399892111397019719	-0.03460131213	0.003321221564	1.428612232
1399892111433043349	-0.0381077081	-0.04639516398	1.427073121
1399892111500921297	-0.0472362861	-0.0750181824	1.420887232
1399892111611920651	-0.04556863382	-0.07268794626	1.411600828
1399892111618901598	-0.03027372062	-0.03477689251	1.402205944
1399892111753886706	-0.01166733541	0.02281919308	1.394478559
1399892111759847263	-0.004279879387	0.0597519502	1.389761209
1399892111859937602	-0.005843346473	0.06798867136	1.386371136
1399892111866951353	-0.007156515494	0.06676096469	1.383555293
1399892111922926261	-0.00661090482	0.05099509284	1.381320238
1399892112037763478	-0.006162660196	0.03320071474	1.378707767
1399892112043727646	0.004083554726	0.04755330458	1.377343655
1399892112133625709	0.01416049432	0.08176035434	1.378722191
1399892112148626466	0.01367563661	0.1176009402	1.381959915
1399892112285908820	0.01779156551	0.1333159655	1.385955215
1399892112294681538	0.01955812797	0.1298687309	1.388918877
1399892112347557687	0.01879441366	0.08732315898	1.390663028
1399892112383629279	0.02123053558	0.01750619709	1.393430352
1399892112451604230	0.02588716149	-0.02693897299	1.396572113
1399892112559471168	0.02698862366	-0.04478021339	1.398194313
1399892112567464065	0.02429307997	-0.04054446518	1.399569392
1399892112649481165	0.02562677301	-0.005353597458	1.401673555
1399892112698458354	0.02218636125	0.02754894085	1.403894901
1399892112767426791	0.009889846668	0.04439255968	1.406742454
1399892112803461569	0.0003297109506	0.04663187638	1.411437511
1399892112908415340	-0.002292441437	0.03761925921	1.416384935
1399892112923376221	-0.00137426029	0.01107555907	1.419620275
1399892113014339558	-0.001350666513	-0.003538869321	1.421514392
1399892113081274872	-0.008731395006	-0.005865547806	1.423026085
1399892113118263549	-0.01671066694	0.009888560511	1.426223755
1399892113186274415	-0.01465365198	0.03744430467	1.430191278
1399892113222207238	-0.008669460192	0.06064575911	1.435317874
1399892113297146177	-0.01197773218	0.06860909611	1.439386725
1399892113439087948	-0.01631586626	0.05939223245	1.441810489
1399892113446044555	-0.01324171107	0.04287283123	1.44144249
1399892113539094562	-0.006567254663	0.0513679795	1.437867761
1399892113600063340	-0.008325079456	0.08219530433	1.436146617
1399892113643045504	-0.01185753476	0.1209064648	1.434357405
1399892113710976275	-0.01590884849	0.1317166984	1.43268919
1399892113838040901	-0.01679069176	0.1021432728	1.430461884
1399892113843975268	-0.01108447276	0.0423726216	1.426677108
1399892113921853938	-0.002223475836	-0.02228203975	1.421640277
1399892113957730238	0.001888550469	-0.06536467373	1.417059064
1399892114070802148	3.88396802e-05	-0.07540192455	1.415242076
1399892114076760270	-0.001211808529	-0.0389155224	1.415195227
1399892114148788512	-0.003787209047	0.007460738067	1.416811943
1399892114242744041	-0.00481004687	0.03151186183	1.417957664
1399892114251739504	0.000463630684	0.03592826054	1.418414831
1399892114345674075	0.00366923539	0.03452605009	1.418279886
1399892114378749723	0.001908345264	0.0345980078	1.417942166
1399892114446602233	-0.001214445103	0.03957250342	1.41670692
1399892114483572120	0.001436448889	0.05031210184	1.415048361
1399892114588541334	0.001006509876	0.06525620073	1.412886262
1399892114603580191	-0.0005163796595	0.09257676452	1.410256386
1399892114695464913	0.001704405062	0.1159281135	1.4078933
1399892114785507818	0.005630459171	0.1279127151	1.405414343
1399892114799516136	0.009299984202	0.1184243858	1.403406143
1399892114870577848	0.01423236076	0.08174908161	1.401896596
1399892114904352001	0.01357897557	0.03072362952	1.399544239
1399892115009427505	0.006972379051	-0.007668490056	1.39860177
1399892115024324077	0.00450398447	-0.02012726106	1.399851918
1399892115102308986	0.004110473674	-0.001489732997	1.403471947
1399892115186299482	0.003123029601	0.02638311125	1.409726143
1399892115221216373	0.002225566423	0.03521962836	1.416952848
1399892115305207837	-0.003150365083	0.0357657969	1.424921155
1399892115326332873	-0.008696367033	0.01709807478	1.432604074
1399892115409120469	-0.00597903505	-0.02282167412	1.436992884
1399892115509160594	-6.680906517e-05	-0.06139040738	1.438158631
1399892115516046180	-0.0007192862104	-0.06633021683	1.438129306
1399892115650105571	-0.01358418446	-0.04001618177	1.438774109
1399892115656059874	-0.0285289865	-0.009678596631	1.439019918
1399892115754039508	-0.03600167111	0.01486377791	1.438839793
1399892115761036224	-0.03245312721	0.03302697837	1.438643098
1399892115805080058	-0.03246734291	0.04156349599	1.437742114
1399892115962186407	-0.04449551553	0.04777864367	1.432403803
1399892116013881912	-0.05325362831	0.06699898839	1.428089142
1399892116062922495	-0.05327634513	0.1244151518	1.422573566
1399892116130828644	-0.03986085579	0.1869141459	1.418575168
1399892116166840954	-0.02135813795	0.2124936432	1.418034077
1399892116234834003	-0.01260296814	0.1899898648	1.418805122
1399892116354823148	-0.01259007491	0.1354468018	1.419082642
1399892116361701638	-0.009255768731	0.0961586386	1.418833137
1399892116487631796	0.01317877788	0.05510509759	1.418364882
1399892116493760665	0.03298940137	0.01979890838	1.418147802
1399892116550659838	0.04041076824	0.007847597823	1.420226693
1399892116586681843	0.04488256946	0.01080696099	1.422954917
1399892116654652508	0.05232622847	0.03385460377	1.425795197
1399892116752561178	0.0536612235	0.05822400376	1.429509282
1399892116767544850	0.05876510218	0.04895631596	1.431389332
1399892116863533487	0.06879784912	-0.006907860748	1.428186059
1399892116899546332	0.07182088494	-0.06238846853	1.422153115
1399892117011485999	0.07115843892	-0.08926198632	1.417055726
1399892117017542630	0.0656266436	-0.08114030957	1.416009545
1399892117068484651	0.05273666605	-0.0442754291	1.418056488
1399892117179356021	0.03413762897	0.01042852085	1.422672272
1399892117186284743	0.0198984053	0.03917951509	1.427525043
1399892117276306389	0.004984215833	0.03743551299	1.4319098
1399892117319281368	-0.0213249661	0.01488777529	1.435397148
1399892117387275877	-0.04569607601	-0.009077267721	1.43976593
1399892117423251611	-0.05766546354	-0.0166392643	1.443257332
1399892117501277510	-0.05771240965	0.008520665579	1.445102811
1399892117640177913	-0.06142375246	0.0799780488	1.444430113
1399892117646113069	-0.06474045664	0.145242855	1.44432056
1399892117703172579	-0.06590936333	0.1825994104	1.445561528
1399892117738113728	-0.06444327533	0.1804058701	1.449016571
1399892117850204774	-0.05856558681	0.1579134762	1.452238083
1399892117855996551	-0.04915502667	0.09848131239	1.457031369
1399892117949046442	-0.03854686767	0.01797455177	1.462545514
1399892117963970164	-0.02775157243	-0.01715910621	1.466225743
1399892118027006732	-0.01671735756	-0.003746546339	1.468660951
1399892118121024637	-0.005967340898	0.02069891617	1.47127223
1399892118157895188	-0.0001802035258	0.04068479314	1.473032355
1399892118234919103	0.008438896388	0.03210648894	1.473945975
1399892118336897084	0.02183518559	-0.002283187816	1.472716331
1399892118342876267	0.03514140472	-0.02488734014	1.469924092
1399892118433891424	0.04164981097	-0.0213099122	1.468838573
1399892118448829927	0.04199750721	0.00522926962	1.468486547
1399892118582667460	0.04236456007	0.02727548406	1.467337251
1399892118588681336	0.04019238055	0.05410022289	1.466140032
1399892118645742366	0.03666826338	0.07800170034	1.465163112
1399892118681635248	0.03262303397	0.08364764601	1.464152932
1399892118749662141	0.03007431887	0.05943018198	1.462599635
1399892118857588399	0.01832452044	0.01809262484	1.460367322
1399892118865572306	0.001881446922	-0.007217453327	1.458574533
1399892118963574916	-0.01166630723	-0.006446909159	1.45702517
1399892118996540567	-0.02058605291	0.01715334505	1.455607176
1399892119064530669	-0.02817050554	0.04332941771	1.455144405
1399892119176499969	-0.03727741539	0.07434887439	1.454738259
1399892119182511288	-0.04297599941	0.09273210913	1.454057693
1399892119277421995	-0.04254554957	0.08359690011	1.45396328
1399892119286463847	-0.03926975653	0.05463766679	1.453727365
1399892119377380374	-0.03422834352	0.02139770426	1.452592969
1399892119413348939	-0.02944574319	-0.01030661911	1.450730801
1399892119497319101	-0.02481111512	-0.01710820012	1.448132992
1399892119583295125	-0.0187924318	0.007156503852	1.44596982
1399892119595369740	-0.01456737705	0.03017345071	1.446039557
1399892119735223467	-0.007396126632	0.03739307448	1.447785378
1399892119741181225	0.001582283527	0.03022858687	1.449804783
1399892119799109844	0.006615802646	0.01544336136	1.451915264
1399892119835185876	0.01274321135	0.006641705055	1.453395367
1399892119940145063	0.02023674734	0.01360563096	1.455152512
1399892119947051777	0.01976905763	0.03257746994	1.456109285
1399892120030077517	0.01261301059	0.06270387769	1.454594374
1399892120112045020	0.003876575502	0.1127246246	1.451718211
1399892120127002651	-0.002407374093	0.150068745	1.448731422
1399892120216965610	-0.008381051943	0.1572753191	1.445712566
1399892120258994848	-0.01050864812	0.1255781204	1.442689896
1399892120320906917	-0.00878588669	0.07733658701	1.440190077
1399892120411935333	-0.006832565181	0.04245760292	1.439387202
1399892120460918642	-0.007249484304	0.0247816667	1.440637589
1399892120573986416	-0.01233657449	0.01722208597	1.444205403
1399892120579917379	-0.01141987555	0.01344310399	1.448238254
1399892120636920799	-0.007017378695	0.01063418295	1.452291846
1399892120672906221	-0.002568869153	0.01057313755	1.457349181
1399892120740813271	-0.0008960430278	0.004422783386	1.462560892
1399892120851806569	-0.003482542932	-0.004817398265	1.466798902
1399892120858737352	-0.00406923797	-0.01253074221	1.470433712
1399892120949748194	-0.006118791178	-0.0135971345	1.473492146
1399892120964755600	-0.006946607027	0.007830129936	1.47473371
1399892121053729611	-0.01007670257	0.05086837709	1.475995183
1399892121089660640	-0.009760151617	0.08921049535	1.477392435
1399892121195862786	-0.005264639854	0.1086036637	1.47851038
1399892121202564830	9.904165927e-05	0.1102908626	1.478850603
1399892121272475582	0.007874557748	0.09179919213	1.478197336
1399892121369577881	0.01334660314	0.05161298066	1.475186229
1399892121384574178	0.01287657954	0.02414086275	1.471866369
1399892121517474792	0.01518754475	0.0184355434	1.469831705
1399892121524412691	0.02145306952	0.03945381194	1.468409061
1399892121618421321	0.0239913445	0.06222490966	1.468570709
1399892121625369857	0.02312179841	0.08718782663	1.469943523
1399892121686443172	0.01915313862	0.09780116379	1.473275661
1399892121790268154	0.009747650474	0.07263215631	1.476185679
1399892121805322718	-0.002515578875	0.03533759713	1.47763586
1399892121888306762	-0.009427239187	0.007855772041	1.480004787
1399892121930288994	-0.01614461839	-0.002685971092	1.482710481
1399892122036190307	-0.02243725024	0.001369782258	1.485509396
1399892122044210712	-0.02583391778	0.006298978347	1.488413334
1399892122140199511	-0.02792049013	-0.0001005120575	1.490535378
1399892122208127401	-0.03251968324	-0.009191445075	1.490602016
1399892122224115839	-0.03801705316	-0.01928161271	1.489152908
1399892122357096841	-0.03771631047	-0.03266431391	1.486985683
1399892122363009779	-0.03277947009	-0.03347387165	1.485195041
1399892122412983883	-0.02655749954	-0.02228679135	1.483435273
1399892122567982291	-0.01835490949	-0.001962405862	1.481475234
1399892122574932812	-0.01011390518	0.04945024103	1.479043245
1399892122630908261	-0.0009990102844	0.1257367134	1.476733088
1399892122646042655	0.01535471901	0.1671083868	1.474208832
1399892122779873891	0.03206601739	0.1480907947	1.469935417
1399892122785915542	0.03467917442	0.1103651151	1.464206457
1399892122864925677	0.02805009112	0.07041739672	1.459207416
1399892122884902790	0.02527720481	0.05192301795	1.454508781
1399892122982916265	0.0272274632	0.0621753186	1.450740337
1399892123075863639	0.02590473928	0.09029384702	1.44694066
1399892123086750602	0.01948846318	0.1172739789	1.442977428
1399892123155802397	0.0155682778	0.1262000501	1.438249469
1399892123191730760	0.0149600124	0.09695356339	1.432463765
1399892123303667266	0.009370900691	0.04171051085	1.426275015
1399892123362618580	-0.0006538778543	-0.01176523324	1.420202136
1399892123373571310	-0.009507155977	-0.03800917417	1.416811705
1399892123514512401	-0.01704799198	-0.03499645367	1.41757977
1399892123520521375	-0.02462792024	-0.007629625034	1.42064023
1399892123592606873	-0.03184439987	0.03939993307	1.424684644
1399892123613503722	-0.04102859646	0.0664100498	1.429711938
1399892123669509159	-0.05812779069	0.05940062553	1.435222507
1399892123726499583	-0.06862399727	0.007968722843	1.440879107
1399892123824415451	-0.06266602874	-0.05518290028	1.442612886
1399892123842572835	-0.04991415516	-0.09391972423	1.439601302
1399892123928462067	-0.04049785063	-0.08504996449	1.43445611
1399892124041343759	-0.03197807074	-0.03797270358	1.430698276
1399892124047257305	-0.02908674628	-0.001425616909	1.431593657
1399892124113237953	-0.04037039354	0.01343242265	1.436196804
1399892124215199305	-0.04723392054	0.04102650285	1.444022179
1399892124221162291	-0.0299671907	0.06728734076	1.455556393
1399892124312162786	-0.003239477519	0.06206329167	1.468417048
1399892124327196479	0.02613048442	0.05531494692	1.477730989
1399892124417018706	0.0386102125	0.05632727221	1.486314774
1399892124453119307	0.02606814541	0.05780560523	1.494889021
1399892124558079532	0.008687657304	0.07138240337	1.502708435
1399892124566075002	0.003455504775	0.0866855979	1.508547664
1399892124641970780	0.01173315477	0.09047616273	1.513079286
1399892124733959498	0.02091037296	0.08457826823	1.515763998
1399892124768919600	0.02532475628	0.06292568147	1.515511274
1399892124836839667	0.02488587238	0.03146550059	1.512325883
1399892124872757716	0.01957320422	0.01014062297	1.508484483
1399892124978906957	0.01448387001	0.01169970538	1.503887296
1399892124985903289	0.01644031703	0.03779848665	1.499939322
1399892125082871070	0.02166584507	0.07326118648	1.496384025
1399892125194855675	0.01427051704	0.09958043694	1.492405772
1399892125201706626	-0.0009855973767	0.112495631	1.487325191
1399892125261750918	-0.01259604841	0.115436472	1.481180429
1399892125294789855	-0.01782266237	0.07980948687	1.475274801
1399892125399677310	-0.01807233877	0.01891528815	1.470404029
1399892125407712116	-0.01498184167	-0.01530066784	1.465495467
1399892125467626297	-0.0180986654	-0.007683663629	1.460882425
1399892125572659427	-0.02732546255	0.03124775738	1.458276391
1399892125586594516	-0.02705200948	0.07010678947	1.458312631
1399892125720640490	-0.01893689111	0.1018167064	1.460368276
1399892125726617555	-0.01184356958	0.08083501458	1.46328187
1399892125770635830	-0.002577510662	0.02579861134	1.466691494
1399892125826552965	0.009001361206	-0.01548054814	1.469759345
1399892125923609032	0.01711096801	-0.02255961113	1.473282814
1399892125979547982	0.01750018075	-0.01226061396	1.477018356
1399892126028551214	0.01222346257	0.003098630579	1.480521202
1399892126083481587	0.009924463928	0.01634474657	1.482696891
1399892126132431175	0.0163659323	0.02263131179	1.484135866
1399892126191363960	0.01950180903	0.02952488698	1.484896898
1399892126292357235	0.01575256512	0.03646447882	1.484542012
1399892126341264055	0.01515824255	0.03911446407	1.483286858
1399892126396262073	0.01822919957	0.03709224984	1.480724096
1399892126445235203	0.009477293119	0.0389155671	1.477905512
1399892126500237166	-0.001460852684	0.04052495584	1.475022554
1399892126549180543	0.001531914226	0.04068931192	1.471863031
1399892126605189204	0.007844088599	0.04056189954	1.469177485
1399892126712118731	0.006877315696	0.03832589462	1.46753931
1399892126758116494	0.002505941084	0.03225390986	1.466858029
1399892126814029200	9.857677651e-05	0.0282911174	1.466646075
1399892126863036553	0.001575481729	0.03035821952	1.466167212
1399892126917992554	-0.003040318144	0.03341949359	1.46593833
1399892126966977239	-0.01550541725	0.0365164578	1.467340827
1399892127022858535	-0.02544503286	0.04057306051	1.47023797
1399892127126949925	-0.02611768618	0.0430605337	1.472478628
1399892127175910991	-0.02211879939	0.03807169199	1.473594785
1399892127235011317	-0.02018820681	0.03544608504	1.47358346
1399892127286864557	-0.01809323207	0.03941062093	1.473283768
1399892127336945154	-0.01972299442	0.0493818596	1.472095966
1399892127385805045	-0.02549273707	0.05975746363	1.469880223
1399892127489781200	-0.0278036017	0.06406077743	1.467190623
1399892127504847233	-0.02016080543	0.06395622343	1.464307308
1399892127593825841	-0.007824398577	0.0568799302	1.461702943
1399892127649712843	0.00166897208	0.04466120526	1.458638549
1399892127698801577	0.008525100537	0.03707169369	1.455302477
1399892127756840406	0.012087062	0.03683297709	1.451996088
1399892127802809110	0.01179389097	0.04205669463	1.449376822
1399892127907700667	0.008383485489	0.04686988518	1.44730854
1399892127922685423	0.006807526574	0.04551558197	1.444667578
1399892128011603210	0.001714088256	0.04478700086	1.441561937
1399892128066642774	-0.009218478575	0.04945129156	1.439042687
1399892128115546846	-0.01357439067	0.05055889487	1.43675065
1399892128171528215	-0.009720166214	0.05058547854	1.435159564
1399892128227555187	-0.00570420688	0.05022066832	1.433848619
1399892128324453310	-0.007983725518	0.0547179617	1.433234334
1399892128379481862	-0.01317116804	0.06189741939	1.433464527
1399892128428459471	-0.01580244675	0.065853782	1.433979511
1399892128483336436	-0.01456246339	0.06085822359	1.434751391
1399892128532325794	-0.01583929919	0.05720228702	1.43538487
1399892128588222955	-0.02053786442	0.06100296974	1.436506629
1399892128644244739	-0.0216438137	0.06479985267	1.437366962
1399892128741220441	-0.02095222846	0.06549804658	1.438616633
1399892128797159909	-0.02018580958	0.06905886531	1.440737844
1399892128846102086	-0.02022678778	0.06810014695	1.443950057
1399892128901094738	-0.02232623845	0.061091315	1.44688201
1399892128950141208	-0.02330768853	0.05186385661	1.449810386
1399892129005015892	-0.02068917267	0.04501255602	1.452328086
1399892129062006733	-0.01447955333	0.04115179181	1.454152465
1399892129158024958	-0.01376344636	0.04399222136	1.455914021
1399892129216928410	-0.02074092068	0.04471867532	1.457991362
1399892129268868810	-0.0239457041	0.04296192899	1.460440159
1399892129318891273	-0.0194355119	0.04456946626	1.461770058
1399892129367873978	-0.01074297633	0.04963532835	1.462789536
1399892129422905218	-0.01022789814	0.05523857847	1.462940693
1399892129527779936	-0.01537266467	0.05284067988	1.462812781
1399892129576889882	-0.01671360619	0.0459382683	1.462440252
1399892129631773452	-0.01517342404	0.04666988924	1.46034658
1399892129680765379	-0.01551822014	0.04981961846	1.458283424
1399892129739746391	-0.01721451059	0.04930663109	1.456322432
1399892129785604787	-0.01660511829	0.04423781857	1.45539999
1399892129889710167	-0.01014845725	0.04363125563	1.455673814
1399892129904592392	-0.006669590715	0.04914359003	1.455394745
1399892129993710896	-0.008199694566	0.0512043722	1.4548316
1399892130049567879	-0.005571201909	0.05165311322	1.453647614
1399892130097556000	0.001014977344	0.05424985662	1.452035546
1399892130153565781	0.005796708632	0.05831962451	1.45077312
1399892130202575528	0.008972508833	0.0602847524	1.449849486
1399892130306502506	0.00639576558	0.05906493589	1.449604034
1399892130321526570	0.004942732863	0.05601373315	1.450698376
1399892130411474449	0.01168771926	0.05335909873	1.453663826
1399892130466440825	0.02329858206	0.04902536795	1.457809448
1399892130515436322	0.02254669927	0.04460353032	1.461770415
1399892130570424484	0.008158773184	0.04801251739	1.466009974
1399892130703363103	-0.001307869912	0.0484761931	1.46972549
1399892130792263826	0.002392408205	0.04061078653	1.469017744
1399892130807205556	-4.273635204e-05	0.03662849963	1.466362834
1399892130896158028	-0.003683075542	0.03121799976	1.46320343
1399892130933112888	-0.002667926485	0.02002945356	1.459615111
1399892131000148300	0.004164460581	0.005471756216	1.456209898
1399892131111974753	0.01338128746	-0.003252102295	1.453651786
1399892131118057259	0.01583855227	-0.003355501918	1.45152986
1399892131212080382	0.01162559446	0.001796619035	1.450869203
1399892131228055071	0.008842534386	0.004065737128	1.451146126
1399892134254130105	0.005573195871	0.002575731836	1.45179534
1399892134254139728	-0.009003304876	0.03209331632	1.449708819
1399892134254146610	-0.01898025163	0.0342839025	1.443457246
1399892134254153444	-0.01386112347	0.01849862188	1.438467026
1399892134254160082	0.002027466195	-0.0132086724	1.432600617
1399892134254166783	0.002017126186	-0.01345996931	1.430111051
1399892134254173337	-0.0154112624	0.03036482446	1.430664659
1399892134254193624	-0.01511331182	0.0351279825	1.426552296
1399892134254212377	-0.01240755711	0.02326372452	1.423807144
1399892134254230685	-0.01433191262	0.02572871	1.420416236
1399892134254237148	-0.01414066181	0.02534630336	1.417412519
1399892134254259287	-0.01445923746	0.02498936281	1.414489865
1399892134254278480	-0.01473742072	0.02568308264	1.411205888
1399892134254295646	-0.01460502204	0.02544561028	1.40801096
1399892134254312758	-0.0150237456	0.02566085383	1.404954076
1399892134254330007	-0.01516928989	0.02541345172	1.401856899
1399892134254374442	-0.01525771525	0.02541604079	1.398969293
1399892134254396145	-0.0154027259	0.02553548291	1.395658016
1399892134254413478	-0.01549260877	0.02546147443	1.392632246
1399892134254431064	-0.01602561213	0.02551748045	1.386513114
1399892134254448627	-0.0161862988	0.02550029382	1.383714199
1399892134254465783	-0.01634494029	0.02539963275	1.380451798
1399892134254483684	-0.01651472971	0.02537658438	1.377616167
1399892134254501551	-0.01673691161	0.02528928407	1.374866962
1399892134254519144	-0.01684427634	0.02532682195	1.371778369
1399892134254539868	-0.01699950173	0.02529161796	1.368795395
1399892134254557414	-0.01717126183	0.02509867214	1.36552906
1399892134254577490	-0.01738939993	0.02514246106	1.362811446
1399892134254612830	-0.01745723188	0.02513488568	1.359863281
1399892134254646533	-0.01770438068	0.02505459823	1.356932163
1399892134254668019	-0.01779673994	0.02504910529	1.354164124
1399892134254694596	-0.01800169051	0.024972504	1.351078749
1399892134254717995	-0.0180752743	0.02500234917	1.348270655
1399892134254735358	-0.01827577874	0.02492977679	1.345444322
1399892134254752537	-0.01941081695	0.02508822642	1.32567203
1399892134254769539	-0.02093883045	0.0252382122	1.301279545
1399892134254787527	-0.02195431106	0.02304756455	1.275375724
1399892134254810255	-0.02284741029	0.02083287947	1.251956105
1399892134254828436	-0.02361382172	0.01854041591	1.228957057
1399892134254846003	-0.02420584112	0.01636922732	1.206273794
1399892134254863549	-0.02453230135	0.01423786674	1.18585372
1399892134254880715	-0.02491348609	0.01208711416	1.163989305
1399892134254898525	-0.02513284609	0.01005006023	1.144270897
1399892134254915858	-0.02525007725	0.008220109157	1.125017285
1399892134254933708	-0.02535810135	0.006405974738	1.105901241
1399892134254951265	-0.0253236834	0.004553374834	1.088659644
1399892134254969135	-0.02529452927	0.003026631661	1.070123911
1399892134254986441	-0.02520317771	0.001489338116	1.053614974
1399892134255003991	-0.02501759864	-1.430511475e-05	1.03747201
1399892134290706331	-0.02483982779	-0.001357127447	1.021373272
1399892134381778755	-0.0246065706	-0.002622700529	1.006902456
1399892134437623598	-0.02438866347	-0.003862560028	0.9914554358
1399892134485755395	-0.02412278019	-0.005052744411	0.9775446057
1399892134541597278	-0.02379973233	-0.006085690577	0.9640661478
1399892134590563911	-0.02347990498	-0.007148604374	0.9503816962
1399892134645553669	-0.02312022448	-0.008211377077	0.9380303025
1399892134702504326	-0.02283667214	-0.009073691443	0.9249091744
1399892134799473500	-0.02250437625	-0.009959670715	0.9131573439
1399892134857488912	-0.02215693705	-0.01081565768	0.9013743997
1399892134903472841	-0.02186075971	-0.01158153825	0.8897146583
1399892134959197555	-0.02152727358	-0.01229862962	0.8792364001
1399892135008350196	-0.02123368345	-0.01303398423	0.8680277467
1399892135063413247	-0.02088228986	-0.01371449791	0.8579432964
1399892135167312863	-0.02053867839	-0.01433969289	0.8480314016
1399892135216267181	-0.02019310184	-0.01493365504	0.8384302258
1399892135242237827	-0.01978206448	-0.01557766832	0.8298674226
1399892135321239418	-0.01950965449	-0.01606913656	0.8205759525
1399892135379201313	-0.01920153759	-0.01652421989	0.812284112
1399892135425158110	-0.01888970099	-0.01703041047	0.8043242097
1399892135481083051	-0.01857810095	-0.01745710522	0.7963774204
1399892135585203051	-0.01824147068	-0.01785987802	0.7892152071
1399892135634162804	-0.01793768816	-0.01825186796	0.7817251086
1399892135690106382	-0.01763992198	-0.01862801425	0.7749876976
1399892135737999821	-0.01736364514	-0.01893017814	0.7684255838
1399892135794022741	-0.01709174365	-0.01923544891	0.7620522976
1399892135843012350	-0.01683745719	-0.01958991028	0.7563940287
1399892135902001239	-0.01660127565	-0.01989185438	0.7504854202
1399892136002807473	-0.01637001149	-0.02018936351	0.7451213598
1399892136051959269	-0.01613666117	-0.02047879994	0.7398341894
1399892136106933790	-0.01595979929	-0.02076693065	0.7346171141
1399892136155882007	-0.0157717187	-0.02097704075	0.7299931049
1399892136211837668	-0.01556279697	-0.0212478824	0.725122869
1399892136265787009	-0.0153549891	-0.02149728127	0.7206842899
1399892136364874500	-0.01514582243	-0.02174447477	0.7162514329
1399892136423752398	-0.0149622187	-0.02195398323	0.7119259238
1399892136469802353	-0.01477326266	-0.02219099179	0.7080260515
1399892136524725828	-0.01462237164	-0.02236257307	0.7036141157
1399892136573656923	-0.01446086261	-0.02254189365	0.6997425556
1399892136628663229	-0.01430146024	-0.02273114584	0.6961414814
1399892136685624796	-0.01414304972	-0.02291546017	0.6924263239
1399892136782568429	-0.01404709276	-0.02308589779	0.6890705824
1399892136837386258	-0.0139339678	-0.02325636335	0.6856684089
1399892136886387959	-0.01381721441	-0.02340317331	0.6826333404
1399892136945569449	-0.01366958767	-0.02352768369	0.6796890497
1399892136991487139	-0.01353542507	-0.02365403622	0.6767929792
1399892137046533311	-0.01340907346	-0.02382478118	0.6742734313
1399892137103461336	-0.01330705639	-0.02393214032	0.6714959741
1399892137199392457	-0.01320187841	-0.02402175963	0.6691316962
1399892137258456202	-0.01308173966	-0.02410263009	0.6670065522
1399892137304369134	-0.01297358889	-0.02416115254	0.6647872925
1399892137359293266	-0.01287374832	-0.02422887273	0.6627261043
1399892137408315279	-0.01278655604	-0.02428893	0.6604468226
1399892137467266950	-0.01270622946	-0.02437068336	0.6585220098
1399892137568201068	-0.01264230907	-0.02445450239	0.6567683816
