#Time	 Roll 	 Pitch 	 Yaw
1399576489502564653	-0.0592369	-0.0101484	0.378847
1399576489543567857	-0.0592502	-0.0101295	0.378918
1399576489560505699	-0.0592872	-0.010102	0.378998
1399576489582488201	-0.0592788	-0.0100898	0.379048
1399576489617448231	-0.0592994	-0.0100576	0.37907
1399576489652412164	-0.0593069	-0.0100555	0.379119
1399576489765273051	-0.0593301	-0.0100279	0.379186
1399576489781607571	-0.0593186	-0.00999782	0.379173
1399576489817512662	-0.0592815	-0.00997304	0.37909
1399576489847478269	-0.0592799	-0.00994625	0.379004
1399576489968254384	-0.0592613	-0.00992649	0.37855
1399576489985388777	-0.0592602	-0.00989696	0.378423
1399576490002419102	-0.0592594	-0.00989984	0.378399
1399576490083284218	-0.0592581	-0.00988627	0.378334
1399576490105275802	-0.0592792	-0.00988775	0.378189
1399576490142359070	-0.0592925	-0.0098959	0.378021
1399576490190298777	-0.0592958	-0.00990888	0.377849
1399576490206279956	-0.0593146	-0.00990446	0.377686
1399576490288286648	-0.0593735	-0.00993932	0.377544
1399576490306301805	-0.0593971	-0.00994152	0.377529
1399576490321243163	-0.0594366	-0.00993166	0.377517
1399576490437263077	-0.0594638	-0.00991403	0.37745
1399576490465300505	-0.0594864	-0.00995136	0.377363
1399576490491010526	-0.0594977	-0.00994272	0.377284
1399576490561146056	-0.0595339	-0.00993887	0.37721
1399576490578029441	-0.0595518	-0.009953	0.377088
1399576490631111510	-0.0595645	-0.0099478	0.376921
1399576490647133814	-0.0595745	-0.0099647	0.376797
1399576490761032406	-0.0595817	-0.009992	0.376631
1399576490777946678	-0.0595425	-0.00999098	0.376481
1399576490793999655	-0.059538	-0.010013	0.376479
1399576490886986096	-0.0594985	-0.010041	0.37654
1399576490904009536	-0.0594809	-0.0100598	0.376525
1399576490919982005	-0.0594706	-0.0100783	0.376375
1399576490945001275	-0.0594605	-0.0100758	0.376293
1399576490981920788	-0.0594685	-0.010086	0.376204
1399576491022896749	-0.0594454	-0.0100727	0.376116
1399576491125990859	-0.0594619	-0.0101027	0.376365
1399576491142853246	-0.0594439	-0.0101059	0.376523
1399576491169869306	-0.0594339	-0.0100805	0.376603
1399576491197846005	-0.0594408	-0.0101085	0.376603
1399576491320749376	-0.0594384	-0.0101145	0.376587
1399576491336821293	-0.0594353	-0.0101361	0.376499
1399576491353759556	-0.0594185	-0.0101293	0.376413
1399576491370763889	-0.0594108	-0.0101399	0.376267
1399576491447721142	-0.0594188	-0.0101288	0.376098
1399576491476783238	-0.059401	-0.0101394	0.376032
1399576491518699762	-0.0593738	-0.0101439	0.376085
1399576491535718564	-0.0593546	-0.0101208	0.376112
1399576491560568216	-0.059338	-0.0101079	0.376067
1399576491604722588	-0.0593274	-0.0100776	0.375998
1399576491704726297	-0.0592898	-0.0100374	0.375891
1399576491744589378	-0.0593236	-0.0100378	0.375698
1399576491761734359	-0.0593419	-0.0100532	0.375475
1399576491784668554	-0.0593229	-0.0100683	0.375543
1399576491819500642	-0.0593169	-0.0100691	0.375687
1399576491853639470	-0.0593319	-0.0100983	0.375839
1399576491923652368	-0.0593064	-0.0101259	0.376052
1399576491966600370	-0.059273	-0.0101417	0.376239
1399576491992608151	-0.0592564	-0.0101544	0.376293
1399576492015565895	-0.0592319	-0.0101411	0.376336
1399576492123590879	-0.0592436	-0.0101509	0.376362
1399576492140548927	-0.0592542	-0.0101467	0.376467
1399576492182478373	-0.0592577	-0.0101554	0.376562
1399576492204547679	-0.0592408	-0.0101723	0.376611
1399576492221505095	-0.059246	-0.0101665	0.376646
1399576492248533014	-0.0592634	-0.010169	0.376662
1399576492334524207	-0.0592607	-0.010154	0.376656
1399576492351389354	-0.0592766	-0.0101576	0.376658
1399576492393442505	-0.0592892	-0.0101444	0.376561
1399576492410363432	-0.0593081	-0.0101306	0.376469
1399576492493377454	-0.0593075	-0.0101213	0.376442
1399576492510369432	-0.0593219	-0.0101267	0.376511
1399576492527220037	-0.0593009	-0.0101369	0.376563
1399576492636262356	-0.0593106	-0.0101734	0.376691
1399576492654245747	-0.0593103	-0.010203	0.376771
1399576492671225101	-0.0593122	-0.0102398	0.376857
1399576492687175919	-0.0593462	-0.0102366	0.376939
1399576492764196850	-0.0593615	-0.0102356	0.376998
1399576492780237905	-0.0593674	-0.0102068	0.377041
1399576492844029478	-0.0593848	-0.0101998	0.377036
1399576492861017755	-0.0594088	-0.0102101	0.37704
1399576492941019743	-0.059446	-0.010206	0.377
1399576492956967069	-0.0594437	-0.0101931	0.376956
1399576493031963922	-0.0594262	-0.01017	0.376856
1399576493089931163	-0.0594177	-0.010156	0.376655
1399576493105890954	-0.0594116	-0.0101525	0.376605
1399576493147882378	-0.0593784	-0.0101605	0.376528
1399576493183840117	-0.0593628	-0.0101695	0.376597
1399576493243843864	-0.0593421	-0.0101378	0.376683
1399576493295723949	-0.0593404	-0.0101134	0.377028
1399576493347719424	-0.0593535	-0.0101328	0.377217
1399576493363718910	-0.0593633	-0.0101521	0.377219
1399576493467732974	-0.0593497	-0.0101646	0.377208
1399576493512682277	-0.0593652	-0.0102044	0.377226
1399576493528710219	-0.0593523	-0.0102408	0.377388
1399576493564681412	-0.0593369	-0.0102442	0.377541
1399576493580579595	-0.0593231	-0.010263	0.377745
1399576493700583150	-0.0593272	-0.0102654	0.377918
1399576493717586979	-0.0593468	-0.0102891	0.378015
1399576493777531295	-0.0593362	-0.0102864	0.377895
1399576493793557623	-0.0593107	-0.0102839	0.377834
1399576493822512843	-0.0592555	-0.0102837	0.37765
1399576493874552153	-0.0592646	-0.0102692	0.377614
1399576493932529612	-0.0592528	-0.0102617	0.377727
1399576493948518464	-0.0592555	-0.0102524	0.377812
1399576493992525718	-0.0592369	-0.0102429	0.377683
1399576494008550948	-0.0592464	-0.0102164	0.377489
1399576494119438775	-0.0592453	-0.0101941	0.377413
1399576494136461953	-0.0592186	-0.0101779	0.377387
1399576494197415036	-0.0592162	-0.0101811	0.377384
1399576494213415092	-0.0592072	-0.010189	0.377237
1399576494330381328	-0.0591998	-0.0101788	0.377002
1399576494347338457	-0.0591785	-0.0101847	0.377226
1399576494407330858	-0.0591495	-0.0102134	0.377395
1399576494424280463	-0.0591531	-0.0101885	0.377589
1399576494454296151	-0.059144	-0.0101818	0.377891
1399576494507281255	-0.0591554	-0.01016	0.377876
1399576494542289475	-0.0591802	-0.0101315	0.377891
1399576494582248435	-0.059169	-0.0101027	0.377967
1399576494620230690	-0.0591855	-0.0100896	0.378095
1399576494657183652	-0.0592092	-0.0100775	0.378219
1399576494703154464	-0.0592188	-0.0100869	0.378327
1399576494725182605	-0.0592343	-0.0100985	0.378426
1399576494820180986	-0.0592418	-0.0101094	0.378619
1399576494836155026	-0.0592455	-0.0101105	0.378855
1399576496807245506	-0.0591622	-0.00987919	0.379101
1399576496823247489	-0.0590728	-0.00963011	0.379203
1399576496858252143	-0.0588666	-0.00912489	0.379406
1399576496900200280	-0.058727	-0.0088813	0.379513
1399576496918181591	-0.0585948	-0.00864625	0.379596
1399576497047117234	-0.0584562	-0.0084174	0.379689
1399576497064077632	-0.0583752	-0.00817622	0.379781
1399576497081104447	-0.058258	-0.00790791	0.379871
1399576497175022231	-0.0581322	-0.00767172	0.379943
1399576497191022289	-0.0579938	-0.00740447	0.380015
1399576497207993931	-0.0578965	-0.00715326	0.380107
1399576497230019991	-0.0577964	-0.00692346	0.380228
1399576497247029843	-0.0577054	-0.00666856	0.380258
1399576497277021844	-0.0576071	-0.006428	0.380317
1399576497338973521	-0.0574945	-0.00616925	0.380386
1399576497374947032	-0.0573848	-0.00593901	0.380508
1399576497406975703	-0.0572838	-0.00569456	0.380596
1399576497480828245	-0.0571617	-0.00547682	0.380653
1399576497497889937	-0.0570882	-0.00522857	0.380698
1399576497566933827	-0.0569732	-0.00499918	0.380791
1399576497585865598	-0.0568448	-0.00473481	0.380894
1399576497602845883	-0.0567286	-0.00448943	0.381007
1399576497679815827	-0.0566133	-0.00423341	0.381101
1399576497696788006	-0.0564852	-0.00400838	0.381194
1399576497731850966	-0.0563869	-0.00376773	0.381307
1399576497778852300	-0.0562941	-0.00353236	0.381434
1399576497834896618	-0.056184	-0.00332189	0.381558
1399576497852925788	-0.0561082	-0.00310396	0.381665
1399576497885872032	-0.0560207	-0.00285798	0.381734
1399576497994717939	-0.0559138	-0.00260753	0.381835
1399576498034744293	-0.0558208	-0.00238339	0.381946
1399576498099694265	-0.0557246	-0.00215164	0.382045
1399576498116607983	-0.0556076	-0.00192266	0.382143
1399576498132638856	-0.055494	-0.00170262	0.382272
1399576498151640904	-0.055397	-0.00148281	0.38239
1399576498174620706	-0.0552926	-0.00126796	0.382469
1399576498230608842	-0.0551829	-0.00106394	0.382585
1399576498247587652	-0.0550908	-0.000850691	0.38269
1399576498324516750	-0.0549996	-0.000636214	0.382777
1399576498344543407	-0.0548907	-0.000393128	0.382857
1399576498360497241	-0.0547682	-0.000183472	0.382939
1399576498452483538	-0.0546859	3.39877e-05	0.383018
1399576498469514079	-0.0546113	0.000275487	0.38307
1399576498485469257	-0.0544882	0.000457881	0.383136
1399576498521457234	-0.0543929	0.000668712	0.383189
1399576498550447611	-0.0543254	0.000874691	0.383246
1399576498637481499	-0.0542262	0.00106489	0.383306
1399576498679434480	-0.0541031	0.00126463	0.383396
1399576498696444183	-0.0540111	0.00145068	0.383461
1399576498713446678	-0.0539377	0.0016254	0.383527
1399576498837385789	-0.0538598	0.00185972	0.383659
1399576498854371209	-0.0537667	0.00206664	0.383732
1399576498919267942	-0.0535599	0.0024786	0.383948
1399576498935223871	-0.0534977	0.00267656	0.384054
1399576498969273425	-0.0534459	0.00288413	0.384101
1399576499048325746	-0.0533508	0.00308837	0.384168
1399576499066310839	-0.0532576	0.00327171	0.384219
1399576499118342169	-0.0531748	0.00346264	0.384306
1399576499134321293	-0.0531023	0.00365196	0.384366
1399576499205253638	-0.0529987	0.00381916	0.384413
1399576499223243056	-0.0528973	0.00402895	0.384496
1399576499240326687	-0.0528129	0.00422087	0.384531
1399576499314324806	-0.0527312	0.00442739	0.384571
1399576499333309017	-0.0526347	0.00463762	0.384618
1399576499365314606	-0.0525323	0.0048455	0.384656
1399576499471148181	-0.0524413	0.00504487	0.384715
1399576499488140700	-0.0523501	0.00521631	0.384777
1399576499505036905	-0.0522467	0.00539753	0.384878
1399576499553092255	-0.0521478	0.00558477	0.384962
1399576499569115989	-0.0520502	0.00575223	0.385037
1399576499596092740	-0.0519676	0.00596428	0.385127
1399576499639052391	-0.0518872	0.00615463	0.385218
1399576499691034363	-0.0518143	0.00634706	0.385349
1399576499755997527	-0.0517384	0.00655424	0.385494
1399576499773070021	-0.0516679	0.00673365	0.385567
1399576499834917630	-0.0515738	0.00693958	0.385665
1399576499852943520	-0.0514762	0.00713431	0.385766
1399576499869968563	-0.051364	0.00730116	0.385874
1399576499994982168	-0.0513258	0.00749819	0.385937
1399576500034878242	-0.051249	0.0076629	0.385973
1399576500052893836	-0.0511652	0.0078554	0.386033
1399576500075803843	-0.0510778	0.00803145	0.38608
1399576500091819183	-0.0510009	0.00821523	0.386128
1399576500126797834	-0.0509223	0.00839239	0.38618
1399576500195779511	-0.0508397	0.00856595	0.386218
1399576500216008365	-0.0507345	0.00874164	0.386272
1399576500247903533	-0.0506447	0.00893813	0.38631
1399576500324949972	-0.0505417	0.0091069	0.386368
1399576500344825257	-0.0504662	0.00928181	0.386409
1399576500362829183	-0.0504319	0.00945122	0.386474
1399576500405829777	-0.0503494	0.00962191	0.386527
1399576500438632054	-0.050254	0.00979835	0.386572
1399576500520727042	-0.0501852	0.00996454	0.386622
1399576500536701733	-0.0501013	0.0101376	0.386684
1399576500565669470	-0.050002	0.010296	0.386755
1399576500662614188	-0.049913	0.0104873	0.386829
1399576500678580574	-0.0498347	0.0106797	0.386894
1399576500741524479	-0.0497661	0.0108374	0.386959
1399576500758537951	-0.0496654	0.0110067	0.386997
1399576500774504772	-0.0496081	0.0111387	0.387012
1399576500791475752	-0.0495623	0.0113051	0.387045
1399576500859486113	-0.0495125	0.0114597	0.387087
1399576500882518218	-0.0494521	0.0116064	0.387132
1399576500953423019	-0.0494116	0.01178	0.387155
1399576500969470182	-0.049378	0.0119352	0.38717
1399576501049408078	-0.0492976	0.0120919	0.387226
1399576501089489082	-0.0492384	0.0122595	0.387292
1399576501117391147	-0.0491699	0.0124101	0.387365
1399576501134332460	-0.0491122	0.0125543	0.387377
1399576501203405818	-0.049045	0.0127003	0.387404
1399576501221344643	-0.0489778	0.0128677	0.387411
1399576501238315822	-0.0488928	0.0130383	0.387453
1399576501294343039	-0.0487996	0.013188	0.387521
1399576501363324595	-0.0487304	0.0133393	0.387557
1399576501380292003	-0.048664	0.0134873	0.387586
1399576501396281936	-0.0486106	0.0136215	0.387623
1399576501428281133	-0.0485735	0.0137781	0.387667
1399576501500233388	-0.048511	0.0139335	0.387724
1399576501525229903	-0.0484508	0.0140619	0.387802
1399576501555272339	-0.0483743	0.0141975	0.387859
1399576501644183538	-0.0483163	0.0143398	0.38794
1399576501661115433	-0.0482431	0.0144711	0.387958
1399576501679108877	-0.0481774	0.0146201	0.388024
1399576501734153899	-0.0481309	0.0147891	0.388047
1399576501751153156	-0.0480793	0.0149123	0.388122
1399576501887061751	-0.0480318	0.0150449	0.388165
1399576501904013397	-0.0480105	0.0151746	0.388218
1399576501920995576	-0.0479576	0.0153049	0.388241
1399576501969006625	-0.0478856	0.0154633	0.388298
1399576501984989258	-0.0478195	0.0155895	0.388294
1399576502043068549	-0.0477695	0.0157627	0.388368
1399576502061040993	-0.0477161	0.0159098	0.388411
1399576502076959492	-0.0476544	0.0160646	0.388487
1399576502155923992	-0.0475852	0.0162	0.388528
1399576502206081767	-0.0474706	0.0164822	0.388614
1399576502228024348	-0.0474529	0.0166295	0.388668
1399576502266921209	-0.0473987	0.0167812	0.38875
1399576502356973759	-0.0473293	0.016908	0.38883
1399576502402905331	-0.0472745	0.0170424	0.388887
1399576502428863554	-0.0471382	0.0172972	0.389008
1399576502475499263	-0.0470687	0.0174243	0.38906
1399576502565766142	-0.0470194	0.0175564	0.389136
1399576502589628687	-0.0469407	0.0176816	0.389206
1399576502646760445	-0.046781	0.0179303	0.389371
1399576502683751975	-0.0467469	0.0180523	0.389434
1399576502713723564	-0.0467262	0.0181763	0.389511
1399576502830571638	-0.0466721	0.0182688	0.389539
1399576502870487246	-0.0466261	0.0184059	0.389587
1399576502888465081	-0.0465812	0.0185253	0.389621
1399576502910458781	-0.0465221	0.0186649	0.389633
1399576502927453553	-0.046453	0.0188071	0.389626
1399576502954480286	-0.04642	0.0189389	0.38963
1399576503040410374	-0.046365	0.0190741	0.38966
1399576503080420248	-0.0463144	0.0191805	0.389686
1399576503098408056	-0.0462574	0.0192909	0.389731
1399576503115340453	-0.0461966	0.0194245	0.389768
1399576503151402056	-0.0461488	0.019554	0.389793
1399576503207371101	-0.0461049	0.0196579	0.389875
1399576503307350267	-0.046052	0.0197814	0.389907
1399576503333306785	-0.0460154	0.0199151	0.389951
1399576503352332983	-0.0459903	0.0200186	0.389977
1399576503382293427	-0.0459499	0.0201567	0.390034
1399576503400314927	-0.0459038	0.0202658	0.390093
1399576503471308291	-0.0458458	0.0203843	0.390118
1399576503514243602	-0.0457879	0.0205205	0.390139
1399576503531220457	-0.0457466	0.0206466	0.390146
1399576503566162816	-0.0456887	0.0207731	0.390206
1399576503673199258	-0.0456382	0.020874	0.390281
1399576503690149733	-0.0455669	0.0209892	0.390329
1399576503742218820	-0.045512	0.0210928	0.390365
1399576503758156612	-0.0454538	0.0212105	0.390412
1399576503789126972	-0.0453618	0.0214401	0.390449
1399576503883063830	-0.0453237	0.0215665	0.390479
1399576503900062755	-0.0452776	0.0217003	0.390529
1399576503942034412	-0.0452108	0.0218283	0.390538
1399576503958997791	-0.0451703	0.0219303	0.390568
1399576504038050319	-0.0451255	0.0220378	0.390581
1399576504056002951	-0.045053	0.0221499	0.390624
1399576504080995150	-0.0449879	0.0222798	0.390634
1399576504184935363	-0.0449393	0.0224014	0.390637
1399576504202937465	-0.04491	0.0225195	0.390634
1399576504218902444	-0.0448802	0.0226157	0.390666
1399576504235978037	-0.0448489	0.0227292	0.390647
1399576504314858704	-0.0448003	0.0228334	0.390642
1399576504334835509	-0.0447279	0.0229456	0.390692
1399576504375827613	-0.0446902	0.0230468	0.39071
1399576504395816424	-0.044655	0.0231445	0.390758
1399576504427767664	-0.0445685	0.0232571	0.390763
1399576504522757204	-0.0445108	0.0233666	0.390776
1399576504538783388	-0.0444488	0.0234456	0.390784
1399576504605750751	-0.044405	0.0235854	0.390813
1399576504622749864	-0.0443447	0.0237113	0.390859
1399576504688630835	-0.044304	0.0238475	0.390895
1399576504705699663	-0.0442625	0.0239716	0.390912
1399576504723574760	-0.0442201	0.0240629	0.390954
1399576504753625913	-0.0441746	0.0241641	0.390982
1399576504865612837	-0.0441431	0.0242755	0.391041
1399576504936504892	-0.0440921	0.0243768	0.391098
1399576504952591435	-0.0440649	0.0244851	0.391149
1399576504969493587	-0.0440159	0.0246028	0.391208
1399576505045588194	-0.0439762	0.0247096	0.391023
1399576505085444874	-0.0439099	0.0248464	0.391426
1399576505176381618	-0.043855	0.0250697	0.391399
1399576505193369045	-0.0437464	0.0252226	0.391735
1399576505267377218	-0.0437395	0.0252388	0.391403
1399576505283368385	-0.043299	0.0257853	0.392149
1399576505385286211	-0.0433559	0.0260282	0.392522
1399576505401302783	-0.043176	0.0258989	0.392384
1399576505476311099	-0.0424943	0.0262192	0.39297
1399576505493322984	-0.0420933	0.0260394	0.394051
1399576505510309031	-0.041363	0.0246925	0.394671
1399576505607271886	-0.0402542	0.0225187	0.39529
1399576505623272610	-0.0366833	0.0180031	0.395936
1399576505700177445	-0.031599	0.0135038	0.397502
1399576505717247645	-0.0240668	0.0106686	0.40071
1399576505793229554	-0.0159241	0.0109109	0.405229
1399576505811162408	-0.0128328	0.0137284	0.410871
1399576505911156335	-0.0143481	0.0132665	0.417761
1399576505927140448	-0.0208212	0.0160082	0.425369
1399576505944062304	-0.030503	0.0233556	0.433102
1399576506016055818	-0.0350766	0.0292442	0.440818
1399576506033118195	-0.0369726	0.0339473	0.448526
1399576506136058622	-0.0404177	0.0390511	0.455498
1399576506152958966	-0.0460578	0.0414548	0.461942
1399576506226976584	-0.0510433	0.0389026	0.467616
1399576506242918871	-0.0530543	0.0369074	0.472045
1399576506259967495	-0.0523788	0.0373987	0.474423
1399576506331893336	-0.0498605	0.0383682	0.475724
1399576506437890163	-0.0436966	0.036301	0.476669
1399576506454891671	-0.03313	0.0275448	0.476882
1399576506470887689	-0.0254044	0.0172569	0.477044
1399576506548834249	-0.0257396	0.017892	0.477126
1399576506569811537	-0.0300953	0.0301354	0.477539
1399576506670836000	-0.0377144	0.0532862	0.478714
1399576506687792579	-0.0397213	0.0577445	0.478876
1399576506761786999	-0.0417206	0.0595984	0.478986
1399576506778714994	-0.0443751	0.0594693	0.479208
1399576506795712087	-0.0532933	0.0638566	0.47898
1399576506869658810	-0.0662989	0.0711083	0.478268
1399576506909691907	-0.0765102	0.0748464	0.477105
1399576506980617921	-0.0823609	0.0707998	0.475531
1399576506997636655	-0.0831443	0.0628892	0.474453
1399576507014606663	-0.08106	0.0567528	0.472855
1399576507089569556	-0.0803011	0.0537216	0.471096
1399576507186546759	-0.0739543	0.0467829	0.469266
1399576507202516354	-0.0587532	0.0340567	0.467515
1399576507219471876	-0.0417058	0.0203058	0.465859
1399576507290487339	-0.0298336	0.00936852	0.46411
1399576507314446554	-0.0241926	0.00319008	0.462231
1399576507330472286	-0.0194917	0.00232704	0.460853
1399576507429380694	-0.0145105	0.00627609	0.460022
1399576507445414631	-0.010956	0.0178712	0.460742
1399576507522409479	-0.00921535	0.030964	0.461703
1399576507539337365	-0.0121836	0.042383	0.462937
1399576507615409941	-0.0173436	0.0503853	0.463962
1399576507655398082	-0.0238564	0.0557951	0.464539
1399576507727359035	-0.0349954	0.0632965	0.465255
1399576507746290017	-0.0477519	0.0723254	0.465913
1399576507766243587	-0.0610995	0.0744862	0.466879
1399576507839295848	-0.0742723	0.0669263	0.46819
1399576507856362809	-0.0838801	0.0567528	0.469538
1399576507957421009	-0.0867597	0.0499999	0.470803
1399576507974375820	-0.0841113	0.0465587	0.471844
1399576508047340925	-0.072626	0.037415	0.472647
1399576508064267101	-0.0510829	0.0200335	0.473136
1399576508081309423	-0.0260925	0.00183067	0.472675
1399576508188250420	-0.00338812	-0.00719287	0.471807
1399576508262300119	0.0131734	-0.00673128	0.471337
1399576508279208442	0.0246691	-0.00316876	0.47152
1399576508295238914	0.0312679	0.00196425	0.472641
1399576508371162317	0.0340303	0.00765249	0.474202
1399576508470230285	0.0261028	0.0260095	0.478119
1399576508486132014	0.0108003	0.0569178	0.48262
1399576508503034478	-0.0131687	0.075983	0.485758
1399576508578129754	-0.0442048	0.0816161	0.487586
1399576508618080520	-0.0755981	0.0914251	0.488748
1399576508691060595	-0.0989082	0.093516	0.489361
1399576508707003780	-0.11157	0.0709127	0.490543
1399576508723981904	-0.104316	0.0444499	0.490835
1399576508829055452	-0.0840769	0.0260169	0.488624
1399576508898012997	-0.0496084	-0.00702127	0.485135
1399576508920931163	-0.0164144	-0.0424286	0.481798
1399576508937924064	0.0224704	-0.0481497	0.480942
1399576509035903223	0.0543862	-0.0333505	0.483342
1399576509052756127	0.0595222	-0.0137653	0.488385
1399576509129796254	0.0566345	-0.00115583	0.493652
1399576509146712214	0.0385735	0.0341978	0.501246
1399576509246668125	-0.00830547	0.0884232	0.5095
1399576509262816089	-0.0672123	0.125677	0.516261
1399576509339713382	-0.112329	0.124635	0.520713
1399576509355781510	-0.143911	0.100476	0.524615
1399576509457667955	-0.146566	0.0691312	0.526296
1399576509473651705	-0.12658	0.0324611	0.526507
1399576509546725135	-0.0787515	-0.0156181	0.5245
1399576509567656608	-0.0116477	-0.0585586	0.520278
1399576509677525953	0.0925121	-0.049726	0.516545
1399576509693586329	0.112162	-0.0119279	0.520205
1399576509770541119	0.0956078	0.0326037	0.52473
1399576509870536157	0.0433176	0.0841494	0.528801
1399576509887540981	-0.0366413	0.145412	0.530655
1399576509904362478	-0.110737	0.181371	0.533712
1399576509980271098	-0.181634	0.179907	0.536886
1399576510080259030	-0.222332	0.146847	0.541095
1399576510096147610	-0.219881	0.0894568	0.545472
1399576510113185706	-0.150143	0.00742242	0.545755
1399576510186152472	-0.0167804	-0.0687945	0.539403
1399576510226156419	0.11572	-0.0996321	0.52636
1399576510297152267	0.196762	-0.0871396	0.51421
1399576510314050697	0.21755	-0.0385625	0.520663
1399576510331076303	0.19599	0.0205687	0.536163
1399576510437100747	0.0940542	0.0932622	0.552228
1399576510514000735	-0.0515585	0.174018	0.561919
1399576510529976395	-0.172343	0.237046	0.569061
1399576510547017241	-0.219755	0.222897	0.578466
1399576510643939217	-0.190735	0.125199	0.589235
1399576510659996217	-0.0814064	0.018063	0.588093
1399576510731963349	0.0620438	-0.0597	0.570154
1399576510748906789	0.171274	-0.108252	0.543622
1399576510850875660	0.203966	-0.115774	0.534697
1399576510866862798	0.153782	-0.0605826	0.543965
1399576510940834166	0.0499408	0.0259531	0.562593
1399576510957783056	-0.0928999	0.121584	0.574812
1399576511071770729	-0.204646	0.180905	0.585474
1399576511087760038	-0.248551	0.184688	0.595067
1399576511190748594	-0.12461	0.0551191	0.609109
1399576511284665575	-0.018282	-0.0336185	0.603347
1399576511301648451	0.0414832	-0.092668	0.594859
1399576511350695711	0.0416317	-0.103215	0.588398
1399576511465604435	0.0129057	-0.0713747	0.585202
1399576511482593344	-0.00364467	-0.0463656	0.586377
1399576511543521374	-0.0117282	-0.0227287	0.588741
1399576511559495937	-0.0112154	0.00264037	0.592695
1399576511676453348	0.0181043	0.0639167	0.605562
1399576511693455813	0.0456763	0.100911	0.615582
1399576511753463298	0.0790689	0.142293	0.627365
1399576511769400690	0.11813	0.186951	0.642018
1399576511886409240	0.210227	0.283975	0.680074
1399576511903403073	0.261019	0.335092	0.703656
1399576511919269505	0.314378	0.387133	0.730961
1399576511981366622	0.369143	0.43963	0.761689
1399576512007363003	0.194955	0.298693	0.724788
1399576512081340872	0.0321054	0.131211	0.691318
1399576512097363699	-0.0699251	-0.0232475	0.690838
1399576512152292663	-0.0950413	-0.0482699	0.693268
1399576512174224293	-0.0767105	-0.0435723	0.698095
1399576512211303608	-0.0472783	-0.016437	0.704651
1399576512257261423	-0.0231162	0.0331912	0.704695
1399576512289206813	-0.0116019	0.0521406	0.703348
1399576512312256220	-0.0121967	0.0528321	0.705008
1399576512411202622	-0.0186208	0.0422379	0.703173
1399576512428138152	-0.0205438	0.041149	0.702364
1399576512444135653	-0.0189298	0.0441121	0.702374
1399576512490164350	-0.0171507	0.045257	0.702143
1399576512527148498	-0.0182257	0.0441483	0.701402
1399576512607127986	-0.0190544	0.0436191	0.701084
1399576512636059588	-0.0183974	0.0441208	0.70023
1399576512691043252	-0.0187112	0.0440837	0.699725
1399576512727035032	-0.0189606	0.0436413	0.69925
1399576512807147152	-0.0189507	0.0439028	0.698969
1399576512855127773	-0.0189536	0.0439227	0.698332
1399576512872147715	-0.0191564	0.0438076	0.698162
1399576512911206115	-0.0191571	0.0439417	0.697519
1399576512928191785	-0.0193659	0.0439079	0.697345
1399576512957141711	-0.019266	0.0439776	0.696649
1399576513049120790	-0.0194515	0.0440409	0.695815
1399576513070127005	-0.0194678	0.0439649	0.695621
1399576513115078627	-0.0195092	0.044066	0.695073
1399576513197047721	-0.0196348	0.0441915	0.694816
1399576513221081675	-0.0197022	0.0440531	0.694314
1399576513274021976	-0.0198724	0.0442552	0.693525
1399576513320961827	-0.02054	0.0435174	0.690863
1399576513355988317	-0.0220328	0.0420764	0.686316
1399576513422910743	-0.0234917	0.0406058	0.682341
1399576513472964265	-0.0248395	0.0392054	0.677758
1399576513489912839	-0.0262175	0.0377562	0.673811
1399576513542918977	-0.0275884	0.0362982	0.669849
1399576513559893768	-0.0288338	0.0348872	0.665829
1399576513587864983	-0.0299857	0.0334856	0.662296
1399576513646883312	-0.0311684	0.0320759	0.658639
1399576513693797942	-0.0323435	0.0306049	0.655468
1399576513729812956	-0.0333958	0.02924	0.652186
1399576513754750634	-0.0343494	0.0280445	0.648893
1399576513856772283	-0.0352986	0.02683	0.645983
1399576513873772910	-0.0362495	0.0255968	0.642663
1399576513919582635	-0.0371604	0.0243482	0.639743
1399576513953719649	-0.0379918	0.0232048	0.63696
1399576513970579063	-0.0387324	0.0221506	0.634293
1399576513993630377	-0.0394872	0.0210821	0.631968
1399576514050608661	-0.0402359	0.0200174	0.629316
1399576514068558032	-0.0409801	0.0189324	0.626945
1399576514125492798	-0.0416514	0.0179407	0.624557
1399576514173583598	-0.0422412	0.0170649	0.622081
1399576514209508617	-0.0428279	0.0161683	0.619858
1399576514278559318	-0.043416	0.0152667	0.617457
1399576514296586203	-0.0439876	0.0143565	0.615402
1399576514425597089	-0.0449531	0.0128393	0.611307
1399576514441515885	-0.0454309	0.0120911	0.609541
1399576514482533160	-0.0458841	0.0113105	0.607452
1399576514499496541	-0.0463441	0.0105469	0.605627
1399576514584406820	-0.0467619	0.00985618	0.603665
1399576514641463720	-0.0475449	0.00860425	0.599816
1399576514658439681	-0.0479161	0.00798063	0.597935
1399576514700416515	-0.0482578	0.00734515	0.596256
1399576514716443690	-0.0485867	0.00674484	0.594586
1399576514818411263	-0.048895	0.00624165	0.593006
1399576514836418569	-0.0491805	0.00572667	0.591572
1399576514853393961	-0.0494839	0.00521065	0.589929
1399576514899365075	-0.0497833	0.00467563	0.588492
1399576514915395254	-0.0500688	0.00417237	0.586923
1399576515016321314	-0.050316	0.00372421	0.585282
1399576515058274654	-0.050572	0.00326275	0.583861
1399576515074151717	-0.0508151	0.00277703	0.582351
1399576515112339372	-0.0510259	0.00230607	0.581038
1399576515128179354	-0.0512291	0.00188644	0.5798
1399576515151294891	-0.0514024	0.00149458	0.57864
1399576515260244100	-0.0517529	0.000752105	0.576356
1399576515281234501	-0.0519131	0.000363922	0.575273
1399576515330208117	-0.0520575	4.63352e-05	0.574207
1399576515366184900	-0.0521832	-0.000275383	0.573162
1399576515425143543	-0.0523369	-0.000613479	0.572269
1399576515541033634	-0.0526049	-0.00124808	0.570186
1399576515558050643	-0.052753	-0.0015432	0.56928
1399576515589914144	-0.0528456	-0.00180501	0.568495
1399576515606917267	-0.0529438	-0.00206515	0.56778
1399576515676003732	-0.0530592	-0.00233209	0.566994
1399576515692008015	-0.053204	-0.0025926	0.566324
1399576515739039869	-0.0533165	-0.00281404	0.565567
1399576515754995024	-0.0534134	-0.00304002	0.564722
1399576515787958715	-0.0535184	-0.00324208	0.564027
1399576515842876464	-0.0536023	-0.00347152	0.563197
1399576515900904335	-0.0536875	-0.00369695	0.562484
1399576515917924570	-0.0537807	-0.00391768	0.561764
1399576515949855426	-0.0538904	-0.00413162	0.561095
1399576516064818821	-0.0539727	-0.00434611	0.560514
1399576516081798678	-0.0540532	-0.00454362	0.55983
1399576516124797488	-0.0541633	-0.00476536	0.559242
1399576516159778598	-0.0542203	-0.00496621	0.558661
1399576516175834582	-0.054274	-0.00515667	0.558073
1399576516263739064	-0.0543608	-0.00533067	0.557584
1399576516279753683	-0.0544236	-0.00550771	0.557057
1399576516298760318	-0.054519	-0.00569393	0.556606
1399576516344719483	-0.0546043	-0.00584242	0.556191
1399576516380727387	-0.0547163	-0.00598307	0.555773
1399576516396749768	-0.0547763	-0.0061286	0.555408
1399576516510614770	-0.0548333	-0.00628749	0.554917
1399576516527638703	-0.0549296	-0.00644848	0.554497
1399576516590660060	-0.0549954	-0.00659199	0.553976
1399576516606607195	-0.0550465	-0.00672563	0.553372
1399576516626653096	-0.0550868	-0.00685563	0.552867
1399576516642613411	-0.0551598	-0.00701431	0.552489
1399576516693567720	-0.0552143	-0.0071488	0.552157
1399576516730523352	-0.0552385	-0.00728593	0.55183
1399576516795539548	-0.0552621	-0.00737766	0.551544
1399576516812516462	-0.0553006	-0.00749577	0.551254
1399576516876548183	-0.0553373	-0.00759979	0.55065
1399576516893573860	-0.0553756	-0.00768583	0.550149
1399576516910568047	-0.0553884	-0.00775839	0.549566
1399576517024525528	-0.0554399	-0.00782634	0.548941
1399576517050462722	-0.0555002	-0.00795487	0.54796
1399576517109531816	-0.0555396	-0.00801372	0.547538
1399576517125415512	-0.0555879	-0.00810966	0.547186
1399576517161290585	-0.0556284	-0.00818407	0.546868
1399576517267280132	-0.0556442	-0.00824566	0.546633
1399576517283279307	-0.0556872	-0.00829697	0.546249
1399576517319217542	-0.0557201	-0.00833514	0.54595
1399576517339206953	-0.0557589	-0.0083937	0.545778
1399576517404094254	-0.0557745	-0.00846148	0.54564
1399576517451070312	-0.0557912	-0.00850787	0.545535
1399576517477999227	-0.0557847	-0.00865261	0.545218
1399576517519987719	-0.0558045	-0.00870415	0.544932
1399576517573270681	-0.0558359	-0.00873415	0.544559
1399576517613032308	-0.0558769	-0.00877443	0.544205
1399576517659143381	-0.0559228	-0.0088623	0.543993
1399576517715963032	-0.0559354	-0.00893559	0.543804
1399576517733923647	-0.0559365	-0.00900592	0.543518
1399576517749926772	-0.0559514	-0.00905221	0.543159
1399576517875867072	-0.0559684	-0.00911228	0.542891
1399576517915784106	-0.0559989	-0.00916055	0.542564
1399576517933842859	-0.0560081	-0.00919863	0.542248
1399576517955755106	-0.0560363	-0.00925953	0.541937
1399576517972720640	-0.0560535	-0.00931181	0.541581
1399576518006743359	-0.0560908	-0.00933554	0.541243
1399576518052772871	-0.0561289	-0.00936939	0.54106
1399576518100730962	-0.0561523	-0.00942262	0.540942
1399576518117703614	-0.0561464	-0.00944884	0.540727
1399576518156707601	-0.0561621	-0.00945367	0.540494
1399576518241617716	-0.0561385	-0.0094776	0.540311
1399576518259612072	-0.0561416	-0.00946238	0.540096
1399576518317619214	-0.0561348	-0.00948901	0.539883
1399576518337614209	-0.0561267	-0.00952776	0.539616
1399576518400540005	-0.0561202	-0.00956914	0.53934
1399576518417554254	-0.0561401	-0.00959777	0.539138
1399576518434597346	-0.056111	-0.00965277	0.539068
1399576518465554072	-0.0561163	-0.00969561	0.53903
1399576518541540292	-0.05612	-0.00973222	0.538845
1399576518563527666	-0.0561004	-0.00971622	0.538566
1399576518598531416	-0.0561008	-0.00973005	0.538343
1399576518627510942	-0.0561042	-0.00972719	0.538209
1399576518667494654	-0.0560963	-0.00972721	0.538134
1399576518746411513	-0.0560868	-0.00974684	0.538013
1399576518769363551	-0.0560536	-0.00975191	0.537905
1399576518797446267	-0.0560261	-0.00973783	0.537804
1399576518874438298	-0.0560123	-0.00976202	0.5375
1399576518896381497	-0.0559853	-0.00976543	0.537244
1399576518933414756	-0.0559871	-0.00980546	0.537124
1399576518976326059	-0.0559807	-0.00980827	0.537111
1399576519040328187	-0.0559594	-0.00981068	0.537136
1399576519056277120	-0.0559496	-0.00982456	0.537166
1399576519093313426	-0.0559438	-0.00985051	0.537211
1399576519110290631	-0.055946	-0.0098614	0.537311
1399576519226296233	-0.0559204	-0.00988073	0.537431
1399576519244315900	-0.0559014	-0.00990748	0.537546
1399576519261279204	-0.0559064	-0.00995083	0.537581
1399576519277257643	-0.0559064	-0.00999518	0.537683
1399576519310187918	-0.0559027	-0.0100262	0.537848
1399576519394205350	-0.0559052	-0.0100371	0.538023
1399576519440178512	-0.0558967	-0.0100362	0.538169
1399576519466127982	-0.0559023	-0.0100676	0.538257
1399576519562098227	-0.0559016	-0.0100867	0.53836
1399576519579137827	-0.0558949	-0.0101065	0.538423
1399576519686141749	-0.0559194	-0.0101299	0.5385
1399576519703051753	-0.0559265	-0.0101592	0.538521
1399576519727127938	-0.0559419	-0.0101843	0.53859
1399576519743103681	-0.0559222	-0.0101857	0.538621
1399576519752015208	-0.0559113	-0.0101816	0.538651
1399576519868008106	-0.0558954	-0.0101771	0.538675
1399576519908910222	-0.0558749	-0.0101584	0.538695
1399576519925915055	-0.0558638	-0.0101553	0.538704
1399576519948941551	-0.0558538	-0.0101691	0.538681
1399576519964920600	-0.0558629	-0.0101792	0.538616
1399576519992931446	-0.0558649	-0.0102139	0.538587
1399576520125877387	-0.0558692	-0.0102592	0.538694
1399576520193839679	-0.0558832	-0.0102574	0.538586
1399576520209808062	-0.0558602	-0.0102606	0.538515
1399576520289738080	-0.0558694	-0.0102387	0.538225
1399576520329722593	-0.0558499	-0.0102294	0.537994
1399576520394791466	-0.0558287	-0.0102015	0.537993
1399576520410686673	-0.0558	-0.0102006	0.538164
1399576520427708473	-0.0557758	-0.0101888	0.538327
1399576520450688614	-0.0557599	-0.0101759	0.538296
1399576520521651759	-0.0557548	-0.0101794	0.538312
1399576520537627026	-0.0557416	-0.0101859	0.538318
1399576520561547442	-0.0557354	-0.0102004	0.538312
1399576520593597863	-0.055753	-0.0102532	0.538315
1399576520709617648	-0.0557486	-0.0102816	0.538253
1399576520726545436	-0.0557249	-0.0103181	0.538201
1399576520768543242	-0.0557252	-0.01034	0.538229
1399576520790565347	-0.0557133	-0.0103496	0.538313
1399576520806553641	-0.0557231	-0.0103736	0.538423
1399576520834492852	-0.0557034	-0.0103549	0.53818
1399576520920501335	-0.0557127	-0.0103456	0.537991
1399576520960438145	-0.0557182	-0.0103554	0.537892
1399576520978499177	-0.0557074	-0.0103615	0.5379
1399576520994421059	-0.0556644	-0.0103772	0.537903
1399576521077458406	-0.0556619	-0.0103768	0.537781
1399576521095395910	-0.0556767	-0.0103926	0.537678
1399576521130398188	-0.0556639	-0.0104185	0.537537
1399576521170329180	-0.0556413	-0.0104209	0.537404
1399576521189327551	-0.0556278	-0.0103972	0.537275
1399576521245333862	-0.0556315	-0.0103931	0.537053
1399576521282363311	-0.0555992	-0.0103946	0.536886
1399576521350324188	-0.0555829	-0.0104113	0.536757
1399576521396356170	-0.0556123	-0.0104374	0.536641
1399576521419258714	-0.0556395	-0.0104611	0.536564
1399576521436271919	-0.0556731	-0.0104621	0.536488
1399576521550328611	-0.0557152	-0.0104839	0.536425
1399576521567277079	-0.0557385	-0.0104975	0.536359
1399576521584229196	-0.0557459	-0.0104828	0.536276
1399576521677173431	-0.0557538	-0.0104875	0.536248
1399576521694154440	-0.0557389	-0.0104841	0.536113
1399576521710184950	-0.0557703	-0.0104856	0.536035
1399576521727172496	-0.0557855	-0.0104933	0.535928
1399576521762163999	-0.0557768	-0.0104959	0.535725
1399576521837139769	-0.0557788	-0.0104816	0.535592
1399576521854161163	-0.0557486	-0.01046	0.535417
1399576521916160726	-0.0557535	-0.010463	0.535324
1399576521934107683	-0.0557586	-0.010474	0.535317
1399576521950089582	-0.0557631	-0.0104891	0.535409
1399576522076127067	-0.0557592	-0.0105037	0.535511
1399576522116021023	-0.0557695	-0.0105496	0.535565
1399576522182111293	-0.0557441	-0.0105841	0.535611
1399576522198021079	-0.0557531	-0.0105875	0.535566
1399576522214988516	-0.0557488	-0.0105911	0.535441
1399576522234020587	-0.0557763	-0.0105942	0.535305
1399576522280982761	-0.0557721	-0.0106155	0.535318
1399576522307981980	-0.0557864	-0.0106368	0.535429
1399576522402943762	-0.0557644	-0.0106759	0.535597
1399576522418921638	-0.055776	-0.0107019	0.535775
1399576522441872389	-0.0557819	-0.010728	0.535727
1399576522484842678	-0.0557688	-0.0107633	0.535701
1399576522505807108	-0.055783	-0.0108109	0.535595
1399576522599746104	-0.0558032	-0.0108261	0.535412
1399576522616743163	-0.0558208	-0.0108561	0.535285
1399576522633784637	-0.0558037	-0.0108764	0.535171
1399576522740671646	-0.0557899	-0.0108967	0.535082
1399576522757705650	-0.0557593	-0.0109211	0.534952
1399576522774698549	-0.0557654	-0.0109343	0.534855
1399576522790675137	-0.055766	-0.0109198	0.534765
1399576522914586349	-0.0557777	-0.0109178	0.534887
1399576522931628329	-0.0557606	-0.0109429	0.53499
1399576522973543747	-0.0557556	-0.010945	0.535071
1399576522995575551	-0.0557496	-0.0109654	0.535087
1399576523012543259	-0.0557703	-0.0109749	0.53513
1399576523046584153	-0.055803	-0.0109862	0.535012
1399576523126572523	-0.0557918	-0.0109834	0.534912
1399576523167500516	-0.0557804	-0.0109755	0.534756
1399576523195508453	-0.0557742	-0.0109863	0.534562
1399576523211474327	-0.0557825	-0.010995	0.534365
1399576523281495674	-0.0557703	-0.0110036	0.534354
1399576523302419045	-0.0557605	-0.0109884	0.534372
1399576523321495835	-0.0557638	-0.0109635	0.534476
1399576523368478843	-0.0557871	-0.0109757	0.534638
1399576523441419619	-0.0558061	-0.0110003	0.534813
1399576523458419981	-0.0558264	-0.0109739	0.534884
1399576523475345296	-0.0558739	-0.0109964	0.535039
1399576523507393419	-0.0558465	-0.0110046	0.535089
1399576523578353214	-0.0558394	-0.0109965	0.535154
1399576523603358788	-0.0558421	-0.0109652	0.535214
1399576523629362191	-0.0558256	-0.010952	0.535248
1399576523721290708	-0.0558395	-0.0109521	0.535315
1399576523738245302	-0.0558596	-0.0109397	0.535306
1399576523756277687	-0.0558349	-0.010934	0.535229
1399576523811259513	-0.055834	-0.0109403	0.53516
1399576523845242235	-0.0558473	-0.0109419	0.535263
1399576523886268053	-0.0558335	-0.0109476	0.535347
1399576523965198136	-0.055823	-0.0109544	0.535437
1399576523982204175	-0.0558131	-0.0109597	0.535462
1399576524040178220	-0.05583	-0.0109461	0.535521
1399576524057182061	-0.0558067	-0.0109543	0.535661
1399576524121186234	-0.0558124	-0.0109416	0.535785
1399576524139105008	-0.0557911	-0.0109304	0.535864
1399576524156127893	-0.0558146	-0.0109636	0.535913
1399576524246097210	-0.0558052	-0.0109793	0.536024
1399576524299049943	-0.0557886	-0.0110418	0.536244
1399576524325011277	-0.0557981	-0.0110767	0.536268
1399576524347008224	-0.0557789	-0.0110727	0.536223
1399576524435964198	-0.0557739	-0.0110638	0.536211
1399576524481996470	-0.0558176	-0.0110563	0.535938
1399576524507958122	-0.0558579	-0.0110395	0.535528
1399576524547920228	-0.0558673	-0.0110362	0.535406
1399576524647898960	-0.0559013	-0.0110548	0.535332
1399576524671851065	-0.055927	-0.0110831	0.535209
1399576524720836230	-0.0559773	-0.0111161	0.535105
1399576524737823393	-0.0560145	-0.0111124	0.53503
1399576524803821141	-0.0559944	-0.0111416	0.53496
1399576524820788624	-0.0560164	-0.0111702	0.534868
1399576524837762801	-0.0560245	-0.0112048	0.535012
1399576524945838792	-0.0560191	-0.0112371	0.535116
1399576524962888886	-0.0559922	-0.0112527	0.53527
1399576524979834588	-0.0559756	-0.0112632	0.535419
1399576524995864774	-0.0559629	-0.0112919	0.53556
1399576525119790006	-0.0559267	-0.0113367	0.535528
1399576525136820184	-0.0559246	-0.0113646	0.53552
1399576525189793620	-0.0559346	-0.0114019	0.535533
1399576525205809041	-0.0559457	-0.0114117	0.535552
1399576525222807116	-0.0559631	-0.0114065	0.535564
1399576525282698089	-0.0559868	-0.0114088	0.535709
1399576525308605034	-0.056018	-0.0114377	0.535876
1399576525354649002	-0.0560002	-0.0114313	0.535976
1399576525370675135	-0.0559748	-0.0114233	0.536067
1399576525438802794	-0.0559656	-0.0114273	0.536184
1399576525454572191	-0.0559356	-0.0114204	0.536097
1399576525482685851	-0.0559219	-0.0113948	0.536043
1399576525553628329	-0.0559301	-0.0113825	0.535896
1399576525596476161	-0.0559456	-0.0113752	0.535705
1399576525613480613	-0.0559621	-0.0113549	0.53554
1399576525630438893	-0.0559975	-0.0113284	0.535347
1399576525718525713	-0.0560071	-0.0113392	0.535204
1399576525735553890	-0.056003	-0.0113542	0.535095
1399576525785504873	-0.0560079	-0.0113638	0.535023
1399576525809462377	-0.0559904	-0.0113765	0.535003
1399576525836316705	-0.0560009	-0.0113729	0.534902
1399576525913469401	-0.055967	-0.0113854	0.534807
1399576525935463756	-0.0559425	-0.0113716	0.534847
1399576525972429601	-0.0559084	-0.0113663	0.534943
1399576526015306381	-0.0559132	-0.0113819	0.535082
1399576526078370230	-0.055903	-0.0113667	0.535189
1399576526095404163	-0.0558727	-0.0113651	0.535285
1399576526174312260	-0.0558589	-0.0113888	0.535423
1399576526191308014	-0.0558562	-0.0114104	0.53561
1399576526244303263	-0.0558325	-0.011425	0.535808
1399576526261189660	-0.0558288	-0.0114438	0.53582
1399576526282319867	-0.055807	-0.0114272	0.535867
1399576526311319391	-0.0557965	-0.0114154	0.535883
1399576526394294986	-0.0558032	-0.0114349	0.535893
1399576526411191365	-0.0558047	-0.0114448	0.535944
1399576526456164235	-0.0558236	-0.0114603	0.536031
1399576526478154701	-0.0558369	-0.0114649	0.53612
1399576526507200086	-0.0558407	-0.011489	0.536186
1399576526548087394	-0.0558562	-0.0114722	0.536248
1399576526646194681	-0.0558544	-0.01146	0.536331
1399576526692176472	-0.055848	-0.0115018	0.536448
1399576526726092271	-0.0558268	-0.0115526	0.536452
1399576526762989999	-0.0558243	-0.0115548	0.536077
1399576526794092047	-0.0558303	-0.0115439	0.535737
1399576526910009837	-0.0558448	-0.0115031	0.535594
1399576526949992157	-0.0558196	-0.0115147	0.535487
1399576526967988867	-0.0558112	-0.0115276	0.535351
1399576526989918073	-0.0558054	-0.0115096	0.535205
1399576527006826286	-0.0558022	-0.0115075	0.535105
1399576527033989588	-0.0558021	-0.0114969	0.53493
1399576527143902937	-0.05578	-0.0114907	0.534743
1399576527159891284	-0.0557705	-0.0114799	0.534616
1399576527177804587	-0.0557692	-0.0115173	0.534548
1399576527194851805	-0.055817	-0.011558	0.534517
1399576527277905621	-0.0558445	-0.011572	0.534316
1399576527305768461	-0.0558877	-0.0115734	0.534142
1399576527351731646	-0.0558924	-0.0115744	0.533984
1399576527367718968	-0.0558641	-0.0116013	0.533818
1399576527388777064	-0.0558447	-0.0116114	0.53372
1399576527445792139	-0.0558049	-0.0116362	0.533702
1399576527478712957	-0.0557809	-0.0116481	0.533702
1399576527575703365	-0.0558001	-0.0116567	0.533744
1399576527592666101	-0.0558206	-0.0116202	0.533808
1399576527608705751	-0.0558321	-0.0116321	0.533888
1399576527644644118	-0.0558498	-0.0115804	0.533928
1399576527751646877	-0.0558395	-0.0115551	0.533944
1399576527768566141	-0.0558579	-0.0115487	0.534098
1399576527820409084	-0.0558676	-0.0115652	0.534421
1399576527837340107	-0.0558859	-0.0115535	0.534711
1399576527867405154	-0.0559625	-0.0115827	0.534422
1399576527961376469	-0.0559944	-0.0115857	0.534363
1399576528002313914	-0.0560136	-0.0115927	0.534312
1399576528020320244	-0.0560403	-0.0116028	0.534253
1399576528036269597	-0.0560398	-0.0115857	0.534325
1399576528116254624	-0.0560699	-0.011584	0.534409
1399576528134249480	-0.0560812	-0.0115786	0.534403
1399576528150218254	-0.0560953	-0.0115791	0.534383
1399576528203202145	-0.0561329	-0.0115564	0.534379
1399576528234249077	-0.0561368	-0.0115386	0.534373
1399576528290240054	-0.0561556	-0.0115532	0.534377
1399576528322215907	-0.0562034	-0.0115689	0.534333
1399576528393170939	-0.0561812	-0.0115767	0.53425
1399576528436133354	-0.0561984	-0.0116171	0.534189
1399576528453131012	-0.0562132	-0.011642	0.534081
1399576528477129105	-0.0561931	-0.0116559	0.534006
1399576528506154204	-0.056161	-0.0116659	0.533923
1399576528546131548	-0.0561327	-0.0116432	0.533867
1399576528644118734	-0.0561366	-0.0116442	0.533845
1399576528691024849	-0.0561433	-0.0116367	0.533978
1399576528709063177	-0.0561209	-0.0116413	0.534092
1399576528725022463	-0.0560922	-0.0116442	0.534293
1399576528761030289	-0.0560754	-0.0116577	0.534533
1399576528792011565	-0.0560454	-0.011678	0.534766
1399576528895973753	-0.0560279	-0.0116909	0.534647
1399576528913929572	-0.0559965	-0.0116956	0.534606
1399576528929990032	-0.0559962	-0.0117199	0.534466
1399576528963898488	-0.0560105	-0.0117247	0.534338
1399576528993900271	-0.0560141	-0.0117291	0.534246
1399576529033886552	-0.0560265	-0.0117535	0.534421
1399576529091851145	-0.0560209	-0.0117566	0.534591
1399576529127890585	-0.0560381	-0.0117927	0.534802
1399576529162773845	-0.0560216	-0.0117714	0.535066
1399576529232795991	-0.0560099	-0.0117765	0.535322
1399576529249758856	-0.0560107	-0.0118147	0.535342
1399576529346792471	-0.0559723	-0.0118407	0.535678
1399576529385713615	-0.0559978	-0.0118453	0.535857
1399576529483720164	-0.0560127	-0.0118676	0.535927
1399576529507623549	-0.0560237	-0.011874	0.536009
1399576529564588384	-0.0560303	-0.0119106	0.535776
1399576529643665072	-0.0560178	-0.0119255	0.535661
1399576529660589083	-0.0560012	-0.0119544	0.535663
1399576529676523136	-0.0559743	-0.0119643	0.535652
1399576529786558643	-0.0559516	-0.0119373	0.535635
1399576529802545436	-0.0559377	-0.0119282	0.53562
1399576529829521547	-0.0559345	-0.011933	0.535619
1399576529845541698	-0.0559507	-0.0119131	0.535517
1399576529874465396	-0.0559537	-0.011921	0.535475
1399576529960492394	-0.055974	-0.0119108	0.535369
1399576530000415307	-0.055992	-0.0118656	0.535244
1399576530018488064	-0.0559769	-0.0118514	0.535161
1399576530035381724	-0.0559545	-0.011837	0.534933
1399576530071413846	-0.0559362	-0.0118065	0.534757
1399576530171399783	-0.0559403	-0.0118005	0.534683
1399576530211397140	-0.0559432	-0.0117935	0.534711
1399576530229309989	-0.0559501	-0.0117915	0.534746
1399576530251320941	-0.055944	-0.0117908	0.534644
1399576530302336369	-0.0559577	-0.0118101	0.534553
1399576530323307585	-0.0559624	-0.0118094	0.534521
1399576530391324010	-0.0559511	-0.01186	0.534544
1399576530434241699	-0.0559276	-0.0118768	0.534574
1399576530451204147	-0.0559143	-0.0118939	0.534572
1399576530475285963	-0.0559371	-0.0119073	0.53458
1399576530507220134	-0.0559345	-0.0119354	0.534587
1399576530601166664	-0.0559751	-0.0119428	0.534627
1399576530644210005	-0.0559726	-0.0119449	0.534651
1399576530662177406	-0.0559813	-0.0119316	0.534525
1399576530678186366	-0.0560065	-0.0119163	0.534445
1399576530752105448	-0.0560219	-0.0119187	0.534375
1399576530775081251	-0.0560209	-0.0119261	0.534322
1399576530812104454	-0.0560245	-0.0119257	0.534305
1399576530854089827	-0.0560297	-0.0119169	0.53413
1399576530874044030	-0.0560323	-0.011933	0.533977
1399576530957057339	-0.0560138	-0.01198	0.53387
1399576530975034627	-0.0559999	-0.0120147	0.53381
1399576530990970885	-0.0559946	-0.0120646	0.533788
1399576531102938040	-0.0560008	-0.0120978	0.533728
1399576531120951811	-0.0560299	-0.0121376	0.533697
1399576531137964941	-0.0560259	-0.0121268	0.533646
1399576531153893195	-0.0560153	-0.0121	0.533625
1399576531231008214	-0.0560429	-0.0120898	0.533608
1399576531247903953	-0.0560595	-0.0120898	0.53356
1399576531294877767	-0.0560513	-0.0120911	0.533506
1399576531314827901	-0.0560373	-0.0120803	0.533444
1399576531395800595	-0.0560223	-0.0120915	0.53339
1399576531412806918	-0.0559963	-0.0120915	0.533361
1399576531482780104	-0.0559707	-0.0120963	0.533465
1399576531528720916	-0.0559443	-0.0120921	0.533585
1399576531555693694	-0.0558929	-0.0121353	0.533762
1399576531640787422	-0.0558775	-0.0121629	0.533856
1399576531656767211	-0.0558677	-0.0121927	0.533973
1399576531673699474	-0.0558851	-0.0122054	0.534089
1399576531727667446	-0.0558906	-0.01222	0.534193
1399576531793651484	-0.0558829	-0.012272	0.53424
1399576531811631784	-0.055858	-0.012306	0.534314
1399576531828628762	-0.0558567	-0.0123391	0.53424
1399576531918624072	-0.0558417	-0.0123651	0.534182
1399576531968550160	-0.0558367	-0.0123933	0.533928
1399576532008551585	-0.0558377	-0.0124022	0.53382
1399576532035466240	-0.0558385	-0.0123876	0.533578
1399576532112469074	-0.055863	-0.0123704	0.533401
1399576532135460444	-0.055871	-0.0123549	0.533293
1399576532183470846	-0.055884	-0.0123405	0.53324
1399576532199426922	-0.0559189	-0.0123327	0.533174
1399576532227426839	-0.0559591	-0.0123331	0.533044
1399576532275380854	-0.0559931	-0.012327	0.532954
1399576532324357415	-0.0560062	-0.0123519	0.532855
1399576532428348024	-0.0559946	-0.0123584	0.532818
1399576532450326061	-0.0560125	-0.0123819	0.532783
1399576532466331017	-0.0560033	-0.0123941	0.532675
1399576532487338362	-0.0559913	-0.0124048	0.532591
1399576532522330648	-0.0560103	-0.012413	0.532539
1399576532592231588	-0.0560209	-0.0124119	0.532525
1399576532635227096	-0.0560245	-0.0124258	0.53249
1399576532652186520	-0.0560564	-0.0124547	0.532701
1399576532669219333	-0.0560731	-0.0124735	0.532914
1399576532793389336	-0.0560617	-0.0124988	0.532972
1399576532810403022	-0.0560638	-0.0124964	0.532941
1399576532862389173	-0.0560662	-0.0124603	0.532898
1399576532878335608	-0.0560701	-0.012463	0.532819
1399576532895180473	-0.0560735	-0.0124473	0.53276
1399576532912375589	-0.0560807	-0.0124493	0.532674
1399576533003293483	-0.0560581	-0.0124561	0.532582
1399576533020110458	-0.0560417	-0.0124517	0.532494
1399576533062167460	-0.0560464	-0.0124785	0.53246
1399576533085304094	-0.0560329	-0.0124793	0.532475
1399576533159164225	-0.0560403	-0.0124932	0.53249
1399576533176253113	-0.0560556	-0.0124873	0.532522
1399576533193118224	-0.0560839	-0.0125017	0.532576
1399576533305192126	-0.0560935	-0.0125059	0.532464
1399576533326122319	-0.0560858	-0.0124917	0.532394
1399576533345100525	-0.0560868	-0.0124986	0.532308
1399576533362063234	-0.0561077	-0.0125111	0.532185
1399576533433108177	-0.0561256	-0.0125057	0.532073
1399576533449166804	-0.0561196	-0.0124996	0.532059
1399576533494956775	-0.0560983	-0.0125042	0.532032
1399576533517055452	-0.0561039	-0.0125246	0.532038
1399576533546093476	-0.056083	-0.0125388	0.532052
1399576533585933350	-0.056074	-0.0125472	0.532064
1399576533685040924	-0.0560679	-0.0125531	0.53201
1399576533730946131	-0.0560664	-0.0125802	0.531985
1399576533764963764	-0.0560207	-0.0126065	0.531901
1399576533843894031	-0.0560084	-0.0126227	0.53188
1399576533860860966	-0.0560046	-0.012628	0.531915
1399576533876871050	-0.0559977	-0.0126088	0.531942
1399576533939890076	-0.0559907	-0.0126108	0.531899
1399576534000841366	-0.0559837	-0.0125807	0.531818
1399576534018813893	-0.0559795	-0.0126095	0.531754
1399576534034734029	-0.0559681	-0.0126253	0.531768
1399576534110820597	-0.0559796	-0.012655	0.531754
1399576534164647908	-0.0559864	-0.0126743	0.531666
1399576534204795162	-0.0559859	-0.0126916	0.531605
1399576534225743868	-0.0559811	-0.0126624	0.531522
1399576534317713805	-0.0559684	-0.0126896	0.5315
1399576534340617142	-0.0559922	-0.0127015	0.531552
1399576534390561569	-0.0560161	-0.0127102	0.531678
1399576534406650567	-0.0560477	-0.0127084	0.531786
1399576534432568080	-0.0560626	-0.0127247	0.531679
1399576534485562980	-0.0560575	-0.0127353	0.531603
1399576534518547488	-0.056089	-0.0127233	0.531519
1399576534615548105	-0.0560731	-0.0126984	0.5314
1399576534632361338	-0.0560597	-0.012675	0.531326
1399576534648392586	-0.0560662	-0.0126644	0.531288
1399576534684431703	-0.056047	-0.0126302	0.531247
1399576534714447360	-0.0560289	-0.0126099	0.531275
1399576534754302317	-0.0560156	-0.0126123	0.53129
1399576534846372604	-0.0560139	-0.0126225	0.531304
1399576534869331970	-0.0560149	-0.012634	0.531264
1399576534885250796	-0.0560271	-0.0126304	0.531194
1399576534914315287	-0.0560223	-0.0126257	0.531121
1399576534957242619	-0.0560226	-0.0126504	0.531063
1399576535036252703	-0.0560442	-0.0126518	0.530995
1399576535052291695	-0.0560831	-0.0126772	0.531069
1399576535116182764	-0.0560823	-0.0127068	0.531155
1399576535132221544	-0.0560981	-0.0127262	0.531188
1399576535166259423	-0.0560901	-0.0127171	0.531174
1399576535193187125	-0.0560916	-0.0127322	0.531186
1399576535244265105	-0.0561158	-0.0127499	0.531306
1399576535273171307	-0.05611	-0.0127432	0.531452
1399576535326200378	-0.0561202	-0.0127439	0.531576
1399576535361128421	-0.0561291	-0.0127554	0.531639
1399576535432112915	-0.0561224	-0.0127486	0.531716
1399576535474111130	-0.0561283	-0.012723	0.53191
1399576535501120404	-0.0561306	-0.0127146	0.532051
1399576535517977765	-0.0561281	-0.0126825	0.532196
1399576535632152387	-0.0560881	-0.0126632	0.532359
1399576535649070007	-0.0560891	-0.0126486	0.532528
1399576535665943070	-0.056061	-0.0126403	0.532844
1399576535713905895	-0.056025	-0.0126566	0.533127
1399576535729893237	-0.0560122	-0.0126494	0.533187
1399576535756826764	-0.0560402	-0.0126476	0.53305
1399576535841989472	-0.0560042	-0.0126481	0.532926
1399576535858951862	-0.0559838	-0.0126498	0.532796
1399576535920891897	-0.0559671	-0.0126366	0.532694
1399576535937857175	-0.0559682	-0.012661	0.532743
1399576535996039682	-0.0559499	-0.0126747	0.532854
1399576536013834186	-0.0559425	-0.0127058	0.532986
1399576536030887443	-0.055953	-0.0127381	0.533164
1399576536155665506	-0.0559494	-0.01278	0.533333
1399576536195609514	-0.055946	-0.0127827	0.533439
1399576536213571756	-0.0559411	-0.0127806	0.533527
1399576536235569491	-0.0559362	-0.0127868	0.533607
1399576536252513711	-0.0559395	-0.0127911	0.533544
1399576536289534032	-0.0559498	-0.0127731	0.533522
1399576536354645254	-0.0559203	-0.0127816	0.533512
1399576536371640439	-0.0559182	-0.0127771	0.533559
1399576536438591018	-0.0559364	-0.0127903	0.533619
1399576536455636604	-0.0559418	-0.0127901	0.533786
1399576536524624223	-0.055927	-0.0127958	0.533966
1399576536547622670	-0.0559377	-0.0128121	0.534107
1399576536605610943	-0.0559953	-0.0128087	0.534353
1399576536684531064	-0.0559921	-0.0128076	0.534533
1399576536700417703	-0.05599	-0.0128038	0.534679
1399576536717421535	-0.0559835	-0.0128042	0.534866
1399576536825423106	-0.0559866	-0.0128295	0.535123
1399576536842234255	-0.0560037	-0.0128599	0.535354
1399576536859406026	-0.0560194	-0.0128701	0.535314
1399576536876356606	-0.0560445	-0.0129125	0.535319
1399576536953324949	-0.0560729	-0.0129043	0.535336
1399576536976279185	-0.0560682	-0.0129222	0.535329
1399576537006406168	-0.056068	-0.0129352	0.535327
1399576537027324982	-0.0560756	-0.0129258	0.53509
1399576537114289086	-0.0560868	-0.0129258	0.534935
1399576537131285096	-0.0561013	-0.01294	0.534701
1399576537210266731	-0.0561042	-0.012932	0.534484
1399576537251272377	-0.0561243	-0.0129388	0.534262
1399576537268331164	-0.0561213	-0.0129497	0.534079
1399576537293346184	-0.0561334	-0.0129513	0.533928
1399576537325100009	-0.0561704	-0.012947	0.533842
1399576537360077536	-0.0561844	-0.0129745	0.533802
1399576537430228978	-0.0562232	-0.0130085	0.533771
1399576537473126698	-0.0562472	-0.0130319	0.533645
1399576537499175949	-0.056252	-0.0130647	0.53359
1399576537516141261	-0.0562773	-0.0130739	0.533494
1399576537630065800	-0.0562797	-0.0130777	0.533365
1399576537648198123	-0.056284	-0.0130876	0.533273
1399576537690098043	-0.0563017	-0.0130905	0.53326
1399576537712098796	-0.0563134	-0.0131262	0.533229
1399576537727970294	-0.0563269	-0.0131453	0.533234
1399576537755055330	-0.0563241	-0.0131524	0.533197
1399576537839891954	-0.056306	-0.0131732	0.533196
1399576537857869776	-0.0562692	-0.013191	0.533298
1399576537899832460	-0.0562464	-0.0131996	0.533416
1399576537915801483	-0.056226	-0.013197	0.533501
1399576537998757046	-0.0562217	-0.013173	0.533595
1399576538015757850	-0.0562021	-0.0131418	0.533675
1399576538032750842	-0.0561712	-0.013139	0.533726
1399576538141740009	-0.0561373	-0.0131518	0.533769
1399576538160755699	-0.0561253	-0.0131344	0.533723
1399576538176667701	-0.0560967	-0.0131006	0.533566
1399576538210636865	-0.0561234	-0.0131034	0.533495
1399576538244609683	-0.0561009	-0.0131201	0.533397
1399576538285587560	-0.0560952	-0.0131068	0.533348
1399576538339589754	-0.0560996	-0.0130965	0.533348
1399576538355588215	-0.0561033	-0.0130793	0.533441
1399576538385603892	-0.0561123	-0.0130645	0.533545
1399576538480521729	-0.0560933	-0.0130334	0.53353
1399576538496549020	-0.0560958	-0.0129888	0.533504
1399576538604396526	-0.0560785	-0.0129905	0.533477
1399576538620455237	-0.0560317	-0.0130006	0.533439
1399576538644423667	-0.0560174	-0.0130022	0.533435
1399576538661378875	-0.0559952	-0.0129851	0.533288
1399576538680353357	-0.0559959	-0.012984	0.533209
1399576538710392621	-0.0560079	-0.0129952	0.533052
1399576538773351633	-0.0560096	-0.0129851	0.53286
1399576538834265472	-0.056011	-0.0129731	0.532695
1399576538852258802	-0.0560212	-0.0129914	0.532727
1399576538869236625	-0.0560292	-0.0130138	0.532789
1399576538994295629	-0.0560211	-0.0130172	0.532743
1399576539034225936	-0.0560105	-0.0130058	0.532695
1399576539100219850	-0.0559994	-0.013006	0.532652
1399576539116222682	-0.055987	-0.0129952	0.53285
1399576539133197906	-0.0559764	-0.0129966	0.533031
1399576539151210933	-0.0559914	-0.0129999	0.533127
1399576539175084304	-0.0559595	-0.0129888	0.5331
1399576539231157401	-0.0559503	-0.0129813	0.533082
1399576539248138620	-0.0559205	-0.0129617	0.533071
1399576539268199483	-0.0559104	-0.0129726	0.533044
1399576539362200821	-0.0559193	-0.0129482	0.532935
1399576539380067805	-0.055933	-0.0129238	0.532834
1399576539439067409	-0.0559586	-0.0129232	0.532687
1399576539455109458	-0.0559694	-0.0129075	0.532636
1399576539479022647	-0.0559886	-0.0128893	0.5326
1399576539531939322	-0.0560075	-0.0128918	0.532666
1399576539563993350	-0.056001	-0.0128868	0.532817
1399576539637967110	-0.0560007	-0.0128869	0.532953
1399576539680963620	-0.0560203	-0.0128996	0.53291
1399576539697930570	-0.056003	-0.0129177	0.532884
1399576539714893716	-0.0560162	-0.0129078	0.532783
1399576539745931755	-0.0560286	-0.0128952	0.532622
1399576539838897848	-0.0561185	-0.0128923	0.532504
1399576539878861201	-0.0561589	-0.0128693	0.532481
1399576539897085071	-0.0562127	-0.0128687	0.532489
1399576539913998159	-0.056257	-0.012915	0.532416
1399576539996087328	-0.0562274	-0.0129461	0.532278
1399576540013923767	-0.0562196	-0.0129966	0.532167
1399576540042988817	-0.0562135	-0.0130074	0.532159
1399576540175768369	-0.0562024	-0.0130184	0.532151
1399576540191863546	-0.0562057	-0.013032	0.532141
1399576540208891146	-0.0562176	-0.0130332	0.532114
1399576540230893640	-0.0562001	-0.013018	0.532114
1399576540246857049	-0.0561584	-0.0130129	0.532125
1399576540320880750	-0.0561286	-0.0130185	0.532161
1399576540342813809	-0.0561409	-0.013031	0.532095
1399576540359794903	-0.0561293	-0.0130129	0.532008
1399576540471808088	-0.0561296	-0.0129997	0.531993
1399576540487606564	-0.0561272	-0.0130345	0.532075
1399576540504606560	-0.0561213	-0.0130642	0.532176
1399576540598559456	-0.0561137	-0.0130599	0.532225
1399576540614529022	-0.056128	-0.0130526	0.532287
1399576540631514772	-0.0561136	-0.0130741	0.532367
1399576540647659707	-0.0561056	-0.0131247	0.532457
1399576540682683451	-0.056119	-0.0131371	0.532522
1399576540810544855	-0.0561414	-0.0131195	0.532593
1399576540844564999	-0.0561484	-0.0131096	0.532563
1399576540871570112	-0.0561211	-0.0130963	0.532549
1399576540906554018	-0.0561505	-0.0130932	0.532475
1399576540965522835	-0.0561404	-0.0130799	0.532347
1399576540998459421	-0.0561513	-0.0130704	0.532238
1399576541069502594	-0.0561315	-0.0130647	0.532253
1399576541086460678	-0.0561318	-0.0130366	0.532253
1399576541154497681	-0.0561275	-0.0130386	0.532216
1399576541201398327	-0.0561425	-0.0130208	0.532152
1399576541226392821	-0.0561321	-0.0130361	0.53197
1399576541269283689	-0.0561346	-0.0130598	0.531878
1399576541364403573	-0.0561233	-0.0130649	0.5318
1399576541388378537	-0.0561126	-0.0130833	0.531806
1399576541445320084	-0.0560686	-0.0130421	0.531553
1399576541524248623	-0.0560368	-0.0130303	0.531381
1399576541540313283	-0.0560139	-0.0130449	0.53127
1399576541556289365	-0.0560069	-0.0130612	0.531193
1399576541664252729	-0.0560117	-0.0130876	0.531104
1399576541681199766	-0.0560053	-0.0131082	0.530928
1399576541698189952	-0.0560013	-0.013095	0.530769
1399576541714167458	-0.055992	-0.0131179	0.530722
1399576541838223188	-0.0559865	-0.0131502	0.530733
1399576541855216693	-0.0559871	-0.0131811	0.530775
1399576541897149773	-0.0559877	-0.0132068	0.530933
1399576541920158827	-0.0560036	-0.0132178	0.531062
1399576541936173507	-0.0559985	-0.0132476	0.531083
1399576541950113999	-0.0560035	-0.01324	0.531014
1399576542050036945	-0.0560047	-0.0132449	0.530947
1399576542089978068	-0.056032	-0.0132707	0.531064
1399576542118013285	-0.056036	-0.0133039	0.531259
1399576542135074894	-0.0560647	-0.013325	0.531398
1399576542165086668	-0.056075	-0.0133422	0.531507
1399576542199070691	-0.0560995	-0.0133423	0.531617
1399576542269012558	-0.05611	-0.0133478	0.531719
1399576542310960373	-0.0561116	-0.0133223	0.531787
1399576542337863443	-0.0561562	-0.0133457	0.531832
1399576542354821987	-0.0561992	-0.0133734	0.531875
1399576542469003735	-0.0562303	-0.0133764	0.531926
1399576542485823908	-0.0562543	-0.0133965	0.531897
1399576542566687827	-0.0563281	-0.0134542	0.531811
1399576542593874027	-0.0563596	-0.0134744	0.531764
1399576542636851661	-0.056344	-0.0134921	0.531822
1399576542689708818	-0.056348	-0.013524	0.531902
1399576542736789082	-0.0563455	-0.013568	0.531933
1399576542752723925	-0.0563185	-0.0135854	0.531943
1399576542834615502	-0.0562836	-0.0135878	0.531948
1399576542852600971	-0.0562551	-0.0136003	0.531921
1399576542869517484	-0.0562639	-0.0136316	0.531948
1399576542981546078	-0.0562605	-0.013648	0.531919
1399576542999540446	-0.0562638	-0.0136282	0.531858
1399576543015528027	-0.0562933	-0.0136254	0.531803
1399576543049465732	-0.056305	-0.0136395	0.531683
1399576543083438309	-0.0563352	-0.0136411	0.531542
1399576543124413588	-0.0563424	-0.0136519	0.531474
1399576543177400309	-0.0563199	-0.0136675	0.531508
1399576543213350023	-0.0563007	-0.013663	0.531559
1399576543244425543	-0.0563026	-0.0136507	0.53162
1399576543322422890	-0.0563022	-0.0136521	0.531668
1399576543341337395	-0.0563182	-0.0136453	0.531696
1399576543434339396	-0.0563061	-0.0136254	0.531717
1399576543450445096	-0.0562891	-0.013615	0.531725
1399576543467259709	-0.0562738	-0.0136137	0.531646
1399576543484269262	-0.0562983	-0.0135934	0.531593
1399576543518306598	-0.0562991	-0.013593	0.53147
1399576543591308662	-0.0562892	-0.0135686	0.531267
1399576543640212927	-0.0562865	-0.0135211	0.531222
1399576543680246098	-0.0562743	-0.0135385	0.531345
1399576543706194542	-0.056248	-0.0135168	0.531437
1399576543834218583	-0.0562334	-0.0135403	0.531506
1399576543875134252	-0.0562451	-0.0135621	0.531615
1399576543892114699	-0.0562569	-0.0136024	0.531845
1399576543915143916	-0.0562352	-0.0136164	0.532049
1399576543931122834	-0.0562483	-0.0136436	0.532177
1399576543966128202	-0.0562091	-0.0136302	0.532285
1399576544046103875	-0.0561926	-0.0136539	0.532381
1399576544086030385	-0.0561566	-0.013641	0.532436
1399576544151004019	-0.056146	-0.013636	0.532491
1399576544168038197	-0.056145	-0.0136228	0.532528
1399576544183958401	-0.0561489	-0.0136214	0.532508
1399576544206990534	-0.0561499	-0.0136357	0.532503
1399576544277990233	-0.0561326	-0.0136579	0.532353
1399576544294028037	-0.0561263	-0.0136652	0.532209
1399576544361905636	-0.0561432	-0.0136798	0.532181
1399576544377946726	-0.0561923	-0.0136687	0.532193
1399576544394901123	-0.0562389	-0.0136531	0.53221
1399576544426944181	-0.0562742	-0.0136575	0.532258
1399576544523830159	-0.0562925	-0.0136698	0.532331
1399576544545843177	-0.0563142	-0.0136676	0.532365
1399576544562813147	-0.0563247	-0.0137082	0.532366
1399576544590756355	-0.0563403	-0.0136981	0.53238
1399576544634794940	-0.0563252	-0.0137101	0.532327
1399576544713693812	-0.0563218	-0.013716	0.532264
1399576544730755180	-0.0563243	-0.0137072	0.532162
1399576544793699035	-0.0563361	-0.0137112	0.532061
1399576544809655658	-0.0563087	-0.0137045	0.531979
1399576544888670923	-0.0562945	-0.0137129	0.531952
1399576544905643401	-0.0562982	-0.0137266	0.531945
1399576544947632681	-0.0562626	-0.0137438	0.531834
1399576544970583065	-0.0562641	-0.0137546	0.531598
1399576545020552138	-0.0562511	-0.0137286	0.531407
1399576545038624353	-0.0562231	-0.0137534	0.531386
1399576545109542699	-0.0562305	-0.0137513	0.531351
1399576545159522222	-0.0562418	-0.0137347	0.531418
1399576545181510431	-0.0562213	-0.0137398	0.531566
1399576545198514398	-0.0562016	-0.013725	0.531694
1399576545310471697	-0.0561855	-0.0137214	0.531704
1399576545329474750	-0.056153	-0.0137407	0.531752
1399576545349395304	-0.0561653	-0.0137183	0.531703
1399576545437407471	-0.0561741	-0.0137084	0.531591
1399576545453412622	-0.0561991	-0.0137093	0.531506
1399576545470406259	-0.0562199	-0.0137005	0.531497
1399576545486371441	-0.0562354	-0.0136938	0.531486
1399576545521370765	-0.0562459	-0.0137173	0.53144
1399576545596311743	-0.0562377	-0.0137127	0.531375
1399576545613324325	-0.0562234	-0.0137151	0.531319
1399576545679307712	-0.056202	-0.0137126	0.531106
1399576545696278579	-0.0562058	-0.0137003	0.530915
1399576545713243082	-0.0562222	-0.0136831	0.530827
1399576545835268252	-0.0562218	-0.0136502	0.53081
1399576545876157259	-0.0562471	-0.0136318	0.530823
1399576545893229700	-0.0562757	-0.0136229	0.530662
1399576545916184965	-0.0562779	-0.0136103	0.530496
1399576545932219315	-0.0562584	-0.0135893	0.530375
1399576545967098075	-0.0562565	-0.0135801	0.530239
1399576546034150322	-0.0562288	-0.0135485	0.530175
1399576546051105886	-0.0562088	-0.0135323	0.530149
1399576546076068366	-0.0561916	-0.0135253	0.530169
1399576546116155097	-0.0562076	-0.0134888	0.53014
1399576546204161832	-0.0561942	-0.0134894	0.530121
1399576546228065683	-0.0561672	-0.0135064	0.530136
1399576546276971286	-0.0561712	-0.0134944	0.530047
1399576546293958153	-0.0561779	-0.01348	0.529973
1399576546361078801	-0.0561608	-0.0134659	0.530015
1399576546377989649	-0.0561739	-0.013481	0.530099
1399576546393968094	-0.0562219	-0.0135104	0.530186
1399576546501903361	-0.0562663	-0.0135219	0.530092
1399576546518945169	-0.0562794	-0.01354	0.530066
1399576546534896970	-0.0563071	-0.0135459	0.52997
1399576546551910567	-0.0563272	-0.0135379	0.529885
1399576546675873641	-0.0563263	-0.0135468	0.529859
1399576546692851781	-0.0563249	-0.0135257	0.529774
1399576546744826614	-0.0563346	-0.0135164	0.529687
1399576546761824856	-0.0563369	-0.013527	0.529631
1399576546777782991	-0.0563487	-0.0135214	0.529591
1399576546796782240	-0.0563497	-0.0134635	0.529539
1399576546888812645	-0.0563671	-0.0134519	0.529498
1399576546928712575	-0.0564109	-0.0134268	0.529498
1399576546946722863	-0.0564051	-0.013425	0.529666
1399576546968697252	-0.056413	-0.0134485	0.529985
1399576547018668900	-0.0563734	-0.013447	0.530294
1399576547037705423	-0.0563379	-0.0134591	0.530549
1399576547108664237	-0.0562919	-0.0134642	0.530741
1399576547150639440	-0.0562795	-0.0134931	0.530858
1399576547177585135	-0.0562796	-0.0135189	0.530916
1399576547194610054	-0.0562896	-0.0135544	0.530994
1399576547308553803	-0.0562955	-0.013559	0.530717
1399576547329541329	-0.0563032	-0.0135856	0.530531
1399576547413515232	-0.056294	-0.0136023	0.530387
1399576547430471210	-0.0562994	-0.0136149	0.530316
1399576547446474704	-0.0563073	-0.0136349	0.530263
1399576547465503526	-0.0563343	-0.0136524	0.530263
1399576547483394027	-0.0563582	-0.0136518	0.530296
1399576547564391655	-0.056342	-0.0136808	0.530225
1399576547586346755	-0.0563465	-0.0137062	0.530178
1399576547630470173	-0.0563333	-0.0137257	0.530124
1399576547686326364	-0.0563099	-0.0137424	0.530062
1399576547717347960	-0.0563067	-0.0137394	0.530004
1399576547834410907	-0.0562821	-0.0137684	0.529913
1399576547851497370	-0.05625	-0.0137813	0.529853
1399576547867300844	-0.0562443	-0.0137825	0.52977
1399576547891313438	-0.0562365	-0.0137853	0.529709
1399576547907329286	-0.0562145	-0.0137893	0.529632
1399576548045327105	-0.0562052	-0.0137982	0.529604
1399576548085298016	-0.0562161	-0.0137959	0.529575
1399576548103296311	-0.056201	-0.0138054	0.5295
1399576548125289704	-0.0562066	-0.0138123	0.529422
1399576548142242618	-0.0561983	-0.0138573	0.529374
1399576548197266403	-0.0562227	-0.0138801	0.529372
1399576548291155284	-0.056211	-0.0138844	0.529368
1399576548307300363	-0.0562019	-0.0139193	0.529723
1399576548333245555	-0.056221	-0.0139648	0.530043
1399576548352073494	-0.0561952	-0.0140003	0.530299
1399576548465177698	-0.0561696	-0.0140037	0.530531
1399576548505005558	-0.0561702	-0.0139989	0.530677
1399576548523097279	-0.0561815	-0.0140129	0.530833
1399576548546150537	-0.0561946	-0.0140432	0.530982
1399576548562184632	-0.0561617	-0.0140486	0.531142
1399576548588048857	-0.0561451	-0.0140618	0.531341
1399576548662098379	-0.0561575	-0.0140869	0.531278
1399576548685143065	-0.056175	-0.0140811	0.531256
1399576548723090995	-0.0561808	-0.014071	0.531388
1399576548790969044	-0.0561511	-0.0141004	0.531566
1399576548807048355	-0.0561499	-0.01412	0.531729
1399576548849847761	-0.0561192	-0.0141271	0.531853
1399576548989964883	-0.0560983	-0.0141598	0.532068
1399576549006801298	-0.0561048	-0.0141814	0.532178
1399576549022875888	-0.0561167	-0.0142012	0.532284
1399576549045893813	-0.056125	-0.0142115	0.532421
1399576549116861948	-0.0561265	-0.0142315	0.532556
1399576549133807261	-0.0561401	-0.0142509	0.532654
1399576549199871660	-0.0561539	-0.0142509	0.532721
1399576549216816188	-0.0561629	-0.0142675	0.532814
1399576549232853379	-0.0561644	-0.0142819	0.532808
1399576549317720577	-0.0561755	-0.0143133	0.53283
1399576549360750502	-0.0561917	-0.0143707	0.532865
1399576549382746123	-0.0561702	-0.0143891	0.532889
1399576549399685164	-0.0561534	-0.0144001	0.532894
1399576549426595931	-0.0561636	-0.0143997	0.532762
1399576549466719070	-0.0561509	-0.0143952	0.532699
1399576549545652790	-0.0561503	-0.0143911	0.532755
1399576549569551476	-0.0561536	-0.0143909	0.532886
1399576549596664552	-0.0561266	-0.0143854	0.532974
1399576549632607475	-0.0561395	-0.0143894	0.533178
1399576549723603546	-0.0561193	-0.0143926	0.533339
1399576549740609580	-0.0561169	-0.0143733	0.533457
1399576549792582033	-0.0561081	-0.014362	0.533554
1399576549809510517	-0.0561094	-0.0143784	0.533633
1399576549880525115	-0.0560971	-0.0143831	0.533463
1399576549898497786	-0.0560966	-0.0143665	0.533313
1399576549914427477	-0.0560822	-0.0143416	0.533273
1399576550026409882	-0.0560902	-0.0143549	0.533309
1399576550044477916	-0.0560704	-0.014365	0.533332
1399576550061436475	-0.0560608	-0.0143665	0.533068
1399576550078316022	-0.0560446	-0.0143699	0.532873
1399576550104392265	-0.0560424	-0.0143545	0.53267
1399576550149329504	-0.0560265	-0.0143497	0.532474
1399576550215259242	-0.0560213	-0.0143387	0.532305
1399576550231227617	-0.0559767	-0.0143281	0.532183
1399576550321201884	-0.0559442	-0.0143006	0.53207
1399576550340186341	-0.0559672	-0.0142816	0.532004
1399576550404216927	-0.0559608	-0.0142957	0.531965
1399576550451014441	-0.0559586	-0.0143104	0.53195
1399576550484041734	-0.0559752	-0.0143044	0.531661
1399576550563023016	-0.0560076	-0.0142913	0.531528
1399576550579983661	-0.0560068	-0.0142745	0.531412
1399576550596074889	-0.0560244	-0.0142855	0.531324
1399576550657018743	-0.056077	-0.0142993	0.531147
1399576550722153202	-0.0560972	-0.0142869	0.531007
1399576550740049678	-0.0561055	-0.0142889	0.530878
1399576550757070578	-0.0560782	-0.0142525	0.530757
1399576550879028012	-0.0560297	-0.0142217	0.530686
1399576550919008171	-0.0560363	-0.0142165	0.530513
1399576550937028829	-0.056023	-0.0141933	0.530369
1399576550959975712	-0.0560328	-0.0141539	0.530329
1399576550975998373	-0.0560555	-0.0141462	0.530347
1399576551034031842	-0.0560434	-0.0141197	0.530371
1399576551057884198	-0.0560518	-0.014118	0.530384
1399576551106916297	-0.0560747	-0.0140817	0.530502
1399576551146986658	-0.0560645	-0.0140723	0.530584
1399576551246757091	-0.0560603	-0.0140819	0.530667
1399576551270727822	-0.05607	-0.0140849	0.530856
1399576551319683114	-0.0560794	-0.0140923	0.53102
1399576551339647882	-0.0560733	-0.0140899	0.531028
1399576551402874625	-0.0560762	-0.0141113	0.530969
1399576551419779345	-0.0560653	-0.0141075	0.530943
1399576551435821354	-0.05607	-0.014095	0.530991
1399576551468815277	-0.0560529	-0.0141122	0.531038
1399576551564710511	-0.0560381	-0.0141035	0.53108
1399576551587685074	-0.0560132	-0.0141132	0.531138
1399576551603727911	-0.0560319	-0.0141287	0.531185
1399576551631666344	-0.0560053	-0.0141402	0.531175
1399576551718551953	-0.0560135	-0.0141343	0.531178
1399576551758659842	-0.0560173	-0.0141343	0.531185
1399576551781545554	-0.0560113	-0.0141367	0.531241
1399576551798632201	-0.0560259	-0.0141354	0.531278
1399576551873576985	-0.0560216	-0.0141552	0.531138
1399576551890595290	-0.0560254	-0.0141647	0.53102
1399576551907504938	-0.0560237	-0.0141629	0.530874
1399576551958626670	-0.0560291	-0.0141623	0.530738
1399576551985595956	-0.0560254	-0.0141604	0.530629
1399576552082396101	-0.0560394	-0.0141615	0.530609
1399576552100405464	-0.0560552	-0.0141619	0.530623
1399576552117260005	-0.0560726	-0.0141683	0.530591
1399576552188473885	-0.0561022	-0.0141739	0.530513
1399576552205413701	-0.0561363	-0.0142099	0.530459
1399576552239394177	-0.0561536	-0.0142412	0.530635
1399576552315482256	-0.0561373	-0.0142646	0.530817
1399576552335374624	-0.0561402	-0.014284	0.530923
1399576552398475858	-0.0561486	-0.0143195	0.53098
1399576552445227548	-0.0561753	-0.0143342	0.531043
1399576552472298618	-0.0562082	-0.0144188	0.531094
1399576552557307761	-0.0562241	-0.0144403	0.531218
1399576552574180626	-0.0561897	-0.014448	0.531431
1399576552632318101	-0.056187	-0.0144659	0.531623
1399576552648216197	-0.0561862	-0.0144852	0.531768
1399576552686223265	-0.0561971	-0.0144847	0.53191
1399576552767275547	-0.0561853	-0.0144932	0.532014
1399576552783197196	-0.0562101	-0.0145078	0.532085
1399576552800073716	-0.0562192	-0.0145213	0.532146
1399576552856955235	-0.0562333	-0.0145476	0.532213
1399576552921979305	-0.0562245	-0.0145733	0.532298
1399576552939955286	-0.0562225	-0.0146107	0.532268
1399576552956941328	-0.0562353	-0.0146182	0.53222
1399576553031922570	-0.0562434	-0.0146456	0.532189
1399576553085885100	-0.0562614	-0.0146904	0.532647
1399576553106899736	-0.0562592	-0.0147068	0.532689
1399576553145889525	-0.056243	-0.0147028	0.532602
1399576553190845317	-0.056218	-0.0147128	0.532517
1399576553289766766	-0.0562073	-0.014695	0.532374
1399576553330773767	-0.0561962	-0.0146728	0.532225
1399576553360773929	-0.0561832	-0.0146681	0.532035
1399576553376757314	-0.0561898	-0.014671	0.531818
1399576553394775396	-0.056223	-0.0146349	0.531668
1399576553501698512	-0.056223	-0.0146258	0.531471
1399576553541670048	-0.0562163	-0.0146175	0.531291
1399576553559646941	-0.0562212	-0.0146419	0.531256
1399576553581642475	-0.0562428	-0.0146399	0.531308
1399576553598656166	-0.0562417	-0.0146575	0.531346
1399576553624627035	-0.0562556	-0.0146574	0.531199
1399576553664577502	-0.0562781	-0.014673	0.531079
1399576553732555632	-0.0563006	-0.0146676	0.530996
1399576553755584687	-0.0562953	-0.0146574	0.530952
1399576553826522002	-0.0563088	-0.014645	0.530928
1399576553842463323	-0.0563111	-0.0146305	0.530709
1399576553877472839	-0.0563255	-0.0146267	0.530556
1399576553956470211	-0.0563527	-0.0146184	0.530361
1399576553973440164	-0.0563432	-0.0146105	0.530229
1399576554036435815	-0.0563677	-0.0145888	0.530097
1399576554053403062	-0.0563763	-0.0145906	0.530156
1399576554131463131	-0.056384	-0.0145864	0.530242
1399576554148355754	-0.0563819	-0.0145916	0.530349
1399576554190312272	-0.0563688	-0.0145971	0.530476
1399576554213326280	-0.0563618	-0.0145817	0.530615
1399576554263307165	-0.0563655	-0.0145723	0.530647
1399576554286297662	-0.0563639	-0.0145776	0.530672
1399576554353220715	-0.056355	-0.0145776	0.530747
1399576554396242453	-0.0563489	-0.0145901	0.530805
1399576554423253785	-0.0563253	-0.0145923	0.530869
1399576554439234042	-0.0563226	-0.0146048	0.530774
1399576554466220717	-0.0563275	-0.0146143	0.530675
1399576554507182098	-0.0563258	-0.0146227	0.530702
1399576554564146088	-0.0563022	-0.0146132	0.530787
1399576554609213528	-0.0563073	-0.0146272	0.530848
1399576554643140088	-0.0562996	-0.014632	0.530909
1399576554684089186	-0.0562844	-0.0146579	0.530961
1399576554764060468	-0.0562999	-0.014709	0.531111
1399576554780025830	-0.0563187	-0.0147194	0.531314
1399576554842021123	-0.0563205	-0.014751	0.531481
1399576554858069364	-0.056313	-0.0147716	0.53143
1399576554917047128	-0.056325	-0.0148026	0.53137
1399576554935004307	-0.0563287	-0.0148186	0.531394
1399576554951003040	-0.0563308	-0.0148329	0.531452
1399576555076958323	-0.0563406	-0.0148454	0.531518
1399576555116902763	-0.0563414	-0.0148526	0.531578
1399576555134902590	-0.0563474	-0.0148704	0.531636
1399576555156869288	-0.0563559	-0.0148501	0.531593
1399576555173835174	-0.0563729	-0.0148224	0.531461
1399576555207890221	-0.0563765	-0.0148195	0.531341
1399576555275850672	-0.0563728	-0.0148288	0.531464
1399576555292849333	-0.0563703	-0.0148287	0.531565
1399576555311856545	-0.0563739	-0.0148139	0.531625
1399576555397846322	-0.0563501	-0.0148129	0.531658
1399576555413722176	-0.056307	-0.0148171	0.531683
1399576555447784048	-0.0562945	-0.014822	0.531726
1399576555507773522	-0.0562695	-0.0147616	0.531771
1399576555601681857	-0.0562473	-0.0147431	0.531663
1399576555618638598	-0.0562434	-0.0147324	0.531585
1399576555634588302	-0.0562564	-0.0147249	0.531346
1399576555742588195	-0.056284	-0.0147302	0.53119
1399576555758618759	-0.0562952	-0.014676	0.531088
1399576555775582065	-0.0563077	-0.0146946	0.531013
1399576555792573926	-0.0563252	-0.0146688	0.530989
1399576555824588913	-0.0563427	-0.0146632	0.530836
1399576555873559115	-0.0563461	-0.0146618	0.530658
1399576555965517701	-0.0563504	-0.0146439	0.530535
1399576555988453719	-0.056343	-0.0146389	0.530498
1399576556005447327	-0.056308	-0.0146419	0.530458
1399576556126435042	-0.0563054	-0.0146436	0.53044
1399576556143426290	-0.0562974	-0.0146324	0.530411
1399576556185387530	-0.0563097	-0.0146245	0.530232
1399576556208372706	-0.0563227	-0.0145906	0.52992
1399576556224350567	-0.0563567	-0.0145964	0.529647
1399576556282343314	-0.0563598	-0.0146103	0.529477
1399576556303338305	-0.056378	-0.0146169	0.529325
1399576556325304660	-0.0563743	-0.0146068	0.529261
1399576556373294670	-0.0563904	-0.0146083	0.529282
1399576556398297482	-0.0563969	-0.0146134	0.529306
1399576556451263664	-0.0563821	-0.0146236	0.529238
1399576556483266875	-0.0563902	-0.0146326	0.529196
1399576556557218709	-0.0563876	-0.0146301	0.529171
1399576556600209419	-0.0563727	-0.0146289	0.529166
1399576556617161126	-0.056336	-0.0146111	0.529169
1399576556634188111	-0.0563298	-0.0146184	0.529159
1399576556666129835	-0.0563131	-0.0146398	0.529159
1399576556758116693	-0.0563445	-0.0146208	0.529157
1399576556775122151	-0.0563321	-0.0146275	0.529184
1399576556817114217	-0.0563239	-0.014629	0.529199
1399576556834063802	-0.0563214	-0.0146055	0.528908
1399576556869063958	-0.0563245	-0.0145914	0.528678
1399576556925064089	-0.0563298	-0.0145793	0.528545
1399576556956041346	-0.0563777	-0.0145997	0.528509
1399576557073085747	-0.0563828	-0.0146108	0.528444
1399576557089013195	-0.0564179	-0.0146061	0.528557
1399576557106071386	-0.0564308	-0.0146109	0.528624
1399576557129041773	-0.0564598	-0.0146099	0.528654
1399576557146115888	-0.0564811	-0.0145884	0.528645
1399576557283994585	-0.0565035	-0.0145539	0.528686
1399576557323895662	-0.0564546	-0.014525	0.528724
1399576557341936435	-0.0564801	-0.0145085	0.528765
1399576557369932852	-0.056476	-0.0145169	0.528717
1399576557388866417	-0.0564751	-0.0145207	0.528663
1399576557405948454	-0.0564837	-0.0145424	0.528607
1399576557514866258	-0.056482	-0.0145422	0.528635
1399576557530851851	-0.0564773	-0.014554	0.528682
1399576557547855891	-0.0564588	-0.0145649	0.52866
1399576557563788119	-0.0564684	-0.0145818	0.528521
1399576557598820556	-0.0564645	-0.0146078	0.528392
1399576557705845292	-0.0564639	-0.0146357	0.528108
1399576557745768218	-0.0564609	-0.0146394	0.527805
1399576557763713889	-0.0564769	-0.0146816	0.527686
1399576557785945837	-0.0564887	-0.0146835	0.527681
1399576557802837688	-0.0564882	-0.0147126	0.527661
1399576557832823650	-0.0565214	-0.0147215	0.527483
1399576557899883172	-0.0565239	-0.0147607	0.52741
1399576557925795596	-0.0565368	-0.0147722	0.527392
1399576557963929548	-0.0565338	-0.0147713	0.527492
1399576558031722780	-0.0565421	-0.0147496	0.527569
1399576558047699037	-0.0565798	-0.0147321	0.527698
1399576558127695450	-0.0565835	-0.0147082	0.527818
1399576558167677844	-0.0565813	-0.0147283	0.527923
1399576558185620294	-0.0565787	-0.0147584	0.52798
1399576558207809604	-0.0565692	-0.0147775	0.528047
1399576558281828281	-0.0565811	-0.0148059	0.528001
1399576558302579974	-0.0565992	-0.0148422	0.527945
1399576558451509185	-0.0565779	-0.0148167	0.527529
1399576558483628825	-0.0565651	-0.0147906	0.527499
1399576558557552870	-0.0565423	-0.0147777	0.527444
1399576558600576029	-0.0565427	-0.0147778	0.527372
1399576558617525310	-0.0565173	-0.0147521	0.527332
1399576558634496224	-0.056522	-0.0147623	0.527294
1399576558665536780	-0.056519	-0.0147552	0.527265
1399576558758429173	-0.05653	-0.0147105	0.527258
1399576558798563551	-0.0565356	-0.0147033	0.527183
1399576558816501550	-0.0565282	-0.0146931	0.527131
1399576558833504341	-0.0565206	-0.0146735	0.52709
1399576558868522972	-0.0565335	-0.0146589	0.527055
1399576558925349316	-0.0565497	-0.0146742	0.527029
1399576558968504759	-0.056558	-0.0146899	0.527036
1399576559008443462	-0.0565644	-0.0147025	0.527039
1399576559075354343	-0.0565386	-0.0147208	0.526908
1399576559092292658	-0.0565407	-0.0147379	0.526821
1399576559120317021	-0.0565587	-0.014768	0.526738
1399576559191319191	-0.0565855	-0.0147623	0.526675
1399576559234230228	-0.0565948	-0.0147669	0.526598
1399576559251124524	-0.0566094	-0.0147913	0.526595
1399576559279195600	-0.0566471	-0.0147826	0.526604
1399576559392149960	-0.0566675	-0.0147561	0.526543
1399576559408198220	-0.0566695	-0.0147432	0.526425
1399576559425189523	-0.0566931	-0.0147515	0.526348
1399576559519173749	-0.0567087	-0.0147631	0.526435
1399576559535214946	-0.0567125	-0.0147685	0.526498
1399576559552164472	-0.0567077	-0.01478	0.526465
1399576559568210597	-0.056704	-0.0148077	0.526327
1399576559603095818	-0.0566917	-0.0148152	0.526214
1399576559678051719	-0.0567031	-0.0148044	0.526212
1399576559694002720	-0.0567089	-0.0148199	0.526244
1399576559758092993	-0.0567075	-0.0148182	0.526337
1399576559775993100	-0.056709	-0.014815	0.526467
1399576559793049988	-0.0567174	-0.0148255	0.52658
1399576559918072783	-0.05673	-0.0148191	0.526703
1399576559957814535	-0.0567371	-0.0148256	0.526827
1399576560024001450	-0.0567373	-0.0148218	0.52682
1399576560039904704	-0.0567227	-0.0148516	0.52665
1399576560056856558	-0.056702	-0.0148594	0.526536
1399576560075857171	-0.0566861	-0.0148586	0.526389
1399576560122789446	-0.0566596	-0.0148544	0.526259
1399576560147800458	-0.0566756	-0.0148794	0.526314
1399576560187730999	-0.056679	-0.0148982	0.526368
1399576560243729542	-0.0567193	-0.014892	0.526678
1399576560287818264	-0.0567194	-0.0149046	0.526995
1399576560334753173	-0.0567376	-0.0149076	0.527258
1399576560352776017	-0.0567092	-0.0149129	0.52753
1399576560443790319	-0.0566979	-0.0149498	0.527752
1399576560460695826	-0.056691	-0.0149734	0.527883
1399576560476561558	-0.0566685	-0.0149947	0.528003
1399576560584576375	-0.0566725	-0.0150107	0.528145
1399576560600414445	-0.0566652	-0.0150147	0.528276
1399576560618496347	-0.0566397	-0.0150149	0.528398
1399576560634409369	-0.0566133	-0.0150225	0.528573
1399576560758342251	-0.0565836	-0.015047	0.528698
1399576560775340509	-0.0565833	-0.0150532	0.528803
1399576560817309671	-0.0565609	-0.0150486	0.528918
1399576560840335233	-0.0565384	-0.015047	0.528984
1399576560856317691	-0.0565133	-0.0150289	0.529063
1399576560914322457	-0.0565028	-0.0150361	0.529128
1399576560931286264	-0.0565073	-0.0150563	0.529214
1399576560990181686	-0.0565228	-0.0150504	0.529309
1399576561007239496	-0.0565405	-0.0150766	0.529369
1399576561032221969	-0.0565358	-0.0150998	0.5295
1399576561085202183	-0.0565395	-0.0151442	0.529664
1399576561119181524	-0.056534	-0.0151298	0.529726
1399576561190177403	-0.0565196	-0.0151254	0.529759
1399576561233352715	-0.0564971	-0.0151234	0.529815
1399576561250213328	-0.0564724	-0.0151123	0.529851
1399576561277303532	-0.0564559	-0.0151426	0.529894
1399576561391099837	-0.0564324	-0.015142	0.529919
1399576561408151967	-0.0564558	-0.0151222	0.530003
1399576561450073239	-0.0564454	-0.0151226	0.530099
1399576561472028146	-0.0564526	-0.0151016	0.530278
1399576561489006828	-0.0564225	-0.0150963	0.53043
1399576561523009603	-0.0564289	-0.0150871	0.530566
1399576561559045784	-0.0564469	-0.0150838	0.530686
1399576561591068187	-0.0564267	-0.0150888	0.53077
1399576561646979544	-0.056407	-0.0150831	0.530759
1399576561667961168	-0.0564128	-0.0150726	0.530758
1399576561757019871	-0.0564283	-0.0150944	0.530697
1399576561774982755	-0.0564257	-0.0151068	0.530599
1399576561792171624	-0.0564097	-0.0151016	0.530502
1399576561904065388	-0.0564166	-0.0150942	0.530422
1399576561922026928	-0.0564022	-0.0150967	0.530375
1399576561939145815	-0.0563859	-0.0151139	0.530266
1399576561955036591	-0.0563924	-0.0151311	0.53015
1399576562031934232	-0.0563912	-0.0151518	0.530045
1399576562047846272	-0.0564174	-0.015173	0.529817
1399576562100950035	-0.0564347	-0.0151903	0.529604
1399576562117821570	-0.0564172	-0.0151878	0.52945
1399576562144097128	-0.0564463	-0.015186	0.529361
1399576562184931319	-0.056471	-0.0151661	0.529237
1399576562282754512	-0.0564861	-0.0151664	0.529174
1399576562330718667	-0.0565157	-0.0151609	0.529133
1399576562363854205	-0.0565379	-0.0151545	0.528791
1399576562397667705	-0.0565095	-0.0151222	0.528626
1399576562452650554	-0.0564764	-0.0150954	0.528503
1399576562484638811	-0.0564454	-0.0150667	0.528379
1399576562537595895	-0.0564418	-0.015064	0.528288
1399576562598611163	-0.0564429	-0.0150839	0.528298
1399576562616596061	-0.056451	-0.0150888	0.528294
1399576562633545023	-0.0564647	-0.0151121	0.528044
1399576562708559287	-0.056472	-0.0151029	0.527823
1399576562762533232	-0.0564016	-0.0151241	0.527543
1399576562802451208	-0.0563637	-0.0151165	0.527447
1399576562873440828	-0.0563456	-0.015138	0.527307
1399576562889496707	-0.0563123	-0.0151462	0.527175
1399576562969399996	-0.0562752	-0.0151553	0.52711
1399576563009374706	-0.0562639	-0.0151704	0.52712
1399576563074302025	-0.0563263	-0.0151991	0.527127
1399576563090262855	-0.0563358	-0.0151897	0.527022
1399576563107323636	-0.0563343	-0.0152017	0.526968
1399576563123244204	-0.0563321	-0.0152168	0.526889
1399576563216246190	-0.0563315	-0.0151922	0.52684
1399576563233271656	-0.0563236	-0.0152094	0.526844
1399576563250241845	-0.0563372	-0.0152191	0.526651
1399576563266222165	-0.0563544	-0.0152371	0.526532
1399576563304255873	-0.0563647	-0.0152599	0.526482
1399576563344193337	-0.0563388	-0.0152746	0.526499
1399576563412167169	-0.0563349	-0.0153015	0.526513
1399576563435139754	-0.0563582	-0.0152944	0.526652
1399576563506160300	-0.0563448	-0.0153058	0.526764
1399576563522082015	-0.0563668	-0.015313	0.526755
1399576563557077422	-0.0563875	-0.0153309	0.526635
1399576563636045838	-0.0563951	-0.0153507	0.526543
1399576563651993082	-0.0564329	-0.0153415	0.526749
1399576563715932363	-0.056433	-0.0153809	0.526955
1399576563731963597	-0.0564458	-0.0153873	0.526942
1399576563810957822	-0.0564631	-0.0153617	0.526779
1399576563827952741	-0.0564906	-0.015355	0.526614
1399576563869895528	-0.0565228	-0.0153336	0.526561
1399576563891975441	-0.056502	-0.015316	0.526531
1399576563942914822	-0.0564971	-0.0153099	0.526504
1399576563961873325	-0.0564806	-0.0153024	0.526488
1399576564032908911	-0.056483	-0.0153166	0.526505
1399576564074865138	-0.0564706	-0.0153017	0.526421
1399576564101885504	-0.0564932	-0.0152768	0.526379
1399576564118836098	-0.056491	-0.0152549	0.526372
1399576564145835470	-0.0565086	-0.0152491	0.526421
1399576564186767247	-0.0565096	-0.015265	0.526431
1399576564242789941	-0.0565118	-0.0152756	0.526534
1399576564291733168	-0.0565077	-0.015311	0.526633
1399576564310783104	-0.0564938	-0.0153188	0.526718
1399576564441769744	-0.0565227	-0.0153256	0.526841
1399576564458676504	-0.0565201	-0.0153179	0.526952
1399576564474710143	-0.0565309	-0.0153401	0.526944
1399576564523623787	-0.0565434	-0.0153646	0.52695
1399576564539623974	-0.0565495	-0.0153636	0.526875
1399576564599651476	-0.0565542	-0.015348	0.526703
1399576564617535521	-0.0565442	-0.0153305	0.526582
1399576564633593172	-0.0565719	-0.015325	0.526506
1399576564756518577	-0.0565643	-0.015303	0.526404
1399576564796544724	-0.0565616	-0.015283	0.526272
1399576564814480828	-0.0565471	-0.0152829	0.52607
1399576564836430313	-0.0565536	-0.0153002	0.525917
1399576564853411677	-0.0565555	-0.0152932	0.525833
1399576564912416435	-0.056533	-0.0153053	0.525749
1399576564959430552	-0.0565193	-0.0153025	0.525734
1399576564984336735	-0.0564875	-0.0153311	0.525791
1399576565024372618	-0.0564588	-0.0153123	0.525686
1399576565124330387	-0.0564553	-0.0153096	0.525582
1399576565148283172	-0.0564428	-0.0152865	0.52546
1399576565197321540	-0.0564319	-0.0152713	0.525311
1399576565214277227	-0.0564217	-0.0152305	0.525213
1399576565281270030	-0.0563983	-0.0152361	0.525245
1399576565297189337	-0.0564017	-0.0152284	0.525267
1399576565317183957	-0.0563946	-0.015221	0.525232
1399576565421108834	-0.0563766	-0.0152132	0.52518
1399576565438146236	-0.0563514	-0.0152205	0.525109
1399576565455126224	-0.0563271	-0.0152259	0.52509
1399576565471123267	-0.056317	-0.015264	0.525117
1399576565596065982	-0.0563021	-0.0152905	0.52515
1399576565613010299	-0.0562895	-0.0153095	0.525178
1399576565665037436	-0.0562926	-0.0153215	0.525205
1399576565681064626	-0.0562756	-0.0153423	0.525174
1399576565698042079	-0.0562539	-0.0153735	0.525147
1399576565715981462	-0.0562424	-0.0154278	0.525073
1399576565807992978	-0.0562617	-0.0154408	0.52501
1399576565848957710	-0.0562534	-0.0154577	0.52496
1399576565866995018	-0.0562567	-0.015456	0.52494
1399576565888928595	-0.0562459	-0.0154531	0.524919
1399576565938949816	-0.0562682	-0.0154652	0.524942
1399576565957959383	-0.0562832	-0.0154685	0.525015
1399576566027908535	-0.056309	-0.0154316	0.525109
1399576566070800045	-0.0563234	-0.0153992	0.525318
1399576566097860969	-0.0563496	-0.0154131	0.525538
1399576566113851892	-0.0563482	-0.0153993	0.525715
1399576566143850083	-0.0563419	-0.0153913	0.525812
1399576566238779992	-0.0563312	-0.0153637	0.525969
1399576566281780869	-0.0563372	-0.0153322	0.525958
1399576566301760383	-0.0563304	-0.0152991	0.525962
1399576566323754479	-0.0563523	-0.0153159	0.525995
1399576566352758860	-0.0563775	-0.0153223	0.526078
1399576566438747148	-0.0564003	-0.0153214	0.526132
1399576566455707499	-0.0564204	-0.0153289	0.526071
1399576566498655240	-0.056448	-0.0153192	0.526027
1399576566514714774	-0.0564468	-0.0153102	0.526064
1399576566597674605	-0.0564427	-0.0153372	0.526187
1399576566614629505	-0.0564523	-0.0153408	0.526269
1399576566630610053	-0.0564518	-0.0153518	0.52636
1399576566740539269	-0.0564565	-0.0153474	0.526434
1399576566758587825	-0.0564536	-0.0153407	0.526492
1399576566774571778	-0.0564588	-0.0153386	0.526481
1399576566808525894	-0.0564648	-0.0153426	0.526509
1399576566842537020	-0.0564896	-0.0153533	0.526406
1399576566883513055	-0.0564769	-0.0153635	0.526311
1399576566928456381	-0.056476	-0.0153797	0.526325
1399576566961448919	-0.0565025	-0.0153779	0.52641
1399576567068434985	-0.0565283	-0.0153994	0.526498
1399576567084417905	-0.0565443	-0.0154281	0.526369
1399576567101393999	-0.0565454	-0.015462	0.526278
1399576567158437523	-0.0565747	-0.0154538	0.526167
1399576567174342772	-0.0565663	-0.0154645	0.52604
1399576567191372757	-0.0565655	-0.0154695	0.525897
1399576567276380973	-0.0565747	-0.0154866	0.525777
1399576567293279525	-0.0565911	-0.015499	0.525706
1399576567313279838	-0.0566134	-0.0155189	0.525625
1399576567364288337	-0.0566121	-0.0155358	0.525563
1399576567431321515	-0.0566113	-0.0155492	0.525525
1399576567448286037	-0.0566012	-0.0155681	0.525631
1399576567481268318	-0.0565869	-0.0155636	0.525678
1399576567503293523	-0.0565942	-0.0155899	0.525662
1399576567626215343	-0.0566296	-0.0156318	0.525548
1399576567643196026	-0.0566295	-0.0156397	0.52548
1399576567670176415	-0.0566573	-0.0156735	0.525441
1399576567686162828	-0.0566857	-0.0156769	0.52542
1399576567715154517	-0.0566811	-0.0156698	0.525426
1399576567801296835	-0.0566454	-0.015672	0.52545
1399576567841261348	-0.056629	-0.0156718	0.525467
1399576567859384536	-0.0565864	-0.0156688	0.525367
1399576567875279872	-0.0565403	-0.0156723	0.525319
1399576567957281838	-0.0565376	-0.0156725	0.525239
1399576567974190026	-0.0565469	-0.0156944	0.525115
1399576568033192862	-0.0565465	-0.0157089	0.525041
1399576568049196815	-0.0565293	-0.0157156	0.525074
1399576568116155041	-0.0565252	-0.0157185	0.525102
1399576568132145883	-0.0565079	-0.0157223	0.525111
1399576568164119991	-0.0565196	-0.0157094	0.525101
1399576568232153327	-0.0565148	-0.0157069	0.52513
1399576568274097433	-0.0565324	-0.0156915	0.525041
1399576568295049977	-0.0565137	-0.015715	0.524943
1399576568316078159	-0.0565076	-0.0157608	0.524976
1399576568344095787	-0.0565122	-0.0157831	0.525153
1399576568385083654	-0.0565055	-0.0158022	0.525331
1399576568463899087	-0.0564627	-0.0157948	0.525203
1399576568486939481	-0.056484	-0.0158167	0.52511
1399576568514966306	-0.0565014	-0.0158293	0.525036
1399576568590953650	-0.0565145	-0.0158309	0.524977
1399576568613776175	-0.0565234	-0.0158401	0.524912
1399576568650870874	-0.056546	-0.0158286	0.524826
1399576568693012309	-0.0565549	-0.0158428	0.524808
1399576568712903127	-0.0565608	-0.015826	0.524746
1399576568796847305	-0.0565633	-0.0158295	0.524694
