#Time	 SERVO_1	 SERVO_2	 SERVO_3	 SERVO_4
1399576489531636052	1105	1105	1105	1105
1399576489548580379	1105	1105	1105	1105
1399576489570580240	1105	1105	1105	1105
1399576489606603749	1105	1105	1105	1105
1399576489626385026	1105	1105	1105	1105
1399576489753339223	1105	1105	1105	1105
1399576489770372283	1105	1105	1105	1105
1399576489791325047	1105	1105	1105	1105
1399576489836486937	1105	1105	1105	1105
1399576489862430545	1105	1105	1105	1105
1399576489957447736	1105	1105	1105	1105
1399576489973352738	1105	1105	1105	1105
1399576489990394358	1105	1105	1105	1105
1399576490022396937	1105	1105	1105	1105
1399576490094387223	1105	1105	1105	1105
1399576490131439333	1105	1105	1105	1105
1399576490171186835	1105	1105	1105	1105
1399576490195320455	1105	1105	1105	1105
1399576490225317152	1105	1105	1105	1105
1399576490294195292	1105	1105	1105	1105
1399576490311257596	1105	1105	1105	1105
1399576490425211009	1105	1105	1105	1105
1399576490442216227	1105	1105	1105	1105
1399576490470231419	1105	1105	1105	1105
1399576490550226194	1105	1105	1105	1105
1399576490567119487	1105	1105	1105	1105
1399576490619071908	1105	1105	1105	1105
1399576490636141494	1105	1105	1105	1105
1399576490704078887	1105	1105	1105	1105
1399576490766006344	1105	1105	1105	1105
1399576490783051670	1105	1105	1105	1105
1399576490876056642	1105	1105	1105	1105
1399576490892010865	1105	1105	1105	1105
1399576490908984535	1105	1105	1105	1105
1399576490933977572	1105	1105	1105	1105
1399576490970961680	1105	1105	1105	1105
1399576490995882607	1105	1105	1105	1105
1399576491061931085	1105	1105	1105	1105
1399576491130884767	1105	1105	1105	1105
1399576491158930792	1105	1105	1105	1105
1399576491181894722	1105	1105	1105	1105
1399576491308857090	1105	1105	1105	1105
1399576491325809301	1105	1105	1105	1105
1399576491341750678	1105	1105	1105	1105
1399576491358806053	1105	1105	1105	1105
1399576491384680038	1105	1105	1105	1105
1399576491465764379	1105	1105	1105	1105
1399576491507776305	1105	1105	1105	1105
1399576491523569944	1105	1105	1105	1105
1399576491585667958	1105	1105	1105	1105
1399576491646680541	1105	1105	1105	1105
1399576491733715153	1105	1105	1105	1105
1399576491749620726	1105	1105	1105	1105
1399576491772621555	1105	1105	1105	1105
1399576491808713303	1105	1105	1105	1105
1399576491833602421	1105	1105	1105	1105
1399576491912501491	1105	1105	1105	1105
1399576491954529000	1105	1105	1105	1105
1399576491981553805	1105	1105	1105	1105
1399576491997556568	1105	1105	1105	1105
1399576492066592750	1105	1105	1105	1105
1399576492128511026	1105	1105	1105	1105
1399576492169528152	1105	1105	1105	1105
1399576492193605381	1105	1105	1105	1105
1399576492210310726	1105	1105	1105	1105
1399576492237518109	1105	1105	1105	1105
1399576492277454264	1105	1105	1105	1105
1399576492339402420	1105	1105	1105	1105
1399576492380487030	1105	1105	1105	1105
1399576492398432002	1105	1105	1105	1105
1399576492432398856	1105	1105	1105	1105
1399576492498311256	1105	1105	1105	1105
1399576492515204650	1105	1105	1105	1105
1399576492625300590	1105	1105	1105	1105
1399576492641216597	1105	1105	1105	1105
1399576492659212767	1105	1105	1105	1105
1399576492676152222	1105	1105	1105	1105
1399576492752270481	1105	1105	1105	1105
1399576492769249381	1105	1105	1105	1105
1399576492833034050	1105	1105	1105	1105
1399576492849004916	1105	1105	1105	1105
1399576492929005450	1105	1105	1105	1105
1399576492945998716	1105	1105	1105	1105
1399576493060948619	1105	1105	1105	1105
1399576493094913119	1105	1105	1105	1105
1399576493135870683	1105	1105	1105	1105
1399576493172894705	1105	1105	1105	1105
1399576493197871990	1105	1105	1105	1105
1399576493272781698	1105	1105	1105	1105
1399576493304788020	1105	1105	1105	1105
1399576493352772303	1105	1105	1105	1105
1399576493456769048	1105	1105	1105	1105
1399576493500697790	1105	1105	1105	1105
1399576493517675232	1105	1105	1105	1105
1399576493533703165	1105	1105	1105	1105
1399576493569680379	1105	1105	1105	1105
1399576493705568765	1105	1105	1105	1105
1399576493746557259	1105	1105	1105	1105
1399576493782583859	1105	1105	1105	1105
1399576493798531293	1105	1105	1105	1105
1399576493831558191	1105	1105	1105	1105
1399576493920553949	1105	1105	1105	1105
1399576493937539021	1105	1105	1105	1105
1399576493980555208	1105	1105	1105	1105
1399576493997537083	1105	1105	1105	1105
1399576494062548317	1105	1105	1105	1105
1399576494124538898	1105	1105	1105	1105
1399576494165442409	1105	1105	1105	1105
1399576494202423383	1105	1105	1105	1105
1399576494218441648	1105	1105	1105	1105
1399576494273375321	1105	1105	1105	1105
1399576494335337513	1105	1105	1105	1105
1399576494375349401	1105	1105	1105	1105
1399576494412322183	1105	1105	1105	1105
1399576494429349077	1105	1105	1105	1105
1399576494464232852	1105	1105	1105	1105
1399576494512301096	1105	1105	1105	1105
1399576494570256684	1105	1105	1105	1105
1399576494609202332	1105	1105	1105	1105
1399576494645204488	1105	1105	1105	1105
1399576494664227456	1105	1105	1105	1105
1399576494714179310	1105	1105	1105	1105
1399576494777135834	1105	1105	1105	1105
1399576494825164235	1105	1105	1105	1105
1399576496794263724	1175	1175	1175	1175
1399576496812214398	1175	1175	1175	1175
1399576496828183867	1175	1175	1175	1175
1399576496887181406	1175	1175	1175	1175
1399576496905181773	1175	1175	1175	1175
1399576496990176691	1175	1175	1175	1175
1399576497053122634	1175	1175	1175	1175
1399576497069139777	1175	1175	1175	1175
1399576497164061736	1175	1175	1175	1175
1399576497180040636	1175	1175	1175	1175
1399576497196027927	1175	1175	1175	1175
1399576497213015277	1175	1175	1175	1175
1399576497234940072	1175	1175	1175	1175
1399576497327983295	1175	1175	1175	1175
1399576497362963266	1175	1175	1175	1175
1399576497394916358	1175	1175	1175	1175
1399576497469907061	1175	1175	1175	1175
1399576497485889039	1175	1175	1175	1175
1399576497554885724	1175	1175	1175	1175
1399576497574887058	1175	1175	1175	1175
1399576497590854514	1175	1175	1175	1175
1399576497622891417	1175	1175	1175	1175
1399576497685842581	1175	1175	1175	1175
1399576497703784981	1175	1175	1175	1175
1399576497766786185	1175	1175	1175	1175
1399576497839965268	1175	1175	1175	1175
1399576497867935175	1175	1175	1175	1175
1399576497936870528	1175	1175	1175	1175
1399576498022693645	1175	1175	1175	1175
1399576498039730471	1175	1175	1175	1175
1399576498104640692	1175	1175	1175	1175
1399576498121691372	1175	1175	1175	1175
1399576498137637406	1175	1175	1175	1175
1399576498156632746	1175	1175	1175	1175
1399576498219611092	1175	1175	1175	1175
1399576498236603862	1175	1175	1175	1175
1399576498313606562	1175	1175	1175	1175
1399576498332547206	1175	1175	1175	1175
1399576498349503683	1175	1175	1175	1175
1399576498441497711	1175	1175	1175	1175
1399576498457490701	1175	1175	1175	1175
1399576498474511704	1175	1175	1175	1175
1399576498495530368	1175	1175	1175	1175
1399576498534473280	1175	1175	1175	1175
1399576498625502383	1175	1175	1175	1175
1399576498667504656	1175	1175	1175	1175
1399576498684458082	1175	1175	1175	1175
1399576498702450974	1175	1175	1175	1175
1399576498780378699	1175	1175	1175	1175
1399576498842377366	1175	1175	1175	1175
1399576498883334417	1175	1175	1175	1175
1399576498907389014	1175	1175	1175	1175
1399576498924374458	1175	1175	1175	1175
1399576498957378626	1175	1175	1175	1175
1399576498991424525	1175	1175	1175	1175
1399576499054280777	1175	1175	1175	1175
1399576499094274894	1175	1175	1175	1175
1399576499123320631	1175	1175	1175	1175
1399576499146373197	1175	1175	1175	1175
1399576499210199260	1175	1175	1175	1175
1399576499228262200	1175	1175	1175	1175
1399576499289384258	1175	1175	1175	1175
1399576499322292222	1175	1175	1175	1175
1399576499340339435	1175	1175	1175	1175
1399576499414145142	1175	1175	1175	1175
1399576499476125164	1175	1175	1175	1175
1399576499493111379	1175	1175	1175	1175
1399576499541104056	1175	1175	1175	1175
1399576499558234124	1175	1175	1175	1175
1399576499585081560	1175	1175	1175	1175
1399576499627084380	1175	1175	1175	1175
1399576499680019805	1175	1175	1175	1175
1399576499740968242	1175	1175	1175	1175
1399576499760988156	1175	1175	1175	1175
1399576499777950642	1175	1175	1175	1175
1399576499839966973	1175	1175	1175	1175
1399576499857943361	1175	1175	1175	1175
1399576499936921306	1175	1175	1175	1175
1399576500023885290	1175	1175	1175	1175
1399576500039865919	1175	1175	1175	1175
1399576500063853141	1175	1175	1175	1175
1399576500080816554	1175	1175	1175	1175
1399576500114852473	1175	1175	1175	1175
1399576500184778765	1175	1175	1175	1175
1399576500204834681	1175	1175	1175	1175
1399576500235925479	1175	1175	1175	1175
1399576500313885637	1175	1175	1175	1175
1399576500332926101	1175	1175	1175	1175
1399576500349826605	1175	1175	1175	1175
1399576500393849727	1175	1175	1175	1175
1399576500438615969	1175	1175	1175	1175
1399576500463902124	1175	1175	1175	1175
1399576500525647126	1175	1175	1175	1175
1399576500543697245	1175	1175	1175	1175
1399576500650595786	1175	1175	1175	1175
1399576500667591573	1175	1175	1175	1175
1399576500730615952	1175	1175	1175	1175
1399576500746541298	1175	1175	1175	1175
1399576500763516012	1175	1175	1175	1175
1399576500779538270	1175	1175	1175	1175
1399576500847484277	1175	1175	1175	1175
1399576500864730475	1175	1175	1175	1175
1399576500941518066	1175	1175	1175	1175
1399576500958468719	1175	1175	1175	1175
1399576501078523736	1175	1175	1175	1175
1399576501094507585	1175	1175	1175	1175
1399576501122504057	1175	1175	1175	1175
1399576501146420147	1175	1175	1175	1175
1399576501208368805	1175	1175	1175	1175
1399576501226344121	1175	1175	1175	1175
1399576501283358535	1175	1175	1175	1175
1399576501306296235	1175	1175	1175	1175
1399576501368287577	1175	1175	1175	1175
1399576501385274663	1175	1175	1175	1175
1399576501412290729	1175	1175	1175	1175
1399576501487219341	1175	1175	1175	1175
1399576501505201150	1175	1175	1175	1175
1399576501535215459	1175	1175	1175	1175
1399576501625244660	1175	1175	1175	1175
1399576501649148309	1175	1175	1175	1175
1399576501666168448	1175	1175	1175	1175
1399576501712132438	1175	1175	1175	1175
1399576501739109635	1175	1175	1175	1175
1399576501830156042	1175	1175	1175	1175
1399576501892062115	1175	1175	1175	1175
1399576501909005157	1175	1175	1175	1175
1399576501957012186	1175	1175	1175	1175
1399576501974004287	1175	1175	1175	1175
1399576502048042867	1175	1175	1175	1175
1399576502066022698	1175	1175	1175	1175
1399576502090914950	1175	1175	1175	1175
1399576502193030529	1175	1175	1175	1175
1399576502212004116	1175	1175	1175	1175
1399576502250982675	1175	1175	1175	1175
1399576502293015472	1175	1175	1175	1175
1399576502391929986	1175	1175	1175	1175
1399576502412822451	1175	1175	1175	1175
1399576502451708376	1175	1175	1175	1175
1399576502506723784	1175	1175	1175	1175
1399576502570772282	1175	1175	1175	1175
1399576502635729306	1175	1175	1175	1175
1399576502671790877	1175	1175	1175	1175
1399576502692746014	1175	1175	1175	1175
1399576502772756520	1175	1175	1175	1175
1399576502858530603	1175	1175	1175	1175
1399576502875481467	1175	1175	1175	1175
1399576502899463547	1175	1175	1175	1175
1399576502915492774	1175	1175	1175	1175
1399576502943408638	1175	1175	1175	1175
1399576502983460281	1175	1175	1175	1175
1399576503069394917	1175	1175	1175	1175
1399576503085422591	1175	1175	1175	1175
1399576503103389789	1175	1175	1175	1175
1399576503132428231	1175	1175	1175	1175
1399576503196441048	1175	1175	1175	1175
1399576503254340893	1175	1175	1175	1175
1399576503321324864	1175	1175	1175	1175
1399576503341369922	1175	1175	1175	1175
1399576503371309851	1175	1175	1175	1175
1399576503387315212	1175	1175	1175	1175
1399576503459289573	1175	1175	1175	1175
1399576503502229931	1175	1175	1175	1175
1399576503519255943	1175	1175	1175	1175
1399576503541277598	1175	1175	1175	1175
1399576503615226552	1175	1175	1175	1175
1399576503678158020	1175	1175	1175	1175
1399576503718150537	1175	1175	1175	1175
1399576503747175728	1175	1175	1175	1175
1399576503763112887	1175	1175	1175	1175
1399576503773139875	1175	1175	1175	1175
1399576503826099354	1175	1175	1175	1175
1399576503888069622	1175	1175	1175	1175
1399576503928050265	1175	1175	1175	1175
1399576503946979185	1175	1175	1175	1175
1399576503974992368	1175	1175	1175	1175
1399576504043020011	1175	1175	1175	1175
1399576504060992748	1175	1175	1175	1175
1399576504172959698	1175	1175	1175	1175
1399576504189868239	1175	1175	1175	1175
1399576504207906962	1175	1175	1175	1175
1399576504223879357	1175	1175	1175	1175
1399576504303894385	1175	1175	1175	1175
1399576504322825411	1175	1175	1175	1175
1399576504363832341	1175	1175	1175	1175
1399576504380808548	1175	1175	1175	1175
1399576504411765786	1175	1175	1175	1175
1399576504510766817	1175	1175	1175	1175
1399576504527748314	1175	1175	1175	1175
1399576504594785602	1175	1175	1175	1175
1399576504610698575	1175	1175	1175	1175
1399576504669733327	1175	1175	1175	1175
1399576504693714663	1175	1175	1175	1175
1399576504710677578	1175	1175	1175	1175
1399576504741654510	1175	1175	1175	1175
1399576504854597402	1175	1175	1175	1175
1399576504870570055	1175	1175	1175	1175
1399576504941568748	1440	1459	1468	1472
1399576504957547611	1440	1454	1476	1469
1399576504974490517	1445	1445	1479	1470
1399576505074449894	1450	1461	1495	1476
1399576505165506730	1452	1463	1498	1502
1399576505181451815	1455	1462	1503	1495
1399576505256381047	1446	1454	1509	1505
1399576505272424267	1467	1467	1516	1507
1399576505373355741	1457	1465	1521	1515
1399576505390349275	1463	1478	1525	1529
1399576505409280874	1467	1465	1535	1526
1399576505481318056	1460	1474	1536	1523
1399576505498322933	1465	1480	1538	1544
1399576505595254948	1469	1476	1539	1544
1399576505612258609	1463	1482	1528	1553
1399576505680239231	1477	1470	1523	1556
1399576505705201579	1485	1470	1498	1569
1399576505722191847	1492	1471	1521	1544
1399576505799307810	1471	1495	1514	1535
1399576505899127254	1476	1501	1504	1535
1399576505916144432	1468	1513	1531	1505
1399576505932158831	1480	1495	1483	1529
1399576506005114935	1492	1492	1479	1523
1399576506022113874	1502	1487	1482	1507
1399576506125037795	1495	1495	1500	1477
1399576506141032206	1483	1510	1484	1488
1399576506157987308	1481	1508	1476	1484
1399576506231902856	1494	1494	1473	1488
1399576506248927100	1486	1492	1507	1459
1399576506264896542	1495	1480	1522	1435
1399576506368889608	1491	1483	1470	1487
1399576506442924614	1457	1516	1409	1546
1399576506459873248	1464	1508	1452	1507
1399576506475822668	1488	1480	1495	1469
1399576506553833048	1498	1470	1496	1468
1399576506659784074	1496	1472	1499	1461
1399576506675828633	1481	1489	1457	1505
1399576506692808010	1488	1484	1420	1538
1399576506766790386	1484	1488	1460	1500
1399576506783691913	1470	1498	1516	1452
1399576506800715186	1492	1478	1498	1468
1399576506898686401	1482	1486	1479	1489
1399576506969623794	1480	1490	1463	1507
1399576506986587399	1483	1487	1458	1513
1399576507002578413	1485	1489	1546	1424
1399576507078589650	1476	1499	1517	1462
1399576507120553261	1484	1488	1468	1513
1399576507191579681	1491	1483	1464	1519
1399576507207530670	1484	1484	1466	1523
1399576507224522898	1434	1529	1473	1520
1399576507295489682	1480	1480	1503	1495
1399576507319357053	1467	1499	1467	1532
1399576507417372137	1495	1467	1504	1496
1399576507434366477	1494	1477	1467	1532
1399576507503385746	1491	1481	1494	1504
1399576507527358799	1486	1486	1504	1489
1399576507544388200	1483	1489	1460	1536
1399576507644297951	1478	1492	1489	1510
1399576507660333125	1520	1454	1511	1492
1399576507732297377	1506	1468	1513	1487
1399576507754290228	1477	1502	1492	1503
1399576507828471462	1464	1523	1500	1500
1399576507845353711	1480	1507	1483	1517
1399576507962328775	1492	1503	1548	1443
1399576507979987204	1500	1496	1478	1518
1399576508052312191	1463	1531	1455	1543
1399576508069317423	1495	1495	1465	1539
1399576508176356428	1504	1481	1510	1500
1399576508193281609	1491	1491	1468	1541
1399576508267336850	1492	1492	1498	1513
1399576508284297749	1492	1497	1451	1549
1399576508300117320	1468	1527	1446	1552
1399576508400185573	1531	1458	1535	1469
1399576508475150593	1521	1470	1495	1509
1399576508491197853	1490	1503	1469	1532
1399576508508066285	1482	1511	1500	1510
1399576508607085488	1536	1462	1542	1459
1399576508623060569	1490	1511	1484	1518
1399576508696043287	1479	1525	1490	1509
1399576508712041006	1500	1500	1527	1477
1399576508818005309	1506	1485	1499	1505
1399576508834049159	1417	1558	1498	1515
1399576508903018264	1460	1515	1485	1535
1399576508925858577	1524	1454	1483	1536
1399576509024879344	1491	1491	1501	1516
1399576509041885037	1469	1526	1377	1605
1399576509109919142	1504	1498	1400	1585
1399576509134878821	1541	1455	1487	1521
1399576509234847227	1487	1517	1551	1451
1399576509251799261	1532	1488	1515	1485
1399576509327850317	1462	1561	1514	1484
1399576509344790938	1502	1540	1509	1476
1399576509445743465	1496	1543	1508	1483
1399576509462693454	1524	1524	1490	1490
1399576509478705702	1455	1562	1466	1531
1399576509551700644	1532	1488	1453	1546
1399576509665640366	1514	1509	1413	1572
1399576509682591364	1525	1500	1467	1524
1399576509758582674	1500	1531	1390	1581
1399576509798492089	1487	1527	1536	1468
1399576509875548282	1566	1441	1525	1491
1399576509892384303	1480	1545	1504	1508
1399576509909367949	1511	1552	1545	1423
1399576510009330151	1480	1601	1612	1321
1399576510085232483	1397	1667	1593	1336
1399576510101159165	1433	1596	1440	1535
1399576510118250229	1510	1506	1389	1593
1399576510214178454	1553	1449	1472	1538
1399576510231125909	1509	1524	1478	1522
1399576510302131521	1602	1462	1211	1727
1399576510319075161	1539	1539	1440	1503
1399576510426078045	1506	1536	1520	1452
1399576510445074799	1461	1558	1585	1396
1399576510518992256	1576	1537	1654	1228
1399576510534989819	1557	1591	1447	1439
1399576510631972530	1477	1633	1427	1467
1399576510648946987	1561	1513	1422	1491
1399576510720931545	1545	1480	1394	1562
1399576510736896055	1551	1511	1211	1724
1399576510838880516	1528	1535	1449	1502
1399576510855852113	1573	1488	1348	1571
1399576510871835847	1476	1558	1536	1415
1399576510945807134	1505	1545	1595	1335
1399576511059814098	1536	1595	1675	1211
1399576511076759812	1558	1595	1462	1413
1399576511179759481	1565	1544	1341	1541
1399576511273708310	1554	1531	1299	1587
1399576511289651176	1466	1595	1415	1504
1399576511408678707	1175	1175	1175	1175
1399576511470585063	1175	1175	1175	1175
1399576511511495456	1175	1175	1175	1175
1399576511548521959	1175	1175	1175	1175
1399576511564512439	1175	1175	1175	1175
1399576511619499376	1175	1175	1175	1175
1399576511681477260	1175	1175	1175	1175
1399576511721427073	1175	1175	1175	1175
1399576511758445106	1175	1175	1175	1175
1399576511774418814	1175	1175	1175	1175
1399576511829408691	1175	1175	1175	1175
1399576511891405310	1175	1175	1175	1175
1399576511908375772	1175	1175	1175	1175
1399576511969304349	1175	1175	1175	1175
1399576511986365943	1175	1175	1175	1175
1399576512017354158	1175	1175	1175	1175
1399576512086426439	1175	1175	1175	1175
1399576512130261670	1175	1175	1175	1175
1399576512162326615	1175	1175	1175	1175
1399576512199291897	1175	1175	1175	1175
1399576512224250536	1175	1175	1175	1175
1399576512278255968	1175	1175	1175	1175
1399576512299233378	1175	1175	1175	1175
1399576512397234053	1175	1175	1175	1175
1399576512416205595	1175	1175	1175	1175
1399576512433169621	1175	1175	1175	1175
1399576512479113429	1175	1175	1175	1175
1399576512515124445	1175	1175	1175	1175
1399576512595120292	1175	1175	1175	1175
1399576512612111911	1175	1175	1175	1175
1399576512622077512	1175	1175	1175	1175
1399576512671046092	1175	1175	1175	1175
1399576512701036007	1175	1175	1175	1175
1399576512796184493	1175	1175	1175	1175
1399576512844157201	1175	1175	1175	1175
1399576512860207999	1175	1175	1175	1175
1399576512877110021	1175	1175	1175	1175
1399576512916183555	1175	1175	1175	1175
1399576512946107815	1175	1175	1175	1175
1399576513032106321	1175	1175	1175	1175
1399576513054094010	1175	1175	1175	1175
1399576513104110391	1175	1175	1175	1175
1399576513134092391	1175	1175	1175	1175
1399576513202054251	1175	1175	1175	1175
1399576513254000679	1175	1175	1175	1175
1399576513300006090	1105	1105	1105	1105
1399576513330955445	1105	1105	1105	1105
1399576513408967996	1105	1105	1105	1105
1399576513461986570	1105	1105	1105	1105
1399576513477935567	1105	1105	1105	1105
1399576513531965344	1105	1105	1105	1105
1399576513547896384	1105	1105	1105	1105
1399576513571884481	1105	1105	1105	1105
1399576513635861874	1105	1105	1105	1105
1399576513682810256	1105	1105	1105	1105
1399576513698718902	1105	1105	1105	1105
1399576513734768296	1105	1105	1105	1105
1399576513845730884	1105	1105	1105	1105
1399576513861740366	1105	1105	1105	1105
1399576513907643974	1105	1105	1105	1105
1399576513924616827	1105	1105	1105	1105
1399576513959650305	1105	1105	1105	1105
1399576513975625793	1105	1105	1105	1105
1399576514038696508	1105	1105	1105	1105
1399576514055606417	1105	1105	1105	1105
1399576514114550738	1105	1105	1105	1105
1399576514161573032	1105	1105	1105	1105
1399576514197566691	1105	1105	1105	1105
1399576514222534184	1105	1105	1105	1105
1399576514284656291	1105	1105	1105	1105
1399576514397624247	1105	1105	1105	1105
1399576514430521417	1105	1105	1105	1105
1399576514446484347	1105	1105	1105	1105
1399576514487504420	1105	1105	1105	1105
1399576514506485553	1105	1105	1105	1105
1399576514613464148	1105	1105	1105	1105
1399576514646452595	1105	1105	1105	1105
1399576514689493792	1105	1105	1105	1105
1399576514705410637	1105	1105	1105	1105
1399576514806429081	1105	1105	1105	1105
1399576514823411331	1105	1105	1105	1105
1399576514841408667	1105	1105	1105	1105
1399576514858413913	1105	1105	1105	1105
1399576514904344761	1105	1105	1105	1105
1399576515005352001	1105	1105	1105	1105
1399576515063241052	1105	1105	1105	1105
1399576515079125340	1105	1105	1105	1105
1399576515117185825	1105	1105	1105	1105
1399576515134170323	1105	1105	1105	1105
1399576515239274888	1105	1105	1105	1105
1399576515265242659	1105	1105	1105	1105
1399576515319171088	1105	1105	1105	1105
1399576515355183241	1105	1105	1105	1105
1399576515374173395	1105	1105	1105	1105
1399576515454054476	1105	1105	1105	1105
1399576515530007340	1105	1105	1105	1105
1399576515546032412	1105	1105	1105	1105
1399576515578957890	1105	1105	1105	1105
1399576515594941859	1105	1105	1105	1105
1399576515654935082	1105	1105	1105	1105
1399576515681011966	1105	1105	1105	1105
1399576515696994039	1105	1105	1105	1105
1399576515744003108	1105	1105	1105	1105
1399576515771977919	1105	1105	1105	1105
1399576515822968817	1105	1105	1105	1105
1399576515889958844	1105	1105	1105	1105
1399576515905924080	1105	1105	1105	1105
1399576515933925712	1105	1105	1105	1105
1399576516053894787	1105	1105	1105	1105
1399576516069828540	1105	1105	1105	1105
1399576516112859063	1105	1105	1105	1105
1399576516129771809	1105	1105	1105	1105
1399576516164833851	1105	1105	1105	1105
1399576516185840077	1105	1105	1105	1105
1399576516268747671	1105	1105	1105	1105
1399576516284726787	1105	1105	1105	1105
1399576516332766747	1105	1105	1105	1105
1399576516368778325	1105	1105	1105	1105
1399576516385777362	1105	1105	1105	1105
1399576516452738888	1105	1105	1105	1105
1399576516515701384	1105	1105	1105	1105
1399576516555677844	1105	1105	1105	1105
1399576516595637757	1105	1105	1105	1105
1399576516614612933	1105	1105	1105	1105
1399576516631637605	1105	1105	1105	1105
1399576516682525782	1105	1105	1105	1105
1399576516718606798	1105	1105	1105	1105
1399576516759478020	1105	1105	1105	1105
1399576516800543960	1105	1105	1105	1105
1399576516817567767	1105	1105	1105	1105
1399576516881564634	1105	1105	1105	1105
1399576516898567253	1105	1105	1105	1105
1399576517013461314	1105	1105	1105	1105
1399576517029444482	1105	1105	1105	1105
1399576517060423987	1105	1105	1105	1105
1399576517114402617	1105	1105	1105	1105
1399576517146428940	1105	1105	1105	1105
1399576517255291672	1105	1105	1105	1105
1399576517272258978	1105	1105	1105	1105
1399576517288229248	1105	1105	1105	1105
1399576517327276025	1105	1105	1105	1105
1399576517345199254	1105	1105	1105	1105
1399576517440033024	1105	1105	1105	1105
1399576517466045148	1105	1105	1105	1105
1399576517508047840	1105	1105	1105	1105
1399576517560908647	1105	1105	1105	1105
1399576517586089388	1105	1105	1105	1105
1399576517647989242	1105	1105	1105	1105
1399576517720926487	1105	1105	1105	1105
1399576517738935772	1105	1105	1105	1105
1399576517817890616	1105	1105	1105	1105
1399576517904775816	1105	1105	1105	1105
1399576517920760016	1105	1105	1105	1105
1399576517944779623	1105	1105	1105	1105
1399576517960754648	1105	1105	1105	1105
1399576517995754502	1105	1105	1105	1105
1399576518032717635	1105	1105	1105	1105
1399576518081710473	1105	1105	1105	1105
1399576518105680572	1105	1105	1105	1105
1399576518135722824	1105	1105	1105	1105
1399576518182748871	1105	1105	1105	1105
1399576518246651562	1105	1105	1105	1105
1399576518306622202	1105	1105	1105	1105
1399576518325641605	1105	1105	1105	1105
1399576518343619172	1105	1105	1105	1105
1399576518405587455	1105	1105	1105	1105
1399576518422568161	1105	1105	1105	1105
1399576518449523763	1105	1105	1105	1105
1399576518530541507	1105	1105	1105	1105
1399576518546525388	1105	1105	1105	1105
1399576518573510768	1105	1105	1105	1105
1399576518610508348	1105	1105	1105	1105
1399576518651436363	1105	1105	1105	1105
1399576518735467989	1105	1105	1105	1105
1399576518751487051	1105	1105	1105	1105
1399576518786444430	1105	1105	1105	1105
1399576518812408469	1105	1105	1105	1105
1399576518885387905	1105	1105	1105	1105
1399576518922399076	1105	1105	1105	1105
1399576518964345916	1105	1105	1105	1105
1399576519028409883	1105	1105	1105	1105
1399576519045324400	1105	1105	1105	1105
1399576519081363247	1105	1105	1105	1105
1399576519098300983	1105	1105	1105	1105
1399576519215278228	1105	1105	1105	1105
1399576519231293018	1105	1105	1105	1105
1399576519249191214	1105	1105	1105	1105
1399576519266270923	1105	1105	1105	1105
1399576519293300169	1105	1105	1105	1105
1399576519329194386	1105	1105	1105	1105
1399576519429209748	1105	1105	1105	1105
1399576519450179496	1105	1105	1105	1105
1399576519551187453	1105	1105	1105	1105
1399576519568115918	1105	1105	1105	1105
1399576519675126847	1105	1105	1105	1105
1399576519692042670	1105	1105	1105	1105
1399576519708098011	1105	1105	1105	1105
1399576519732082879	1105	1105	1105	1105
1399576519810051474	1105	1105	1105	1105
1399576519896985453	1105	1105	1105	1105
1399576519913954547	1105	1105	1105	1105
1399576519936950609	1105	1105	1105	1105
1399576519953927372	1105	1105	1105	1105
1399576519980978172	1105	1105	1105	1105
1399576520101909557	1105	1105	1105	1105
1399576520181830749	1105	1105	1105	1105
1399576520198804604	1105	1105	1105	1105
1399576520231816083	1105	1105	1105	1105
1399576520318763050	1105	1105	1105	1105
1399576520337692084	1105	1105	1105	1105
1399576520399628739	1105	1105	1105	1105
1399576520415659131	1105	1105	1105	1105
1399576520432680642	1105	1105	1105	1105
1399576520509643647	1105	1105	1105	1105
1399576520526666788	1105	1105	1105	1105
1399576520550662061	1105	1105	1105	1105
1399576520570602225	1105	1105	1105	1105
1399576520652621566	1105	1105	1105	1105
1399576520714563006	1105	1105	1105	1105
1399576520754540799	1105	1105	1105	1105
1399576520779538279	1105	1105	1105	1105
1399576520795531566	1105	1105	1105	1105
1399576520822518460	1105	1105	1105	1105
1399576520862436450	1105	1105	1105	1105
1399576520948456751	1105	1105	1105	1105
1399576520965647108	1105	1105	1105	1105
1399576520983405311	1105	1105	1105	1105
1399576521011469232	1105	1105	1105	1105
1399576521082430163	1105	1105	1105	1105
1399576521100364477	1105	1105	1105	1105
1399576521159306330	1105	1105	1105	1105
1399576521175344770	1105	1105	1105	1105
1399576521234329183	1105	1105	1105	1105
1399576521253333652	1105	1105	1105	1105
1399576521338308011	1105	1105	1105	1105
1399576521378309980	1105	1105	1105	1105
1399576521408296058	1105	1105	1105	1105
1399576521424195638	1105	1105	1105	1105
1399576521493296285	1105	1105	1105	1105
1399576521555272006	1105	1105	1105	1105
1399576521572266564	1105	1105	1105	1105
1399576521666197010	1105	1105	1105	1105
1399576521682140616	1105	1105	1105	1105
1399576521699179171	1105	1105	1105	1105
1399576521715174037	1105	1105	1105	1105
1399576521737181091	1105	1105	1105	1105
1399576521822152633	1105	1105	1105	1105
1399576521842189611	1105	1105	1105	1105
1399576521859175402	1105	1105	1105	1105
1399576521921148653	1105	1105	1105	1105
1399576521939130897	1105	1105	1105	1105
1399576522018055941	1105	1105	1105	1105
1399576522105052782	1105	1105	1105	1105
1399576522121050101	1105	1105	1105	1105
1399576522186973344	1105	1105	1105	1105
1399576522203030585	1105	1105	1105	1105
1399576522220010863	1105	1105	1105	1105
1399576522268968546	1105	1105	1105	1105
1399576522291966316	1105	1105	1105	1105
1399576522390959486	1105	1105	1105	1105
1399576522407914299	1105	1105	1105	1105
1399576522423816764	1105	1105	1105	1105
1399576522473830804	1105	1105	1105	1105
1399576522489867981	1105	1105	1105	1105
1399576522542880479	1105	1105	1105	1105
1399576522605792832	1105	1105	1105	1105
1399576522621775436	1105	1105	1105	1105
1399576522729745899	1105	1105	1105	1105
1399576522745731693	1105	1105	1105	1105
1399576522762670927	1105	1105	1105	1105
1399576522779697810	1105	1105	1105	1105
1399576522857684753	1105	1105	1105	1105
1399576522919599296	1105	1105	1105	1105
1399576522960579116	1105	1105	1105	1105
1399576522984568546	1105	1105	1105	1105
1399576523000579476	1105	1105	1105	1105
1399576523035567102	1105	1105	1105	1105
1399576523068585441	1105	1105	1105	1105
1399576523155516955	1105	1105	1105	1105
1399576523172490640	1105	1105	1105	1105
1399576523200533559	1105	1105	1105	1105
1399576523223484193	1105	1105	1105	1105
1399576523286503583	1105	1105	1105	1105
1399576523310437084	1105	1105	1105	1105
1399576523356471705	1105	1105	1105	1105
1399576523384400746	1105	1105	1105	1105
1399576523446428364	1105	1105	1105	1105
1399576523463465509	1105	1105	1105	1105
1399576523490393260	1105	1105	1105	1105
1399576523565340787	1105	1105	1105	1105
1399576523583367041	1105	1105	1105	1105
1399576523613380404	1105	1105	1105	1105
1399576523702291373	1105	1105	1105	1105
1399576523726297375	1105	1105	1105	1105
1399576523743268196	1105	1105	1105	1105
1399576523789310570	1105	1105	1105	1105
1399576523834224708	1105	1105	1105	1105
1399576523875261036	1105	1105	1105	1105
1399576523908291855	1105	1105	1105	1105
1399576523971265852	1105	1105	1105	1105
1399576524026195577	1105	1105	1105	1105
1399576524045143348	1105	1105	1105	1105
1399576524062131972	1105	1105	1105	1105
1399576524126144175	1105	1105	1105	1105
1399576524144093342	1105	1105	1105	1105
1399576524226124256	1105	1105	1105	1105
1399576524275008435	1105	1105	1105	1105
1399576524307002275	1105	1105	1105	1105
1399576524330030434	1105	1105	1105	1105
1399576524372037673	1105	1105	1105	1105
1399576524470934881	1105	1105	1105	1105
1399576524491936079	1105	1105	1105	1105
1399576524530943860	1105	1105	1105	1105
1399576524585876897	1105	1105	1105	1105
1399576524652883923	1105	1105	1105	1105
1399576524709855293	1105	1105	1105	1105
1399576524725754235	1105	1105	1105	1105
1399576524746800157	1105	1105	1105	1105
1399576524809790126	1105	1105	1105	1105
1399576524825761853	1105	1105	1105	1105
1399576524934746069	1105	1105	1105	1105
1399576524950733753	1105	1105	1105	1105
1399576524967854263	1105	1105	1105	1105
1399576524984822804	1105	1105	1105	1105
1399576525062847789	1105	1105	1105	1105
1399576525124883037	1105	1105	1105	1105
1399576525165752027	1105	1105	1105	1105
1399576525194769175	1105	1105	1105	1105
1399576525210838696	1105	1105	1105	1105
1399576525227732371	1105	1105	1105	1105
1399576525296700763	1105	1105	1105	1105
1399576525359694336	1105	1105	1105	1105
1399576525380537535	1105	1105	1105	1105
1399576525443681773	1105	1105	1105	1105
1399576525461625536	1105	1105	1105	1105
1399576525542626367	1105	1105	1105	1105
1399576525584427011	1105	1105	1105	1105
1399576525601442866	1105	1105	1105	1105
1399576525618472894	1105	1105	1105	1105
1399576525699410957	1105	1105	1105	1105
1399576525723516797	1105	1105	1105	1105
1399576525774563754	1105	1105	1105	1105
1399576525790464780	1105	1105	1105	1105
1399576525825432536	1105	1105	1105	1105
1399576525851377184	1105	1105	1105	1105
1399576525924307515	1105	1105	1105	1105
1399576525961453175	1105	1105	1105	1105
1399576526003401968	1105	1105	1105	1105
1399576526067383175	1105	1105	1105	1105
1399576526083382279	1105	1105	1105	1105
1399576526117387557	1105	1105	1105	1105
1399576526179407966	1105	1105	1105	1105
1399576526225189786	1105	1105	1105	1105
1399576526249313019	1105	1105	1105	1105
1399576526266322824	1105	1105	1105	1105
1399576526300337774	1105	1105	1105	1105
1399576526383331597	1105	1105	1105	1105
1399576526399288199	1105	1105	1105	1105
1399576526445308444	1105	1105	1105	1105
1399576526461180991	1105	1105	1105	1105
1399576526491186361	1105	1105	1105	1105
1399576526531160620	1105	1105	1105	1105
1399576526586043158	1105	1105	1105	1105
1399576526681131281	1105	1105	1105	1105
1399576526715136632	1105	1105	1105	1105
1399576526751125359	1105	1105	1105	1105
1399576526772108179	1105	1105	1105	1105
1399576526852102503	1105	1105	1105	1105
1399576526939008275	1105	1105	1105	1105
1399576526954935146	1105	1105	1105	1105
1399576526978957680	1105	1105	1105	1105
1399576526994923864	1105	1105	1105	1105
1399576527022951229	1105	1105	1105	1105
1399576527131855715	1105	1105	1105	1105
1399576527148860647	1105	1105	1105	1105
1399576527164788303	1105	1105	1105	1105
1399576527182725683	1105	1105	1105	1105
1399576527211928368	1105	1105	1105	1105
1399576527283883818	1105	1105	1105	1105
1399576527339762116	1105	1105	1105	1105
1399576527356724183	1105	1105	1105	1105
1399576527372763032	1105	1105	1105	1105
1399576527433825199	1105	1105	1105	1105
1399576527452790212	1105	1105	1105	1105
1399576527564692552	1105	1105	1105	1105
1399576527580705188	1105	1105	1105	1105
1399576527597647483	1105	1105	1105	1105
1399576527618569783	1105	1105	1105	1105
1399576527693630884	1105	1105	1105	1105
1399576527756582776	1105	1105	1105	1105
1399576527796410205	1105	1105	1105	1105
1399576527825359499	1105	1105	1105	1105
1399576527842384250	1105	1105	1105	1105
1399576527852375208	1105	1105	1105	1105
1399576527904367625	1105	1105	1105	1105
1399576527990329545	1105	1105	1105	1105
1399576528007322517	1105	1105	1105	1105
1399576528025308490	1105	1105	1105	1105
1399576528053300535	1105	1105	1105	1105
1399576528121276575	1105	1105	1105	1105
1399576528139203780	1105	1105	1105	1105
1399576528192186176	1105	1105	1105	1105
1399576528223228034	1105	1105	1105	1105
1399576528279254073	1105	1105	1105	1105
1399576528305259043	1105	1105	1105	1105
1399576528381289419	1105	1105	1105	1105
1399576528424163741	1105	1105	1105	1105
1399576528441121298	1105	1105	1105	1105
1399576528458136789	1105	1105	1105	1105
1399576528489150371	1105	1105	1105	1105
1399576528530155519	1105	1105	1105	1105
1399576528585113157	1105	1105	1105	1105
1399576528680031365	1105	1105	1105	1105
1399576528697001260	1105	1105	1105	1105
1399576528714031852	1105	1105	1105	1105
1399576528750009858	1105	1105	1105	1105
1399576528770031827	1105	1105	1105	1105
1399576528883967313	1105	1105	1105	1105
1399576528900964624	1105	1105	1105	1105
1399576528918940535	1105	1105	1105	1105
1399576528934891563	1105	1105	1105	1105
1399576528973970652	1105	1105	1105	1105
1399576529013846352	1105	1105	1105	1105
1399576529079848682	1105	1105	1105	1105
1399576529116865120	1105	1105	1105	1105
1399576529140804346	1105	1105	1105	1105
1399576529221808105	1105	1105	1105	1105
1399576529238772418	1105	1105	1105	1105
1399576529369716763	1105	1105	1105	1105
1399576529424639665	1105	1105	1105	1105
1399576529488636333	1105	1105	1105	1105
1399576529553615904	1105	1105	1105	1105
1399576529587583958	1105	1105	1105	1105
1399576529648605756	1105	1105	1105	1105
1399576529665501459	1105	1105	1105	1105
1399576529774517599	1105	1105	1105	1105
1399576529791527281	1105	1105	1105	1105
1399576529817533052	1105	1105	1105	1105
1399576529834509062	1105	1105	1105	1105
1399576529863527680	1105	1105	1105	1105
1399576529903474347	1105	1105	1105	1105
1399576529989510414	1105	1105	1105	1105
1399576530005487574	1105	1105	1105	1105
1399576530023475407	1105	1105	1105	1105
1399576530052469606	1105	1105	1105	1105
1399576530113379908	1105	1105	1105	1105
1399576530200374219	1105	1105	1105	1105
1399576530216380274	1105	1105	1105	1105
1399576530240327117	1105	1105	1105	1105
1399576530290289855	1105	1105	1105	1105
1399576530309351102	1105	1105	1105	1105
1399576530379339874	1105	1105	1105	1105
1399576530422266388	1105	1105	1105	1105
1399576530439246631	1105	1105	1105	1105
1399576530456238821	1105	1105	1105	1105
1399576530491217350	1105	1105	1105	1105
1399576530590244482	1105	1105	1105	1105
1399576530632235285	1105	1105	1105	1105
1399576530649217501	1105	1105	1105	1105
1399576530667180699	1105	1105	1105	1105
1399576530691108707	1105	1105	1105	1105
1399576530763056454	1105	1105	1105	1105
1399576530800147305	1105	1105	1105	1105
1399576530843070589	1105	1105	1105	1105
1399576530863072207	1105	1105	1105	1105
1399576530893090637	1105	1105	1105	1105
1399576530962002214	1105	1105	1105	1105
1399576530980012930	1105	1105	1105	1105
1399576531092051547	1105	1105	1105	1105
1399576531107977887	1105	1105	1105	1105
1399576531125984620	1105	1105	1105	1105
1399576531142918529	1105	1105	1105	1105
1399576531219962359	1105	1105	1105	1105
1399576531235955320	1105	1105	1105	1105
1399576531281933113	1105	1105	1105	1105
1399576531302851812	1105	1105	1105	1105
1399576531376803679	1105	1105	1105	1105
1399576531400797398	1105	1105	1105	1105
1399576531422827183	1105	1105	1105	1105
1399576531517767170	1105	1105	1105	1105
1399576531543780712	1105	1105	1105	1105
1399576531582731920	1105	1105	1105	1105
1399576531645766065	1105	1105	1105	1105
1399576531661773936	1105	1105	1105	1105
1399576531716707320	1105	1105	1105	1105
1399576531732681861	1105	1105	1105	1105
1399576531799666504	1105	1105	1105	1105
1399576531816554858	1105	1105	1105	1105
1399576531898657157	1105	1105	1105	1105
1399576531947540665	1105	1105	1105	1105
1399576531978502553	1105	1105	1105	1105
1399576532024510202	1105	1105	1105	1105
1399576532051439639	1105	1105	1105	1105
1399576532124492344	1105	1105	1105	1105
1399576532171487731	1105	1105	1105	1105
1399576532188451027	1105	1105	1105	1105
1399576532211453310	1105	1105	1105	1105
1399576532252468584	1105	1105	1105	1105
1399576532289395931	1105	1105	1105	1105
1399576532374318304	1105	1105	1105	1105
1399576532438312534	1105	1105	1105	1105
1399576532455299208	1105	1105	1105	1105
1399576532475343344	1105	1105	1105	1105
1399576532500324813	1105	1105	1105	1105
1399576532581295780	1105	1105	1105	1105
1399576532623235180	1105	1105	1105	1105
1399576532640199570	1105	1105	1105	1105
1399576532658209371	1105	1105	1105	1105
1399576532736231517	1105	1105	1105	1105
1399576532798357577	1105	1105	1105	1105
1399576532838377923	1105	1105	1105	1105
1399576532867287906	1105	1105	1105	1105
1399576532883100040	1105	1105	1105	1105
1399576532900334932	1105	1105	1105	1105
1399576532946297902	1105	1105	1105	1105
1399576533008249665	1105	1105	1105	1105
1399576533049584919	1105	1105	1105	1105
1399576533073191102	1105	1105	1105	1105
1399576533164170249	1105	1105	1105	1105
1399576533181238122	1105	1105	1105	1105
1399576533294242718	1105	1105	1105	1105
1399576533310126201	1105	1105	1105	1105
1399576533334084193	1105	1105	1105	1105
1399576533351035233	1105	1105	1105	1105
1399576533421131492	1105	1105	1105	1105
1399576533438120964	1105	1105	1105	1105
1399576533483063223	1105	1105	1105	1105
1399576533499990261	1105	1105	1105	1105
1399576533529070056	1105	1105	1105	1105
1399576533569983795	1105	1105	1105	1105
1399576533625034357	1105	1105	1105	1105
1399576533720024958	1105	1105	1105	1105
1399576533753040834	1105	1105	1105	1105
1399576533786821087	1105	1105	1105	1105
1399576533848991380	1105	1105	1105	1105
1399576533865836792	1105	1105	1105	1105
1399576533927903595	1105	1105	1105	1105
1399576533944789517	1105	1105	1105	1105
1399576534005845840	1105	1105	1105	1105
1399576534023864367	1105	1105	1105	1105
1399576534048907472	1105	1105	1105	1105
1399576534147765157	1105	1105	1105	1105
1399576534182771848	1105	1105	1105	1105
1399576534209743542	1105	1105	1105	1105
1399576534250783397	1105	1105	1105	1105
1399576534325581169	1105	1105	1105	1105
1399576534378598991	1105	1105	1105	1105
1399576534395619654	1105	1105	1105	1105
1399576534420652405	1105	1105	1105	1105
1399576534473622747	1105	1105	1105	1105
1399576534492544005	1105	1105	1105	1105
1399576534604528828	1105	1105	1105	1105
1399576534620463605	1105	1105	1105	1105
1399576534637273298	1105	1105	1105	1105
1399576534658371167	1105	1105	1105	1105
1399576534703434475	1105	1105	1105	1105
1399576534733503883	1105	1105	1105	1105
1399576534793413729	1105	1105	1105	1105
1399576534857347008	1105	1105	1105	1105
1399576534874277978	1105	1105	1105	1105
1399576534903339850	1105	1105	1105	1105
1399576534945355299	1105	1105	1105	1105
1399576535024365063	1105	1105	1105	1105
1399576535041328947	1105	1105	1105	1105
1399576535104288381	1105	1105	1105	1105
1399576535121288614	1105	1105	1105	1105
1399576535155136468	1105	1105	1105	1105
1399576535181198141	1105	1105	1105	1105
1399576535232197390	1105	1105	1105	1105
1399576535253205525	1105	1105	1105	1105
1399576535315167341	1105	1105	1105	1105
1399576535340210613	1105	1105	1105	1105
1399576535420155890	1105	1105	1105	1105
1399576535463143982	1105	1105	1105	1105
1399576535490050669	1105	1105	1105	1105
1399576535506081640	1105	1105	1105	1105
1399576535574966661	1105	1105	1105	1105
1399576535637065562	1105	1105	1105	1105
1399576535654059357	1105	1105	1105	1105
1399576535701923865	1105	1105	1105	1105
1399576535718889948	1105	1105	1105	1105
1399576535744927649	1105	1105	1105	1105
1399576535784931843	1105	1105	1105	1105
1399576535846894537	1105	1105	1105	1105
1399576535909893633	1105	1105	1105	1105
1399576535925900224	1105	1105	1105	1105
1399576536000817183	1105	1105	1105	1105
1399576536018789496	1105	1105	1105	1105
1399576536097868387	1105	1105	1105	1105
1399576536184620195	1105	1105	1105	1105
1399576536200571641	1105	1105	1105	1105
1399576536224602191	1105	1105	1105	1105
1399576536240524138	1105	1105	1105	1105
1399576536278580193	1105	1105	1105	1105
1399576536343661687	1105	1105	1105	1105
1399576536359546789	1105	1105	1105	1105
1399576536419567232	1105	1105	1105	1105
1399576536443586880	1105	1105	1105	1105
1399576536465639157	1105	1105	1105	1105
1399576536529565936	1105	1105	1105	1105
1399576536593600881	1105	1105	1105	1105
1399576536627582526	1105	1105	1105	1105
1399576536689509788	1105	1105	1105	1105
1399576536705470893	1105	1105	1105	1105
1399576536814469238	1105	1105	1105	1105
1399576536830385535	1105	1105	1105	1105
1399576536847465299	1105	1105	1105	1105
1399576536864355196	1105	1105	1105	1105
1399576536888350116	1105	1105	1105	1105
1399576536964368480	1105	1105	1105	1105
1399576537011381897	1105	1105	1105	1105
1399576537103362945	1105	1105	1105	1105
1399576537119229119	1105	1105	1105	1105
1399576537153383679	1105	1105	1105	1105
1399576537239276164	1105	1105	1105	1105
1399576537256306934	1105	1105	1105	1105
1399576537282271142	1105	1105	1105	1105
1399576537314243135	1105	1105	1105	1105
1399576537333231004	1105	1105	1105	1105
1399576537419257194	1105	1105	1105	1105
1399576537461190815	1105	1105	1105	1105
1399576537488189501	1105	1105	1105	1105
1399576537504200804	1105	1105	1105	1105
1399576537573021151	1105	1105	1105	1105
1399576537635091690	1105	1105	1105	1105
1399576537676164676	1105	1105	1105	1105
1399576537700078445	1105	1105	1105	1105
1399576537717077506	1105	1105	1105	1105
1399576537744029028	1105	1105	1105	1105
1399576537783076713	1105	1105	1105	1105
1399576537845855433	1105	1105	1105	1105
1399576537885826825	1105	1105	1105	1105
1399576537904822091	1105	1105	1105	1105
1399576537931998517	1105	1105	1105	1105
1399576538003774858	1105	1105	1105	1105
1399576538020743392	1105	1105	1105	1105
1399576538130701451	1105	1105	1105	1105
1399576538146722279	1105	1105	1105	1105
1399576538165726201	1105	1105	1105	1105
1399576538181684301	1105	1105	1105	1105
1399576538232670154	1105	1105	1105	1105
1399576538273660074	1105	1105	1105	1105
1399576538328639682	1105	1105	1105	1105
1399576538344579654	1105	1105	1105	1105
1399576538369575088	1105	1105	1105	1105
1399576538468483175	1105	1105	1105	1105
1399576538485496885	1105	1105	1105	1105
1399576538592506154	1105	1105	1105	1105
1399576538609455543	1105	1105	1105	1105
1399576538625453275	1105	1105	1105	1105
1399576538650410622	1105	1105	1105	1105
1399576538666448556	1105	1105	1105	1105
1399576538699370101	1105	1105	1105	1105
1399576538761404961	1105	1105	1105	1105
1399576538778381664	1105	1105	1105	1105
1399576538840316886	1105	1105	1105	1105
1399576538858333462	1105	1105	1105	1105
1399576538937264615	1105	1105	1105	1105
1399576539023230687	1105	1105	1105	1105
1399576539039215303	1105	1105	1105	1105
1399576539105220142	1105	1105	1105	1105
1399576539121201339	1105	1105	1105	1105
1399576539138213409	1105	1105	1105	1105
1399576539156160628	1105	1105	1105	1105
1399576539220161607	1105	1105	1105	1105
1399576539236165758	1105	1105	1105	1105
1399576539253155017	1105	1105	1105	1105
1399576539303125342	1105	1105	1105	1105
1399576539367140950	1105	1105	1105	1105
1399576539427054277	1105	1105	1105	1105
1399576539444026215	1105	1105	1105	1105
1399576539467026990	1105	1105	1105	1105
1399576539520053656	1105	1105	1105	1105
1399576539552040207	1105	1105	1105	1105
1399576539626000837	1105	1105	1105	1105
1399576539668937751	1105	1105	1105	1105
1399576539685908001	1105	1105	1105	1105
1399576539702919024	1105	1105	1105	1105
1399576539729948723	1105	1105	1105	1105
1399576539781001696	1105	1105	1105	1105
1399576539866876938	1105	1105	1105	1105
1399576539884138893	1105	1105	1105	1105
1399576539902010796	1105	1105	1105	1105
1399576539930052997	1105	1105	1105	1105
1399576540001050363	1105	1105	1105	1105
1399576540018996694	1105	1105	1105	1105
1399576540163999138	1105	1105	1105	1105
1399576540180858893	1105	1105	1105	1105
1399576540196707518	1105	1105	1105	1105
1399576540213867125	1105	1105	1105	1105
1399576540235838768	1105	1105	1105	1105
1399576540295704449	1105	1105	1105	1105
1399576540331803103	1105	1105	1105	1105
1399576540347832416	1105	1105	1105	1105
1399576540413817289	1105	1105	1105	1105
1399576540476712577	1105	1105	1105	1105
1399576540492603101	1105	1105	1105	1105
1399576540586589251	1105	1105	1105	1105
1399576540603560440	1105	1105	1105	1105
1399576540619557020	1105	1105	1105	1105
1399576540636532935	1105	1105	1105	1105
1399576540657685306	1105	1105	1105	1105
1399576540815571684	1105	1105	1105	1105
1399576540859601482	1105	1105	1105	1105
1399576540889536378	1105	1105	1105	1105
1399576540953908130	1105	1105	1105	1105
1399576540972343647	1105	1105	1105	1105
1399576541050499170	1105	1105	1105	1105
1399576541074409691	1105	1105	1105	1105
1399576541091443006	1105	1105	1105	1105
1399576541189362180	1105	1105	1105	1105
1399576541210371713	1105	1105	1105	1105
1399576541250501345	1105	1105	1105	1105
1399576541304421352	1105	1105	1105	1105
1399576541369383022	1105	1105	1105	1105
1399576541433249312	1105	1105	1105	1105
1399576541467385763	1105	1105	1105	1105
1399576541529207814	1105	1105	1105	1105
1399576541545365351	1105	1105	1105	1105
1399576541653117358	1105	1105	1105	1105
1399576541669228231	1105	1105	1105	1105
1399576541686207482	1105	1105	1105	1105
1399576541703104618	1105	1105	1105	1105
1399576541781193688	1105	1105	1105	1105
1399576541843192684	1105	1105	1105	1105
1399576541884185251	1105	1105	1105	1105
1399576541908189511	1105	1105	1105	1105
1399576541925149079	1105	1105	1105	1105
1399576541992111716	1105	1105	1105	1105
1399576542078140492	1105	1105	1105	1105
1399576542095058806	1105	1105	1105	1105
1399576542123076823	1105	1105	1105	1105
1399576542152958269	1105	1105	1105	1105
1399576542172083165	1105	1105	1105	1105
1399576542258076625	1105	1105	1105	1105
1399576542300054311	1105	1105	1105	1105
1399576542326975117	1105	1105	1105	1105
1399576542342999847	1105	1105	1105	1105
1399576542411936715	1105	1105	1105	1105
1399576542473935709	1105	1105	1105	1105
1399576542581865620	1105	1105	1105	1105
1399576542624867150	1105	1105	1105	1105
1399576542677777489	1105	1105	1105	1105
1399576542717754440	1105	1105	1105	1105
1399576542741808483	1105	1105	1105	1105
1399576542771706183	1105	1105	1105	1105
1399576542839574825	1105	1105	1105	1105
1399576542857584013	1105	1105	1105	1105
1399576542969477746	1105	1105	1105	1105
1399576542986518057	1105	1105	1105	1105
1399576543004496350	1105	1105	1105	1105
1399576543020485003	1105	1105	1105	1105
1399576543072448781	1105	1105	1105	1105
1399576543113486116	1105	1105	1105	1105
1399576543165486637	1105	1105	1105	1105
1399576543201386913	1105	1105	1105	1105
1399576543233401224	1105	1105	1105	1105
1399576543310397479	1105	1105	1105	1105
1399576543330359020	1105	1105	1105	1105
1399576543422365815	1105	1105	1105	1105
1399576543439266913	1105	1105	1105	1105
1399576543455434088	1105	1105	1105	1105
1399576543472282821	1105	1105	1105	1105
1399576543493283382	1105	1105	1105	1105
1399576543570221149	1105	1105	1105	1105
1399576543619278448	1105	1105	1105	1105
1399576543650226662	1105	1105	1105	1105
1399576543690304095	1105	1105	1105	1105
1399576543777087385	1105	1105	1105	1105
1399576543863150854	1105	1105	1105	1105
1399576543880111918	1105	1105	1105	1105
1399576543903129710	1105	1105	1105	1105
1399576543920134564	1105	1105	1105	1105
1399576543954226799	1105	1105	1105	1105
1399576543988114769	1105	1105	1105	1105
1399576544075067005	1105	1105	1105	1105
1399576544090981166	1105	1105	1105	1105
1399576544155979461	1105	1105	1105	1105
1399576544173001917	1105	1105	1105	1105
1399576544188979285	1105	1105	1105	1105
1399576544266960129	1105	1105	1105	1105
1399576544282988177	1105	1105	1105	1105
1399576544304961840	1105	1105	1105	1105
1399576544366936392	1105	1105	1105	1105
1399576544383929118	1105	1105	1105	1105
1399576544410914959	1105	1105	1105	1105
1399576544470870027	1105	1105	1105	1105
1399576544534785384	1105	1105	1105	1105
1399576544551789694	1105	1105	1105	1105
1399576544579819732	1105	1105	1105	1105
1399576544622790274	1105	1105	1105	1105
1399576544702768512	1105	1105	1105	1105
1399576544718743707	1105	1105	1105	1105
1399576544781752539	1105	1105	1105	1105
1399576544798650200	1105	1105	1105	1105
1399576544831720116	1105	1105	1105	1105
1399576544893625056	1105	1105	1105	1105
1399576544934667016	1105	1105	1105	1105
1399576544958635622	1105	1105	1105	1105
1399576545008668375	1105	1105	1105	1105
1399576545025577330	1105	1105	1105	1105
1399576545098620150	1105	1105	1105	1105
1399576545138542833	1105	1105	1105	1105
1399576545170543058	1105	1105	1105	1105
1399576545186503410	1105	1105	1105	1105
1399576545253503311	1105	1105	1105	1105
1399576545315462972	1105	1105	1105	1105
1399576545337406611	1105	1105	1105	1105
1399576545425440737	1105	1105	1105	1105
1399576545442410790	1105	1105	1105	1105
1399576545458451435	1105	1105	1105	1105
1399576545475356394	1105	1105	1105	1105
1399576545496377454	1105	1105	1105	1105
1399576545581365341	1105	1105	1105	1105
1399576545601308116	1105	1105	1105	1105
1399576545618309714	1105	1105	1105	1105
1399576545684259898	1105	1105	1105	1105
1399576545701309771	1105	1105	1105	1105
1399576545778244488	1105	1105	1105	1105
1399576545864122562	1105	1105	1105	1105
1399576545881139370	1105	1105	1105	1105
1399576545904224579	1105	1105	1105	1105
1399576545921136318	1105	1105	1105	1105
1399576545955220388	1105	1105	1105	1105
1399576546023111313	1105	1105	1105	1105
1399576546039104326	1105	1105	1105	1105
1399576546065078715	1105	1105	1105	1105
1399576546095112783	1105	1105	1105	1105
1399576546143135967	1105	1105	1105	1105
1399576546210070063	1105	1105	1105	1105
1399576546266073006	1105	1105	1105	1105
1399576546282022643	1105	1105	1105	1105
1399576546303980848	1105	1105	1105	1105
1399576546366007175	1105	1105	1105	1105
1399576546383027303	1105	1105	1105	1105
1399576546490942292	1105	1105	1105	1105
1399576546506913197	1105	1105	1105	1105
1399576546523916131	1105	1105	1105	1105
1399576546539925187	1105	1105	1105	1105
1399576546618853176	1105	1105	1105	1105
1399576546680827153	1105	1105	1105	1105
1399576546720845306	1105	1105	1105	1105
1399576546749831355	1105	1105	1105	1105
1399576546766819661	1105	1105	1105	1105
1399576546782820085	1105	1105	1105	1105
1399576546830823596	1105	1105	1105	1105
1399576546917714638	1105	1105	1105	1105
1399576546933711985	1105	1105	1105	1105
1399576546957732094	1105	1105	1105	1105
1399576547007713345	1105	1105	1105	1105
1399576547023693739	1105	1105	1105	1105
1399576547096681488	1105	1105	1105	1105
1399576547139625076	1105	1105	1105	1105
1399576547166603657	1105	1105	1105	1105
1399576547182595853	1105	1105	1105	1105
1399576547251573498	1105	1105	1105	1105
1399576547313544684	1105	1105	1105	1105
1399576547360497691	1105	1105	1105	1105
1399576547418509369	1105	1105	1105	1105
1399576547435494844	1105	1105	1105	1105
1399576547451469718	1105	1105	1105	1105
1399576547470449898	1105	1105	1105	1105
1399576547498395726	1105	1105	1105	1105
1399576547546441486	1105	1105	1105	1105
1399576547569378236	1105	1105	1105	1105
1399576547611431878	1105	1105	1105	1105
1399576547675358849	1105	1105	1105	1105
1399576547701356481	1105	1105	1105	1105
1399576547777425392	1105	1105	1105	1105
1399576547839463626	1105	1105	1105	1105
1399576547856415310	1105	1105	1105	1105
1399576547872414626	1105	1105	1105	1105
1399576547896262718	1105	1105	1105	1105
1399576547987320071	1105	1105	1105	1105
1399576548074223665	1105	1105	1105	1105
1399576548090309493	1105	1105	1105	1105
1399576548114215211	1105	1105	1105	1105
1399576548130200889	1105	1105	1105	1105
1399576548279302311	1105	1105	1105	1105
1399576548296309153	1105	1105	1105	1105
1399576548312229664	1105	1105	1105	1105
1399576548341220151	1105	1105	1105	1105
1399576548357246564	1105	1105	1105	1105
1399576548408220516	1105	1105	1105	1105
1399576548494000035	1105	1105	1105	1105
1399576548510003489	1105	1105	1105	1105
1399576548534158290	1105	1105	1105	1105
1399576548551181893	1105	1105	1105	1105
1399576548572073573	1105	1105	1105	1105
1399576548650028119	1105	1105	1105	1105
1399576548674071503	1105	1105	1105	1105
1399576548699031361	1105	1105	1105	1105
1399576548779012511	1105	1105	1105	1105
1399576548796065187	1105	1105	1105	1105
1399576548829024010	1105	1105	1105	1105
1399576548877840402	1105	1105	1105	1105
1399576548932853249	1105	1105	1105	1105
1399576548994934829	1105	1105	1105	1105
1399576549011925981	1105	1105	1105	1105
1399576549027915609	1105	1105	1105	1105
1399576549105784037	1105	1105	1105	1105
1399576549121899574	1105	1105	1105	1105
1399576549142770490	1105	1105	1105	1105
1399576549204801670	1105	1105	1105	1105
1399576549221806530	1105	1105	1105	1105
1399576549305810315	1105	1105	1105	1105
1399576549348757692	1105	1105	1105	1105
1399576549371684573	1105	1105	1105	1105
1399576549387753457	1105	1105	1105	1105
1399576549410787261	1105	1105	1105	1105
1399576549450768793	1105	1105	1105	1105
1399576549534676219	1105	1105	1105	1105
1399576549550632016	1105	1105	1105	1105
1399576549585588137	1105	1105	1105	1105
1399576549612574217	1105	1105	1105	1105
1399576549666552821	1105	1105	1105	1105
1399576549728582210	1105	1105	1105	1105
1399576549769585427	1105	1105	1105	1105
1399576549798484052	1105	1105	1105	1105
1399576549821506627	1105	1105	1105	1105
1399576549885475916	1105	1105	1105	1105
1399576549903494246	1105	1105	1105	1105
1399576550015439498	1105	1105	1105	1105
1399576550031351021	1105	1105	1105	1105
1399576550049399574	1105	1105	1105	1105
1399576550066329134	1105	1105	1105	1105
1399576550088412012	1105	1105	1105	1105
1399576550130377237	1105	1105	1105	1105
1399576550203362905	1105	1105	1105	1105
1399576550220273897	1105	1105	1105	1105
1399576550298291866	1105	1105	1105	1105
1399576550329152067	1105	1105	1105	1105
1399576550345169283	1105	1105	1105	1105
1399576550439082715	1105	1105	1105	1105
1399576550473115367	1105	1105	1105	1105
1399576550507138286	1105	1105	1105	1105
1399576550568985445	1105	1105	1105	1105
1399576550584959498	1105	1105	1105	1105
1399576550644952916	1105	1105	1105	1105
1399576550662020392	1105	1105	1105	1105
1399576550727109858	1105	1105	1105	1105
1399576550744994466	1105	1105	1105	1105
1399576550822109129	1105	1105	1105	1105
1399576550907981007	1105	1105	1105	1105
1399576550924009819	1105	1105	1105	1105
1399576550947900655	1105	1105	1105	1105
1399576550964827224	1105	1105	1105	1105
1399576551038955327	1105	1105	1105	1105
1399576551090818839	1105	1105	1105	1105
1399576551130940847	1105	1105	1105	1105
1399576551184908961	1105	1105	1105	1105
1399576551251724471	1105	1105	1105	1105
1399576551308723448	1105	1105	1105	1105
1399576551327725246	1105	1105	1105	1105
1399576551345709654	1105	1105	1105	1105
1399576551407877633	1105	1105	1105	1105
1399576551424821158	1105	1105	1105	1105
1399576551451807275	1105	1105	1105	1105
1399576551511805130	1105	1105	1105	1105
1399576551575780672	1105	1105	1105	1105
1399576551592585430	1105	1105	1105	1105
1399576551620663005	1105	1105	1105	1105
1399576551660664341	1105	1105	1105	1105
1399576551747657721	1105	1105	1105	1105
1399576551763599650	1105	1105	1105	1105
1399576551786649631	1105	1105	1105	1105
1399576551809663994	1105	1105	1105	1105
1399576551878593122	1105	1105	1105	1105
1399576551895588027	1105	1105	1105	1105
1399576551946555922	1105	1105	1105	1105
1399576551969484877	1105	1105	1105	1105
1399576552024564840	1105	1105	1105	1105
1399576552087484914	1105	1105	1105	1105
1399576552105423817	1105	1105	1105	1105
1399576552164424348	1105	1105	1105	1105
1399576552193381967	1105	1105	1105	1105
1399576552221392878	1105	1105	1105	1105
1399576552293406784	1105	1105	1105	1105
1399576552323356933	1105	1105	1105	1105
1399576552340384679	1105	1105	1105	1105
1399576552433356167	1105	1105	1105	1105
1399576552460169652	1105	1105	1105	1105
1399576552500356792	1105	1105	1105	1105
1399576552562281213	1105	1105	1105	1105
1399576552616201426	1105	1105	1105	1105
1399576552637164484	1105	1105	1105	1105
1399576552675229956	1105	1105	1105	1105
1399576552709240657	1105	1105	1105	1105
1399576552772211370	1105	1105	1105	1105
1399576552788166463	1105	1105	1105	1105
1399576552846045470	1105	1105	1105	1105
1399576552862967610	1105	1105	1105	1105
1399576552926915987	1105	1105	1105	1105
1399576552944917218	1105	1105	1105	1105
1399576552969879787	1105	1105	1105	1105
1399576553068863478	1105	1105	1105	1105
1399576553090837022	1105	1105	1105	1105
1399576553129819706	1105	1105	1105	1105
1399576553170880482	1105	1105	1105	1105
1399576553232870116	1105	1105	1105	1105
1399576553318781612	1105	1105	1105	1105
1399576553340775546	1105	1105	1105	1105
1399576553365708184	1105	1105	1105	1105
1399576553381754623	1105	1105	1105	1105
1399576553443760440	1105	1105	1105	1105
1399576553530669284	1105	1105	1105	1105
1399576553546720051	1105	1105	1105	1105
1399576553570658730	1105	1105	1105	1105
1399576553586647685	1105	1105	1105	1105
1399576553607665450	1105	1105	1105	1105
1399576553648653020	1105	1105	1105	1105
1399576553721590720	1105	1105	1105	1105
1399576553737560126	1105	1105	1105	1105
1399576553814544948	1105	1105	1105	1105
1399576553831533447	1105	1105	1105	1105
1399576553865549201	1105	1105	1105	1105
1399576553945464982	1105	1105	1105	1105
1399576553961491227	1105	1105	1105	1105
1399576554025446059	1105	1105	1105	1105
1399576554041401697	1105	1105	1105	1105
1399576554075401663	1105	1105	1105	1105
1399576554136390794	1105	1105	1105	1105
1399576554177318787	1105	1105	1105	1105
1399576554201361413	1105	1105	1105	1105
1399576554251344664	1105	1105	1105	1105
1399576554268322489	1105	1105	1105	1105
1399576554342298381	1105	1105	1105	1105
1399576554384278672	1105	1105	1105	1105
1399576554411245016	1105	1105	1105	1105
1399576554428217203	1105	1105	1105	1105
1399576554450299914	1105	1105	1105	1105
1399576554490199249	1105	1105	1105	1105
1399576554552186616	1105	1105	1105	1105
1399576554592167566	1105	1105	1105	1105
1399576554632164504	1105	1105	1105	1105
1399576554673128927	1105	1105	1105	1105
1399576554706131823	1105	1105	1105	1105
1399576554769088899	1105	1105	1105	1105
1399576554830030960	1105	1105	1105	1105
1399576554847037161	1105	1105	1105	1105
1399576554922022658	1105	1105	1105	1105
1399576554940041451	1105	1105	1105	1105
1399576555019000596	1105	1105	1105	1105
1399576555105926630	1105	1105	1105	1105
1399576555121919651	1105	1105	1105	1105
1399576555145925113	1105	1105	1105	1105
1399576555161857560	1105	1105	1105	1105
1399576555196885266	1105	1105	1105	1105
1399576555263880779	1105	1105	1105	1105
1399576555280850558	1105	1105	1105	1105
1399576555300807745	1105	1105	1105	1105
1399576555331866059	1105	1105	1105	1105
1399576555402738065	1105	1105	1105	1105
1399576555419742605	1105	1105	1105	1105
1399576555485730523	1105	1105	1105	1105
1399576555495735806	1105	1105	1105	1105
1399576555544682083	1105	1105	1105	1105
1399576555606640980	1105	1105	1105	1105
1399576555623635179	1105	1105	1105	1105
1399576555730644339	1105	1105	1105	1105
1399576555747596753	1105	1105	1105	1105
1399576555763582590	1105	1105	1105	1105
1399576555780601227	1105	1105	1105	1105
1399576555808570113	1105	1105	1105	1105
1399576555862544967	1105	1105	1105	1105
1399576555970451492	1105	1105	1105	1105
1399576555993424483	1105	1105	1105	1105
1399576556069498294	1105	1105	1105	1105
1399576556131389678	1105	1105	1105	1105
1399576556172372478	1105	1105	1105	1105
1399576556196425687	1105	1105	1105	1105
1399576556213383035	1105	1105	1105	1105
1399576556287321996	1105	1105	1105	1105
1399576556313277992	1105	1105	1105	1105
1399576556361304387	1105	1105	1105	1105
1399576556387265838	1105	1105	1105	1105
1399576556440259404	1105	1105	1105	1105
1399576556472280243	1105	1105	1105	1105
1399576556546234254	1105	1105	1105	1105
1399576556588211027	1105	1105	1105	1105
1399576556605231408	1105	1105	1105	1105
1399576556622164232	1105	1105	1105	1105
1399576556649165882	1105	1105	1105	1105
1399576556700170228	1105	1105	1105	1105
1399576556763139873	1105	1105	1105	1105
1399576556803109201	1105	1105	1105	1105
1399576556822142185	1105	1105	1105	1105
1399576556850115634	1105	1105	1105	1105
1399576556914111605	1105	1105	1105	1105
1399576556940117684	1105	1105	1105	1105
1399576557016027824	1105	1105	1105	1105
1399576557078051003	1105	1105	1105	1105
1399576557094967614	1105	1105	1105	1105
1399576557111040521	1105	1105	1105	1105
1399576557135027749	1105	1105	1105	1105
1399576557226012471	1105	1105	1105	1105
1399576557311937091	1105	1105	1105	1105
1399576557328933502	1105	1105	1105	1105
1399576557358917418	1105	1105	1105	1105
1399576557374982943	1105	1105	1105	1105
1399576557393911701	1105	1105	1105	1105
1399576557502877590	1105	1105	1105	1105
1399576557519862053	1105	1105	1105	1105
1399576557535853913	1105	1105	1105	1105
1399576557552861895	1105	1105	1105	1105
1399576557573795901	1105	1105	1105	1105
1399576557647851854	1105	1105	1105	1105
1399576557733765115	1105	1105	1105	1105
1399576557750764202	1105	1105	1105	1105
1399576557774731314	1105	1105	1105	1105
1399576557791160478	1105	1105	1105	1105
1399576557811871043	1105	1105	1105	1105
1399576557887909941	1105	1105	1105	1105
1399576557914920363	1105	1105	1105	1105
1399576557939879978	1105	1105	1105	1105
1399576558019758368	1105	1105	1105	1105
1399576558036688488	1105	1105	1105	1105
1399576558070692530	1105	1105	1105	1105
1399576558156748643	1105	1105	1105	1105
1399576558172800866	1105	1105	1105	1105
1399576558196729930	1105	1105	1105	1105
1399576558286796597	1105	1105	1105	1105
1399576558439569134	1105	1105	1105	1105
1399576558471686260	1105	1105	1105	1105
1399576558546633371	1105	1105	1105	1105
1399576558588576505	1105	1105	1105	1105
1399576558605606272	1105	1105	1105	1105
1399576558622534134	1105	1105	1105	1105
1399576558649576965	1105	1105	1105	1105
1399576558700594106	1105	1105	1105	1105
1399576558787411868	1105	1105	1105	1105
1399576558803385387	1105	1105	1105	1105
1399576558821533182	1105	1105	1105	1105
1399576558849530269	1105	1105	1105	1105
1399576558913497305	1105	1105	1105	1105
1399576558940433653	1105	1105	1105	1105
1399576558997458984	1105	1105	1105	1105
1399576559018395265	1105	1105	1105	1105
1399576559080277527	1105	1105	1105	1105
1399576559098303251	1105	1105	1105	1105
1399576559179332538	1105	1105	1105	1105
1399576559222348971	1105	1105	1105	1105
1399576559239350036	1105	1105	1105	1105
1399576559256189787	1105	1105	1105	1105
1399576559335265764	1105	1105	1105	1105
1399576559397168058	1105	1105	1105	1105
1399576559413150796	1105	1105	1105	1105
1399576559507276062	1105	1105	1105	1105
1399576559524288567	1105	1105	1105	1105
1399576559540157935	1105	1105	1105	1105
1399576559557184551	1105	1105	1105	1105
1399576559578191135	1105	1105	1105	1105
1399576559663096159	1105	1105	1105	1105
1399576559683054669	1105	1105	1105	1105
1399576559700094992	1105	1105	1105	1105
1399576559763095774	1105	1105	1105	1105
1399576559781033663	1105	1105	1105	1105
1399576559860058963	1105	1105	1105	1105
1399576559946939837	1105	1105	1105	1105
1399576559962952910	1105	1105	1105	1105
1399576560028715149	1105	1105	1105	1105
1399576560044802549	1105	1105	1105	1105
1399576560061815419	1105	1105	1105	1105
1399576560110846210	1105	1105	1105	1105
1399576560131843342	1105	1105	1105	1105
1399576560170893806	1105	1105	1105	1105
1399576560232842910	1105	1105	1105	1105
1399576560251852601	1105	1105	1105	1105
1399576560322753677	1105	1105	1105	1105
1399576560339743885	1105	1105	1105	1105
1399576560386730927	1105	1105	1105	1105
1399576560448720211	1105	1105	1105	1105
1399576560465706076	1105	1105	1105	1105
1399576560572623299	1105	1105	1105	1105
1399576560589575467	1105	1105	1105	1105
1399576560605435308	1105	1105	1105	1105
1399576560623396292	1105	1105	1105	1105
1399576560701407002	1105	1105	1105	1105
1399576560763573046	1105	1105	1105	1105
1399576560804362730	1105	1105	1105	1105
1399576560828399171	1105	1105	1105	1105
1399576560845296427	1105	1105	1105	1105
1399576560919280741	1105	1105	1105	1105
1399576560972256570	1105	1105	1105	1105
1399576560995253627	1105	1105	1105	1105
1399576561020219340	1105	1105	1105	1105
1399576561073278173	1105	1105	1105	1105
1399576561098331628	1105	1105	1105	1105
1399576561179221121	1105	1105	1105	1105
1399576561221183960	1105	1105	1105	1105
1399576561238245677	1105	1105	1105	1105
1399576561255152111	1105	1105	1105	1105
1399576561333468497	1105	1105	1105	1105
1399576561396096686	1105	1105	1105	1105
1399576561436085959	1105	1105	1105	1105
1399576561461173525	1105	1105	1105	1105
1399576561477011209	1105	1105	1105	1105
1399576561511057973	1105	1105	1105	1105
1399576561548005314	1105	1105	1105	1105
1399576561568076525	1105	1105	1105	1105
1399576561631209324	1105	1105	1105	1105
1399576561651953699	1105	1105	1105	1105
1399576561698974196	1105	1105	1105	1105
1399576561761992088	1105	1105	1105	1105
1399576561780216446	1105	1105	1105	1105
1399576561893098049	1105	1105	1105	1105
1399576561909040720	1105	1105	1105	1105
1399576561926860773	1105	1105	1105	1105
1399576561943826079	1105	1105	1105	1105
1399576562020008116	1105	1105	1105	1105
1399576562036809285	1105	1105	1105	1105
1399576562090008688	1105	1105	1105	1105
1399576562106053955	1105	1105	1105	1105
1399576562127764525	1105	1105	1105	1105
1399576562169042297	1105	1105	1105	1105
1399576562223788681	1105	1105	1105	1105
1399576562319679805	1105	1105	1105	1105
1399576562351809767	1105	1105	1105	1105
1399576562385710395	1105	1105	1105	1105
1399576562440632441	1105	1105	1105	1105
1399576562472675700	1105	1105	1105	1105
1399576562526655922	1105	1105	1105	1105
1399576562542647107	1105	1105	1105	1105
1399576562603583815	1105	1105	1105	1105
1399576562621568907	1105	1105	1105	1105
1399576562646597704	1105	1105	1105	1105
1399576562745540678	1105	1105	1105	1105
1399576562780501558	1105	1105	1105	1105
1399576562861468332	1105	1105	1105	1105
1399576562878477147	1105	1105	1105	1105
1399576562912401202	1105	1105	1105	1105
1399576562998425399	1105	1105	1105	1105
1399576563014318791	1105	1105	1105	1105
1399576563079314277	1105	1105	1105	1105
1399576563095286845	1105	1105	1105	1105
1399576563112267025	1105	1105	1105	1105
1399576563205223089	1105	1105	1105	1105
1399576563221236838	1105	1105	1105	1105
1399576563238262765	1105	1105	1105	1105
1399576563255235416	1105	1105	1105	1105
1399576563288245279	1105	1105	1105	1105
1399576563328212221	1105	1105	1105	1105
1399576563401143246	1105	1105	1105	1105
1399576563417127456	1105	1105	1105	1105
1399576563494070100	1105	1105	1105	1105
1399576563511065543	1105	1105	1105	1105
1399576563545184611	1105	1105	1105	1105
1399576563625049201	1105	1105	1105	1105
1399576563641032767	1105	1105	1105	1105
1399576563704097762	1105	1105	1105	1105
1399576563721009950	1105	1105	1105	1105
1399576563754026972	1105	1105	1105	1105
1399576563815962073	1105	1105	1105	1105
1399576563856960697	1105	1105	1105	1105
1399576563881054543	1105	1105	1105	1105
1399576563930965891	1105	1105	1105	1105
1399576563947938264	1105	1105	1105	1105
1399576564020828897	1105	1105	1105	1105
1399576564063831072	1105	1105	1105	1105
1399576564090831678	1105	1105	1105	1105
1399576564106845518	1105	1105	1105	1105
1399576564128842409	1105	1105	1105	1105
1399576564169833644	1105	1105	1105	1105
1399576564231808439	1105	1105	1105	1105
1399576564271734083	1105	1105	1105	1105
1399576564299728780	1105	1105	1105	1105
1399576564384730761	1105	1105	1105	1105
1399576564446704597	1105	1105	1105	1105
1399576564463654420	1105	1105	1105	1105
1399576564511670454	1105	1105	1105	1105
1399576564528667240	1105	1105	1105	1105
1399576564604645273	1105	1105	1105	1105
1399576564622605447	1105	1105	1105	1105
1399576564699521403	1105	1105	1105	1105
1399576564785503775	1105	1105	1105	1105
1399576564801491580	1105	1105	1105	1105
1399576564825498270	1105	1105	1105	1105
1399576564841493694	1105	1105	1105	1105
1399576564947456957	1105	1105	1105	1105
1399576564968367216	1105	1105	1105	1105
1399576565007403368	1105	1105	1105	1105
1399576565062349768	1105	1105	1105	1105
1399576565129347738	1105	1105	1105	1105
1399576565186285320	1105	1105	1105	1105
1399576565202285971	1105	1105	1105	1105
1399576565223332050	1105	1105	1105	1105
1399576565286253454	1105	1105	1105	1105
1399576565305302294	1105	1105	1105	1105
1399576565410187029	1105	1105	1105	1105
1399576565426156677	1105	1105	1105	1105
1399576565443173087	1105	1105	1105	1105
1399576565460169639	1105	1105	1105	1105
1399576565538127029	1105	1105	1105	1105
1399576565601033943	1105	1105	1105	1105
1399576565641020330	1105	1105	1105	1105
1399576565669994854	1105	1105	1105	1105
1399576565686019855	1105	1105	1105	1105
1399576565703027000	1105	1105	1105	1105
1399576565750964177	1105	1105	1105	1105
1399576565836909587	1105	1105	1105	1105
1399576565853975040	1105	1105	1105	1105
1399576565876916583	1105	1105	1105	1105
1399576565927982747	1105	1105	1105	1105
1399576565943964600	1105	1105	1105	1105
1399576566017027215	1105	1105	1105	1105
1399576566058955100	1105	1105	1105	1105
1399576566085832704	1105	1105	1105	1105
1399576566102819027	1105	1105	1105	1105
1399576566127911485	1105	1105	1105	1105
1399576566226811841	1105	1105	1105	1105
1399576566269752482	1105	1105	1105	1105
1399576566286745527	1105	1105	1105	1105
1399576566312746519	1105	1105	1105	1105
1399576566341794621	1105	1105	1105	1105
1399576566381829543	1105	1105	1105	1105
1399576566443732678	1105	1105	1105	1105
1399576566484640993	1105	1105	1105	1105
1399576566503681324	1105	1105	1105	1105
1399576566530673120	1105	1105	1105	1105
1399576566602673913	1105	1105	1105	1105
1399576566619624743	1105	1105	1105	1105
1399576566728576425	1105	1105	1105	1105
1399576566745598356	1105	1105	1105	1105
1399576566763574543	1105	1105	1105	1105
1399576566779566675	1105	1105	1105	1105
1399576566831553566	1105	1105	1105	1105
1399576566872508309	1105	1105	1105	1105
1399576566917486686	1105	1105	1105	1105
1399576566936454255	1105	1105	1105	1105
1399576567011486182	1105	1105	1105	1105
1399576567073430677	1105	1105	1105	1105
1399576567089442686	1105	1105	1105	1105
1399576567146412124	1105	1105	1105	1105
1399576567163353600	1105	1105	1105	1105
1399576567179358741	1105	1105	1105	1105
1399576567219334291	1105	1105	1105	1105
1399576567282347713	1105	1105	1105	1105
1399576567301291770	1105	1105	1105	1105
1399576567353294237	1105	1105	1105	1105
1399576567370299789	1105	1105	1105	1105
1399576567436323526	1105	1105	1105	1105
1399576567464309644	1105	1105	1105	1105
1399576567487234934	1105	1105	1105	1105
1399576567615249643	1105	1105	1105	1105
1399576567631183592	1105	1105	1105	1105
1399576567658209493	1105	1105	1105	1105
1399576567675172516	1105	1105	1105	1105
1399576567704151784	1105	1105	1105	1105
1399576567743177926	1105	1105	1105	1105
1399576567829203488	1105	1105	1105	1105
1399576567846323647	1105	1105	1105	1105
1399576567864323988	1105	1105	1105	1105
1399576567898306601	1105	1105	1105	1105
1399576567962101559	1105	1105	1105	1105
1399576568021242049	1105	1105	1105	1105
1399576568038158542	1105	1105	1105	1105
1399576568059184396	1105	1105	1105	1105
1399576568121078568	1105	1105	1105	1105
1399576568139178016	1105	1105	1105	1105
1399576568220146375	1105	1105	1105	1105
1399576568262080089	1105	1105	1105	1105
1399576568279093211	1105	1105	1105	1105
1399576568303050530	1105	1105	1105	1105
1399576568328075818	1105	1105	1105	1105
1399576568369126284	1105	1105	1105	1105
1399576568451958485	1105	1105	1105	1105
1399576568469044799	1105	1105	1105	1105
1399576568503038644	1105	1105	1105	1105
1399576568530012571	1105	1105	1105	1105
1399576568601894363	1105	1105	1105	1105
1399576568638906090	1105	1105	1105	1105
1399576568681815620	1105	1105	1105	1105
1399576568701906736	1105	1105	1105	1105
1399576568737795704	1105	1105	1105	1105
1399576568801747999	1105	1105	1105	1105
