#Time	 Roll 	 Pitch 	 Yaw
1399422547069565700	-0.00177185	0.0244815	0.330204
1399422547085572201	-0.00180723	0.0244674	0.3302
1399422547169597325	-0.00182912	0.0244692	0.330181
1399422547185590479	-0.00184681	0.0244467	0.33018
1399422547210606444	-0.00184795	0.0244297	0.330189
1399422547272570024	-0.00184941	0.0243933	0.330215
1399422547288540074	-0.00183689	0.0243783	0.330232
1399422547373404342	-0.00185045	0.0243808	0.330225
1399422547430442900	-0.00187922	0.0243361	0.330203
1399422547447498369	-0.00188958	0.0243343	0.330181
1399422547468451905	-0.00191184	0.02431	0.330195
1399422547525320234	-0.00191042	0.0243126	0.330187
1399422547590347082	-0.00189737	0.0242935	0.330189
1399422547606287972	-0.00190146	0.0243028	0.330187
1399422547726163498	-0.00189877	0.0243082	0.330209
1399422547742177794	-0.00191179	0.024315	0.330185
1399422547759136996	-0.00189356	0.0242907	0.330138
1399422547775109022	-0.00189469	0.0242798	0.330135
1399422547868104064	-0.00190725	0.0242838	0.330134
1399422547885081087	-0.00190507	0.0242541	0.330154
1399422547901083838	-0.00190892	0.0242386	0.330163
1399422547918083239	-0.00192897	0.0242232	0.330184
1399422547993092352	-0.00195832	0.024183	0.330213
1399422548045016012	-0.00197168	0.0241639	0.330224
1399422548064023974	-0.00203395	0.0241536	0.330241
1399422548081048015	-0.00204901	0.0241396	0.330263
1399422548107016751	-0.00207638	0.0241139	0.330322
1399422548195978379	-0.00207446	0.0240784	0.330341
1399422548220008812	-0.00208152	0.0240631	0.330314
1399422548268977486	-0.00208592	0.0240179	0.330353
1399422548311925613	-0.00211428	0.0240087	0.330373
1399422548364858836	-0.00213574	0.0239933	0.330381
1399422548398822914	-0.00211282	0.0240036	0.330376
1399422548491828581	-0.00212629	0.0240097	0.330378
1399422548510815480	-0.00214242	0.0239892	0.330377
1399422548528783638	-0.00216178	0.0239764	0.330371
1399422548564792017	-0.00220405	0.0239809	0.330378
1399422548594801695	-0.00221872	0.0239848	0.330367
1399422548633916095	-0.0022124	0.0239967	0.330349
1399422548725690361	-0.00221122	0.023977	0.33035
1399422548748716540	-0.0022349	0.023987	0.330358
1399422548765740372	-0.00222282	0.0239544	0.330362
1399422548797721064	-0.00224258	0.0239417	0.330346
1399422548836692063	-0.00224571	0.023939	0.330352
1399422548915577737	-0.00222068	0.0239297	0.330327
1399422548995584007	-0.00227266	0.0238927	0.330264
1399422549012563374	-0.00225298	0.0238921	0.330233
1399422549051573873	-0.00224896	0.023873	0.330215
1399422549239508290	-0.00225753	0.0237911	0.330163
1399422549310476447	-0.00225133	0.0237789	0.330169
1399422549399473323	-0.0022347	0.0237178	0.330208
1399422549511432510	-0.00225084	0.023693	0.330199
1399422549527332735	-0.00225069	0.0236737	0.330192
1399422549544360043	-0.00224958	0.0236486	0.330174
1399422549592360073	-0.00225251	0.0236373	0.33019
1399422549609383259	-0.00225431	0.0236374	0.330173
1399422549636454808	-0.00224989	0.0236312	0.33017
1399422549721493521	-0.00221771	0.0236051	0.330208
1399422549748121199	-0.00221111	0.0236052	0.330225
1399422549795281738	-0.00221724	0.0236056	0.330229
1399422549812319957	-0.00223092	0.023609	0.330229
1399422549877212548	-0.00223302	0.0235991	0.330237
1399422549895209423	-0.00220336	0.023584	0.330235
1399422549917317129	-0.0022056	0.0235643	0.330214
1399422549946275162	-0.0022183	0.0235408	0.330217
1399422550055208598	-0.00222221	0.0235384	0.330283
1399422550074312733	-0.00221404	0.0235109	0.33029
1399422550091183807	-0.00220714	0.023475	0.330343
1399422550124267246	-0.00221656	0.02347	0.330375
1399422550165245220	-0.00223222	0.0234463	0.33038
1399422550230218333	-0.00222829	0.0234473	0.330385
1399422550349025740	-0.00224168	0.023415	0.330409
1399422550365972524	-0.00222588	0.0234123	0.330416
1399422550382002533	-0.00222705	0.0234103	0.330399
1399422550406998781	-0.00222559	0.0234167	0.33038
1399422550452950080	-0.00222458	0.0234001	0.330382
1399422550559937130	-0.00222675	0.0234011	0.330376
1399422550575920794	-0.00223746	0.0234149	0.330361
1399422550592890012	-0.00224022	0.0234175	0.330362
1399422550608872887	-0.00224272	0.0234156	0.330325
1399422550701827075	-0.00223058	0.0234082	0.330322
1399422550718839367	-0.00221798	0.0234054	0.330328
1399422550735850456	-0.00222183	0.0234168	0.330315
1399422550753879848	-0.00221588	0.0233952	0.330337
1399422550788827723	-0.00221307	0.0233981	0.330347
1399422550833731719	-0.0022431	0.0233865	0.33035
1399422550897745933	-0.00221706	0.0233877	0.330305
1399422550920774875	-0.00220143	0.0233715	0.330261
1399422550992478449	-0.00219821	0.0233731	0.330252
1399422551008760883	-0.00217818	0.0233671	0.330258
1399422551047675135	-0.00217808	0.0233421	0.330245
1399422551108617904	-0.00218067	0.0233208	0.330252
1399422551125632949	-0.00219503	0.0233176	0.330282
1399422551146616497	-0.00217841	0.0232971	0.330261
1399422551243662815	-0.00217797	0.0232775	0.330256
1399422551261621887	-0.00217309	0.0232455	0.330271
1399422551283570343	-0.00217734	0.0232385	0.330314
1399422551335555849	-0.00217752	0.0232375	0.330385
1399422551360585847	-0.00219006	0.0232089	0.330398
1399422551391551265	-0.00219189	0.0231965	0.330371
1399422551507484103	-0.00218928	0.0231916	0.330354
1399422551524467082	-0.00219057	0.0231855	0.330365
1399422551566483544	-0.0021933	0.023183	0.330367
1399422551589422558	-0.00219121	0.0231595	0.330378
1399422551605452267	-0.00217312	0.0231423	0.3304
1399422551632411642	-0.00216829	0.0231387	0.33041
1399422551717432206	-0.00215845	0.0231244	0.330414
1399422551735405777	-0.00215999	0.023108	0.330409
1399422551777410566	-0.00215582	0.0230669	0.330419
1399422551793453872	-0.00214382	0.0230517	0.330432
1399422551876539705	-0.00212602	0.0230262	0.330429
1399422551893457238	-0.00211797	0.0230172	0.330392
1399422551916481768	-0.00211575	0.023005	0.330385
1399422552020459556	-0.00208446	0.0230076	0.330373
1399422552041443425	-0.00209751	0.0229884	0.330375
1399422552060417485	-0.00209716	0.0229884	0.330375
1399422552077429121	-0.00209457	0.0229951	0.330385
1399422552148406711	-0.00208261	0.0229694	0.330409
1399422552164333710	-0.00209199	0.022958	0.330453
1399422552209350387	-0.00206688	0.0229637	0.330456
1399422552242271771	-0.00209111	0.0229865	0.330453
1399422552348082961	-0.00208466	0.0229703	0.330462
1399422552365250878	-0.0020959	0.0229484	0.33047
1399422552381276513	-0.00207873	0.0229167	0.330516
1399422552438100233	-0.00206595	0.0229152	0.330541
1399422552455110074	-0.00207404	0.0229032	0.330569
1399422552471124587	-0.00207973	0.0229018	0.330634
1399422552557100290	-0.00209513	0.0228768	0.330675
1399422552574023077	-0.00211608	0.022869	0.330686
1399422552609193426	-0.00212052	0.0228401	0.330686
1399422552655167110	-0.00211628	0.0228417	0.330668
1399422552689088502	-0.00210118	0.022839	0.330672
1399422552768037607	-0.00207551	0.0228413	0.330673
1399422552784903186	-0.00207439	0.0228494	0.3307
1399422552801006592	-0.00206163	0.0228282	0.330734
1399422552873895915	-0.00205812	0.0228221	0.330766
1399422552890905676	-0.00208647	0.0228044	0.330846
1399422552920880510	-0.00208754	0.0227981	0.330888
1399422552988922240	-0.00208529	0.0228109	0.330924
1399422553004806993	-0.00208664	0.0228107	0.330917
1399422553049837922	-0.00212155	0.0227967	0.330934
1399422553093802001	-0.00212625	0.0227986	0.330962
1399422553125803962	-0.00212586	0.022797	0.330959
1399422553199738591	-0.00214183	0.022788	0.330949
1399422553215679848	-0.00212685	0.0227708	0.330928
1399422553249678743	-0.00215655	0.0227456	0.330923
1399422553345749462	-0.00216731	0.0227171	0.330914
1399422553368675308	-0.0021863	0.0226971	0.330932
1399422553385646016	-0.00219233	0.0226737	0.330938
1399422553410642486	-0.00221258	0.0226495	0.330921
1399422553448588487	-0.00222264	0.0226222	0.330924
1399422553516671674	-0.00223541	0.022606	0.330951
1399422553558541694	-0.00222279	0.0225907	0.330967
1399422553576506100	-0.00221291	0.0225792	0.330974
1399422553592503337	-0.00221539	0.0225691	0.33096
1399422553715451312	-0.00221727	0.0225297	0.330933
1399422553733466295	-0.00222077	0.0225381	0.330898
1399422553775390889	-0.00222635	0.0225286	0.330899
1399422553797407651	-0.00222856	0.0225139	0.330914
1399422553814406441	-0.00224279	0.0225237	0.330931
1399422553848358543	-0.00226383	0.0224933	0.33094
1399422553927452520	-0.0022705	0.0224586	0.330911
1399422553944391268	-0.00228816	0.0224409	0.330919
1399422553996484401	-0.00229507	0.022423	0.330911
1399422554013463120	-0.00230371	0.0224071	0.330905
1399422554084559221	-0.00230905	0.0224105	0.330921
1399422554109802524	-0.00229779	0.0224011	0.330927
1399422554124381891	-0.0022844	0.0223935	0.330912
1399422554196256859	-0.00227396	0.0223869	0.330942
1399422554219195283	-0.00229692	0.0223644	0.330933
1399422554235228549	-0.00231023	0.0223481	0.330948
1399422554350350830	-0.00232807	0.0223572	0.330969
1399422554367135156	-0.002335	0.0223624	0.330995
1399422554383321678	-0.00233639	0.022341	0.331018
1399422554432293254	-0.00237865	0.0223511	0.330998
1399422554448205783	-0.00239264	0.0223569	0.331003
1399422554475182946	-0.00238023	0.0223335	0.331006
1399422554518239911	-0.00238594	0.0223214	0.330977
1399422554571072442	-0.00237792	0.0223005	0.33096
1399422554635169082	-0.00234778	0.0222847	0.330943
1399422554652239718	-0.00234535	0.0222765	0.330937
1399422554670134980	-0.00234833	0.0222716	0.330921
1399422554769132417	-0.00238146	0.0222516	0.330911
1399422554786135207	-0.00240076	0.0222241	0.330927
1399422554802116979	-0.00239028	0.0221665	0.330948
1399422554894933366	-0.00239496	0.0221481	0.330947
1399422554911929324	-0.00240369	0.0221343	0.330948
1399422554927912218	-0.00241681	0.0221047	0.330934
1399422554945929044	-0.00242217	0.0220974	0.330939
1399422555082095238	-0.00241339	0.0220924	0.330952
1399422555128917102	-0.00242818	0.0220868	0.33095
1399422555152854444	-0.00243684	0.0220852	0.330942
1399422555169777171	-0.00244469	0.0220756	0.33099
1399422555189774251	-0.002449	0.0220688	0.330992
1399422555206764789	-0.00244073	0.022065	0.330984
1399422555240810385	-0.00242733	0.0220531	0.331003
1399422555283773973	-0.00243027	0.0220596	0.33102
1399422555313382520	-0.00243663	0.0220523	0.331025
1399422555398740685	-0.00241846	0.0220607	0.331024
1399422555415666286	-0.00243345	0.0220522	0.331036
1399422555446614348	-0.00240984	0.0220258	0.331023
1399422555540595743	-0.00244889	0.0220197	0.331026
1399422555556589386	-0.00242905	0.0220113	0.331027
1399422555573551751	-0.00242587	0.0220403	0.331021
1399422555590507604	-0.00242895	0.0220271	0.331013
1399422555714576534	-0.00243423	0.0220121	0.331018
1399422555731482406	-0.00244654	0.0220073	0.331028
1399422555773487339	-0.00242141	0.0220178	0.33105
1399422555796460277	-0.002387	0.022003	0.331025
1399422555812462075	-0.00237348	0.0219958	0.330998
1399422555846430064	-0.00235337	0.0219894	0.330985
1399422555926410418	-0.00234882	0.0219764	0.330975
1399422555966417479	-0.0023348	0.0219686	0.330957
1399422555995381594	-0.00234788	0.021983	0.330915
1399422556011394782	-0.00235893	0.0219748	0.330894
1399422556041408157	-0.00236177	0.0219775	0.330872
1399422556088370659	-0.0023457	0.0219869	0.330864
1399422556114285797	-0.00233855	0.0219851	0.330846
1399422556225405812	-0.0023291	0.0219962	0.330847
1399422556245407713	-0.00233612	0.0219995	0.330839
1399422556266296698	-0.00232993	0.0220043	0.330874
1399422556356291926	-0.00233858	0.0219656	0.331096
1399422556453254584	-0.0022486	0.0219721	0.330903
1399422556469296295	-0.00238909	0.0219431	0.331002
1399422556485360290	-0.00231106	0.0219373	0.33128
1399422556559145016	-0.00214639	0.0218092	0.331806
1399422556576190472	-0.00221724	0.0216578	0.332698
1399422556593111172	-0.00239435	0.0213961	0.333443
1399422556689155805	-0.00259085	0.021204	0.334624
1399422556706946674	-0.00297911	0.0213261	0.335643
1399422556741141992	-0.00281661	0.0213432	0.336427
1399422556757993502	-0.0028337	0.0212296	0.337081
1399422556885969883	-0.0024596	0.0215594	0.339025
1399422556902929135	-0.00335057	0.0210736	0.339991
1399422556919012759	-0.0037421	0.0215443	0.341127
1399422556993312705	-0.00409323	0.0215832	0.341899
1399422557009039998	-0.00384624	0.0206782	0.342704
1399422557026879574	-0.00215377	0.0182835	0.343322
1399422557126997214	-0.00191685	0.0145777	0.343542
1399422557199987047	-0.00164271	0.00719898	0.343057
1399422557216934741	-0.000926779	-0.000216801	0.342128
1399422557233833206	-0.000116519	-0.00424695	0.341391
1399422557306917146	-0.00206298	-0.00785791	0.339891
1399422557346773666	-0.00641878	-0.0124287	0.338006
1399422557417869826	-0.0107488	-0.0158214	0.336647
1399422557434916734	-0.0142508	-0.0177579	0.335511
1399422557450822453	-0.0145111	-0.0191466	0.334883
1399422557491801095	-0.0133219	-0.0231883	0.334133
1399422557509856614	-0.014477	-0.0268548	0.333025
1399422557548732761	-0.0181289	-0.0269311	0.331924
1399422557565763755	-0.0209716	-0.0253252	0.330759
1399422557643798990	-0.0212066	-0.0257473	0.329387
1399422557660728651	-0.0221498	-0.0269247	0.328131
1399422557734707804	-0.0247192	-0.0263545	0.32715
1399422557775636103	-0.0268894	-0.0238111	0.326185
1399422557845629008	-0.0267606	-0.0217291	0.325352
1399422557862682719	-0.025242	-0.0198197	0.324821
1399422557878514504	-0.0235363	-0.0179373	0.324709
1399422557953499600	-0.0254009	-0.0138384	0.324127
1399422557971591388	-0.0303436	-0.00942845	0.323526
1399422558065465959	-0.0355014	-0.00759554	0.323074
1399422558082457461	-0.0392074	-0.00620083	0.322966
1399422558099276056	-0.0419332	-0.00264742	0.323375
1399422558178432920	-0.0441926	0.000884427	0.323564
1399422558195630606	-0.0455704	0.00303678	0.323835
1399422558290296589	-0.0461666	0.00401419	0.324198
1399422558307421472	-0.0445938	0.00469868	0.324637
1399422558375377221	-0.0416343	0.00603556	0.325396
1399422558391304146	-0.0390085	0.00788989	0.326593
1399422558408383752	-0.0380185	0.0108668	0.328113
1399422558483314373	-0.0389433	0.0165389	0.329498
1399422558523217250	-0.0402334	0.0234611	0.330754
1399422558594258090	-0.0414799	0.0288061	0.332098
1399422558611268249	-0.0420707	0.0315093	0.333288
1399422558627265209	-0.0401131	0.0322057	0.334337
1399422558701274208	-0.0357137	0.0310797	0.335163
1399422558742132275	-0.0309149	0.0297556	0.335184
1399422558812156636	-0.0275471	0.0281674	0.334318
1399422558829237945	-0.024425	0.026616	0.332605
1399422558845114338	-0.0217011	0.0246444	0.330682
1399422558920200667	-0.0199037	0.0222443	0.328144
1399422558936131696	-0.0203641	0.0194681	0.325067
1399422559038186918	-0.0211892	0.0173305	0.322454
1399422559054086571	-0.0226822	0.0173878	0.320313
1399422559123413484	-0.0248969	0.017637	0.319164
1399422559138980716	-0.0263386	0.0160284	0.31844
1399422559155953668	-0.0259041	0.0134963	0.317884
1399422559255838811	-0.0244822	0.00985112	0.317661
1399422559274854396	-0.0216931	0.00737258	0.317839
1399422559346999013	-0.0197738	0.00807955	0.318326
1399422559363581308	-0.0180138	0.00846488	0.318809
1399422559378932323	-0.0157595	0.00728194	0.319602
1399422559452830333	-0.0139415	0.00518503	0.320451
1399422559549855599	-0.0122356	0.00280859	0.320659
1399422559565849355	-0.0101477	0.00169348	0.320834
1399422559582755594	-0.00876901	0.00179494	0.320934
1399422559655765381	-0.00783788	0.00141071	0.321114
1399422559672694273	-0.00731394	-0.000183966	0.321267
1399422559766680714	-0.00781378	-0.00135224	0.321437
1399422559783682058	-0.0108673	-0.00203288	0.321506
1399422559800555405	-0.0144112	-0.00318652	0.321143
1399422559873708049	-0.0167292	-0.0037537	0.320679
1399422559889639258	-0.0179895	-0.00384484	0.3202
1399422559906631659	-0.0165072	-0.00348679	0.319644
1399422560003549643	-0.0127465	-0.00313256	0.319186
1399422560019581048	-0.00953627	-0.00300114	0.319218
1399422560090587916	-0.00877517	-0.00355481	0.319724
1399422560107540815	-0.0117091	-0.00519133	0.32047
1399422560123518419	-0.016458	-0.00698842	0.321472
1399422560310441587	-0.0208737	-0.00653918	0.324319
1399422560326453660	-0.0212918	-0.00477824	0.325493
1399422560405429516	-0.0233683	-0.00349155	0.326627
1399422560423385319	-0.0264238	-0.00389963	0.328152
1399422560517397510	-0.0279843	-0.00330629	0.32969
1399422560534394082	-0.0283466	-0.000718139	0.330936
1399422560550459934	-0.0272565	0.00297501	0.332072
1399422560624189715	-0.0251183	0.00649802	0.333426
1399422560640182270	-0.0238067	0.00791449	0.33495
1399422560708095189	-0.0238584	0.00873787	0.336247
1399422560738202306	-0.0264321	0.00910003	0.338102
1399422560754207824	-0.0276827	0.00536086	0.338963
1399422560831163729	-0.0277	0.00166824	0.339968
1399422560849391384	-0.0251681	0.00114517	0.340725
1399422560943151790	-0.0201567	0.00272686	0.341476
1399422560960131257	-0.0145345	0.00446091	0.34218
1399422560976095818	-0.0112308	0.00589981	0.342949
1399422561049114232	-0.0120693	0.00704133	0.34373
1399422561066140204	-0.0170111	0.00748053	0.344416
1399422561161093159	-0.0221936	0.00726695	0.344723
1399422561177067578	-0.023701	0.00632922	0.345005
1399422561194025041	-0.0233568	0.0063254	0.345064
1399422561267993229	-0.024329	0.00668655	0.344872
1399422561283984667	-0.0264963	0.00673943	0.344392
1399422561300949296	-0.0297116	0.00756196	0.343913
1399422561400941286	-0.0348072	0.0081185	0.343547
1399422561442922359	-0.0389946	0.00807559	0.343333
1399422561459904057	-0.0400391	0.00712062	0.343495
1399422561494889878	-0.0325656	0.00318955	0.343003
1399422561582883173	-0.0273533	0.00187544	0.342812
1399422561598759781	-0.0245227	0.00201729	0.342529
1399422561615866847	-0.022076	0.00301407	0.342467
1399422561689790070	-0.0186179	0.00389605	0.34255
1399422561705858532	-0.0150668	0.00523529	0.342938
1399422561722798118	-0.0133728	0.00772802	0.343638
1399422561819583617	-0.0128345	0.0119758	0.344519
1399422561836738611	-0.015355	0.0219339	0.346503
1399422561908539664	-0.0209151	0.0322233	0.34909
1399422561925583553	-0.0265602	0.0349917	0.352288
1399422562019682607	-0.0297514	0.0274841	0.354578
1399422562036673767	-0.029436	0.0153032	0.355714
1399422562052576633	-0.0264975	0.0117805	0.355913
1399422562127532410	-0.0205395	0.0109011	0.355841
1399422562223756283	-0.0140495	0.00886413	0.356231
1399422562243533290	-0.00643733	0.00688622	0.35655
1399422562262489485	-0.00369161	0.00951786	0.356635
1399422562336543116	-0.00366634	0.0187494	0.35591
1399422562376448303	-0.00650585	0.0247877	0.355814
1399422562410488431	-0.0169574	0.0235777	0.356627
1399422562427497070	-0.0265882	0.0293593	0.357805
1399422562446435590	-0.0304413	0.0331432	0.359987
1399422562541399674	-0.0339413	0.0194534	0.363743
1399422562564373719	-0.0338434	0.00589273	0.367488
1399422562580433752	-0.0263091	0.00711698	0.370394
1399422562656383542	-0.0181838	0.0105272	0.373689
1399422562696287173	-0.0166358	0.00569069	0.376967
1399422562766420858	-0.0221619	0.000801863	0.379453
1399422562783395177	-0.0335284	-0.00382338	0.382395
1399422562840328636	-0.0489717	-0.00815259	0.385256
1399422562892241935	-0.0512673	-0.00616051	0.387493
1399422562980286763	-0.0404132	-0.00295683	0.388321
1399422562997226178	-0.0257241	-0.00163651	0.388078
1399422563092232571	-0.0207047	-0.00325621	0.386794
1399422563188001739	-0.0306502	-0.00382578	0.384904
1399422563205007258	-0.0386275	-0.00170733	0.38238
1399422563221010386	-0.0359504	-0.000644006	0.380449
1399422563298037898	-0.027951	-7.2727e-05	0.378301
1399422563314936294	-0.0169613	0.000237264	0.376252
1399422563416073293	-0.00634611	0.00104784	0.374553
1399422563432089296	0.000211804	0.00163755	0.373109
1399422563501170490	-0.000830877	0.00201645	0.371928
1399422563517046703	-0.00670503	0.0025985	0.371302
1399422563533888277	-0.0109149	0.00393549	0.37096
1399422563630841201	-0.0104002	0.00702776	0.370416
1399422563647924356	-0.007013	0.011127	0.369887
1399422563719897403	-0.00362852	0.0144888	0.369103
1399422563735801104	-0.00366514	0.0162109	0.368378
1399422563752803828	-0.00493087	0.0171808	0.367909
1399422563827886055	-0.00258388	0.0184858	0.367782
1399422563867881062	0.00263201	0.0203272	0.368539
1399422563937779542	0.00570924	0.022166	0.369745
1399422563954818385	0.00540241	0.0236297	0.370649
1399422563970814190	0.00280205	0.023241	0.371061
1399422564043775037	-0.00112465	0.0205335	0.371345
1399422564139744565	-0.00536885	0.0168469	0.372103
1399422564159753838	-0.00910715	0.0148495	0.372557
1399422564178753863	-0.0119881	0.0148641	0.372833
1399422564251695319	-0.0121795	0.0146377	0.372583
1399422564268697576	-0.00972871	0.0146637	0.371735
1399422564285541035	-0.00793925	0.0161097	0.370709
1399422564381590767	-0.00959112	0.016063	0.368956
1399422564398526110	-0.0133335	0.0128026	0.366958
1399422564469583765	-0.0165297	0.00802866	0.364835
1399422564485535459	-0.018981	0.00333423	0.362451
1399422564502528367	-0.0232742	0.000321938	0.360266
1399422564603430504	-0.0338957	-0.00187074	0.357566
1399422564672454865	-0.0373736	-0.00261619	0.357178
1399422564689421089	-0.0416333	-0.00418681	0.356463
1399422564705471998	-0.0416858	-0.00620461	0.355589
1399422564780548862	-0.0383301	-0.00685239	0.354835
1399422564797476177	-0.0344336	-0.00484719	0.353392
1399422564892369914	-0.0330514	-0.000541214	0.351463
1399422564909345008	-0.0324099	0.00560487	0.349267
1399422564925367273	-0.0302018	0.0117144	0.346729
1399422565000406001	-0.0293226	0.0154757	0.34462
1399422565017340816	-0.0331069	0.016884	0.341671
1399422565111353883	-0.0401103	0.016712	0.338272
1399422565127252080	-0.0482305	0.0148688	0.334731
1399422565144274194	-0.0540464	0.0115676	0.331019
1399422565218319130	-0.0544477	0.00855243	0.32834
1399422565237248789	-0.0473424	0.00847329	0.326085
1399422565282296472	-0.036409	0.0108576	0.323131
1399422565338372022	-0.0212142	0.0157895	0.316305
1399422565354018203	-0.0160981	0.0176785	0.313242
1399422565430098598	-0.012754	0.02132	0.310309
1399422565447162627	-0.0105765	0.0253275	0.308049
1399422565542108078	-0.00909706	0.0278363	0.30663
1399422565558190070	-0.0111742	0.0291871	0.306116
1399422565575157316	-0.0168879	0.0295128	0.30644
1399422565648140160	-0.0267294	0.0279451	0.306952
1399422565663854129	-0.0373968	0.0256624	0.307966
1399422565680068817	-0.0442959	0.0243506	0.309446
1399422565779974466	-0.0465596	0.0212823	0.311471
1399422565850081233	-0.047147	0.016781	0.313777
1399422565866797729	-0.0475801	0.0152997	0.315493
1399422565882724151	-0.0432997	0.0204657	0.316927
1399422565957811671	-0.0328104	0.0292294	0.31888
1399422565997743829	-0.021198	0.0346667	0.321334
1399422566068847816	-0.0136954	0.0357982	0.324441
1399422566085796828	-0.0120317	0.0359768	0.327694
1399422566101847811	-0.0170403	0.0384508	0.330943
1399422566174753627	-0.0271605	0.0413874	0.334501
1399422566192714414	-0.0365307	0.0407378	0.33837
1399422566286829394	-0.0434842	0.0356971	0.343068
1399422566305704648	-0.0513467	0.0308949	0.34776
1399422566382693886	-0.0600897	0.0275222	0.352311
1399422566398631483	-0.0658427	0.0237997	0.356783
1399422566415521498	-0.0673058	0.0188554	0.361148
1399422566512599166	-0.0615191	0.015378	0.366032
1399422566528585384	-0.0494317	0.0157428	0.370241
1399422566599400104	-0.0361812	0.0193167	0.373082
1399422566616418110	-0.0251882	0.0228474	0.374964
1399422566632526094	-0.0146371	0.0242562	0.375757
1399422566707404463	-0.00539088	0.0246944	0.375705
1399422566747473851	-0.00591232	0.0242933	0.374997
1399422566818479919	-0.0162682	0.024897	0.374295
1399422566835469816	-0.0297608	0.0259229	0.374116
1399422566851429078	-0.0409625	0.0270988	0.374041
1399422566925402397	-0.04922	0.0286289	0.374565
1399422567021401957	-0.0592073	0.0278637	0.374905
1399422567037405183	-0.0724302	0.0227281	0.375544
1399422567054363037	-0.0834146	0.0139817	0.376786
1399422567128413305	-0.0850011	0.00467196	0.378682
1399422567145396870	-0.0778225	-0.00135725	0.381291
1399422567162497819	-0.0624068	-0.00457165	0.383973
1399422567259129088	-0.0443076	-0.00670138	0.38644
1399422567275210212	-0.0266634	-0.00646931	0.389234
1399422567347281581	-0.00736619	-0.00137802	0.392504
1399422567363164065	0.00940091	0.00547526	0.396691
1399422567380178278	0.0192583	0.0123943	0.400901
1399422567485223884	0.0159997	0.0202269	0.40478
1399422567555203525	0.00288426	0.0295533	0.408454
1399422567572167172	-0.0137952	0.0376989	0.412026
1399422567588258853	-0.0298106	0.0404657	0.415612
1399422567661087881	-0.0405665	0.0382101	0.418677
1399422567678224413	-0.0461056	0.0324101	0.421667
1399422567773140709	-0.0478139	0.0267719	0.424123
1399422567790009170	-0.0440572	0.0248393	0.425584
1399422567806029760	-0.0326351	0.0249774	0.426086
1399422567880077810	-0.0198381	0.0248238	0.425972
1399422567896912873	-0.0010565	0.0250388	0.425245
1399422567991912981	0.0175554	0.0269938	0.424038
1399422568007913035	0.0299871	0.0259071	0.422068
1399422568024903683	0.0426955	0.0236573	0.420653
1399422568096885806	0.0524814	0.0245958	0.419808
1399422568193901817	0.0459313	0.02539	0.418637
1399422568210899236	0.0144228	0.0250565	0.417164
1399422568226801194	-0.0182349	0.0208878	0.417111
1399422568301847409	-0.0424984	0.0105901	0.417299
1399422568341760692	-0.0459184	0.00351946	0.417837
1399422568418721496	-0.0285706	0.00726895	0.417519
1399422568434752220	-0.00456676	0.012874	0.41707
1399422568450753084	0.0179609	0.0170904	0.416879
1399422568551767349	0.0359899	0.0207277	0.416114
1399422568621722988	0.0375188	0.0235721	0.415739
1399422568638608780	0.0322084	0.0238893	0.416116
1399422568732567544	0.0179549	0.0191956	0.417909
1399422568748516345	-0.00562875	0.014917	0.420843
1399422568765529118	-0.0434702	0.0122165	0.424148
1399422568839386858	-0.0778835	0.00848414	0.428049
1399422568879401214	-0.101531	0.00159269	0.433463
1399422568949397100	-0.100956	-0.00803841	0.4398
1399422568966409876	-0.0655169	-0.0122989	0.446605
1399422568982528901	-0.0268154	-0.0063872	0.452785
1399422569082380300	-0.00601221	0.00280802	0.458293
1399422569156388837	-0.00278776	0.00714844	0.463756
1399422569175332816	-0.00629393	0.00537485	0.468089
1399422569192398979	-0.0298206	0.00355948	0.471029
1399422569289032399	-0.0640097	0.000629248	0.474041
1399422569304347470	-0.0822686	-0.00132357	0.476187
1399422569376166148	-0.0596404	-0.00248739	0.478422
1399422569392203251	-0.0239579	0.00336007	0.47974
1399422569507260993	0.00417914	0.0161696	0.481531
1399422569578115461	-0.00507804	0.0195865	0.482918
1399422569595157278	-0.0411948	0.0203289	0.485571
1399422569611209610	-0.0597898	0.0242746	0.490087
1399422569720199248	-0.0485698	0.029571	0.494201
1399422569791121874	-0.0311289	0.0335399	0.49966
1399422569807202038	-0.00865721	0.0418691	0.505927
1399422569898145128	-0.00340059	0.0498808	0.513283
1399422569938863274	-0.0186996	0.0512663	0.523414
1399422569978549375	-0.0278408	0.0511089	0.527488
1399422570110977018	-0.0300926	0.0515612	0.531666
1399422570130914414	-0.0181384	0.0518399	0.53343
1399422570234891186	-0.00351697	0.0510398	0.532311
1399422570250917649	0.00311376	0.0475356	0.528685
1399422570319888247	0.00318135	0.0444734	0.525477
1399422570335805256	0.00311991	0.0411238	0.522642
1399422570352879917	0.00378193	0.0384169	0.520186
1399422570426784066	0.00366715	0.0380104	0.518571
1399422570467851894	0.00177426	0.039157	0.517447
1399422570537688795	-0.000509793	0.039141	0.516413
1399422570554718250	1.12617e-05	0.0368856	0.516461
1399422570571653162	0.00431546	0.0334817	0.517054
1399422570613610950	0.0101299	0.0265009	0.51782
1399422570662644415	0.0148448	0.0175034	0.518519
1399422570678566450	0.0147841	0.011888	0.519119
1399422570748635490	0.00855269	0.0101285	0.520332
1399422570765600443	0.000724754	0.00868168	0.522182
1399422570781567079	-0.00472396	0.00556309	0.525286
1399422570859636973	-0.00710301	0.000794616	0.529235
1399422570899441708	-0.00761832	-0.00175601	0.533125
1399422570970472978	-0.00787497	0.00022113	0.537015
1399422570986542164	-0.00964688	0.00575067	0.541076
1399422571003348873	-0.0133479	0.0113694	0.545222
1399422571080521536	-0.0183329	0.0141038	0.549262
1399422571145477340	-0.0227256	0.0152535	0.552899
1399422571162338674	-0.0264564	0.01601	0.556557
1399422571196436307	-0.0303986	0.0136092	0.563266
1399422571213334537	-0.0292501	0.0074567	0.566524
1399422571293397641	-0.0257456	0.00263281	0.568922
1399422571389383320	-0.0212798	0.00464846	0.570572
1399422571406514320	-0.0164675	0.0129053	0.571892
1399422571422388030	-0.0121469	0.0210584	0.573131
1399422571496342845	-0.00692312	0.028365	0.574152
1399422571513284419	-0.00167911	0.0362214	0.574582
1399422571608205598	0.00182754	0.0418651	0.574816
1399422571624311118	0.00165157	0.0399988	0.573221
1399422571641132857	-0.00415887	0.0351746	0.570713
1399422571714546194	-0.0135649	0.0316745	0.567772
1399422571731130029	-0.0222786	0.0314651	0.564404
1399422571831143672	-0.0243934	0.0314708	0.560646
1399422571848187145	-0.0191745	0.0269959	0.556904
1399422571864059496	-0.0120608	0.0196601	0.553859
1399422571896008390	-0.00745724	0.0157945	0.550069
1399422571913114775	-0.00658027	0.0173469	0.546118
1399422571933099459	-0.00922574	0.0219393	0.54274
1399422572028097125	-0.0165186	0.0272168	0.539861
1399422572050047418	-0.0277198	0.0307561	0.538408
1399422572070060320	-0.0340996	0.0309673	0.536913
1399422572142014831	-0.0327276	0.0296221	0.535322
1399422572158962867	-0.0271054	0.0272656	0.533342
1399422572257920166	-0.022612	0.0237158	0.530874
1399422572274942445	-0.0211264	0.0182053	0.528762
1399422572290881214	-0.0205208	0.0112347	0.526856
1399422572359907975	-0.0185955	0.00496581	0.525306
1399422572375796656	-0.0187617	-0.00032945	0.524596
1399422572392770956	-0.0231031	-0.00633344	0.525275
1399422572492741743	-0.0283062	-0.0128023	0.527842
1399422572562667348	-0.0294413	-0.0168305	0.530981
1399422572578836435	-0.0267724	-0.0150121	0.53407
1399422572595928504	-0.0255734	-0.00947299	0.536959
1399422572669646472	-0.0285196	-0.00386135	0.539376
1399422572712716987	-0.0337874	0.00109721	0.542029
1399422572781760859	-0.0382761	0.00558568	0.544761
1399422572797680690	-0.0402223	0.00820876	0.547787
1399422572814790168	-0.0386186	0.00832423	0.550977
1399422572888668639	-0.0341271	0.00703595	0.554164
1399422572906639384	-0.0272029	0.00507817	0.556994
1399422573000613509	-0.0193831	0.00450238	0.559384
1399422573017554264	-0.0141448	0.00694078	0.561357
1399422573033628614	-0.0146633	0.0126576	0.563105
1399422573109568391	-0.0202909	0.0178782	0.564489
1399422573125470890	-0.0279835	0.019572	0.5658
1399422573238493877	-0.0346127	0.0131318	0.567526
1399422573310437169	-0.0359781	0.0101057	0.568773
1399422573326330669	-0.036383	0.0120302	0.569912
1399422573343294886	-0.0385724	0.0151479	0.57112
1399422573418429692	-0.040686	0.0164252	0.572174
1399422573458343711	-0.0394849	0.0154112	0.573092
1399422573529376460	-0.0354445	0.0130686	0.574315
1399422573545292256	-0.0285924	0.0140683	0.575026
1399422573562268075	-0.020522	0.01833	0.575524
1399422573636290190	-0.013723	0.0217774	0.576414
1399422573653332138	-0.00869799	0.0234775	0.57766
1399422573740391914	-0.00569336	0.0242864	0.580155
1399422573757345574	-0.00674087	0.0242656	0.582872
1399422573773326663	-0.012243	0.0237913	0.585868
1399422573847217553	-0.0192258	0.0252694	0.58911
1399422573865174420	-0.026748	0.0295434	0.592242
1399422573959233443	-0.0366924	0.0337337	0.595572
1399422573976176818	-0.046309	0.0379892	0.597773
1399422573992217538	-0.0511036	0.0410386	0.599231
1399422574066172263	-0.0504461	0.0409198	0.600264
1399422574082227809	-0.0451535	0.037789	0.601555
1399422574099185339	-0.0339911	0.0343566	0.603742
1399422574195082512	-0.0222043	0.0319905	0.606266
1399422574211993315	-0.012482	0.0311433	0.609192
1399422574287099281	-0.00361027	0.03036	0.611955
1399422574306103946	0.00404388	0.0286223	0.614353
1399422574347990937	0.00771082	0.0267615	0.617107
1399422574403955616	0.00467234	0.0328041	0.622478
1399422574419937469	-0.00105116	0.038278	0.6254
1399422574493958966	-0.007101	0.0433777	0.628117
1399422574509935548	-0.0152757	0.050196	0.631109
1399422574526859746	-0.0265472	0.057667	0.633994
1399422574587878755	-0.0349334	0.0605811	0.636835
1399422574621788494	-0.0284253	0.0479249	0.640851
1399422574638851911	-0.0203466	0.0380125	0.641517
1399422574714750116	-0.0117934	0.0300106	0.641428
1399422574810680235	-0.00416813	0.0255173	0.641426
1399422574827624282	0.00361323	0.0225392	0.641808
1399422574843624449	0.0105275	0.0209778	0.642356
1399422574917789557	0.0130538	0.0214597	0.643713
1399422574933650540	0.0119937	0.0228302	0.645041
1399422574950670251	0.010411	0.0238552	0.646404
1399422575048668567	0.00770727	0.0273287	0.647844
1399422575064468157	0.00147515	0.0355678	0.648952
1399422575135530728	-0.00461981	0.0431014	0.649653
1399422575153637106	-0.00995518	0.0422577	0.650288
1399422575169567828	-0.0135257	0.0351409	0.651058
1399422575267584769	-0.0148624	0.0290692	0.651817
1399422575343630025	-0.0121345	0.0272071	0.652306
1399422575360513893	-0.00439706	0.026555	0.652467
1399422575376417446	0.00453463	0.0217201	0.652337
1399422575451526705	0.0118044	0.0129318	0.652053
1399422575468463354	0.0150692	0.00521013	0.65187
1399422575562391878	0.0126527	0.0023482	0.652143
1399422575579403160	0.00636654	0.00212175	0.653537
1399422575595435256	0.000347519	0.00020271	0.655096
1399422575669598052	-0.00659665	-9.60734e-05	0.656929
1399422575686381311	-0.0132107	0.00399283	0.659131
1399422575744363266	-0.0189458	0.0130068	0.661358
1399422575761335046	-0.0230189	0.0249654	0.664333
1399422575781303312	-0.0231454	0.0357099	0.667468
1399422575797319347	-0.0205999	0.0411937	0.670829
1399422575814243258	-0.018583	0.0423858	0.674054
1399422575888190514	-0.0169492	0.0422437	0.677121
1399422575984203040	-0.0139771	0.0397052	0.679942
1399422576000176009	-0.00955275	0.0360149	0.682289
1399422576017256111	-0.00660227	0.0326825	0.684749
1399422576054347817	-0.00910901	0.0301046	0.687362
1399422576071148058	-0.0156248	0.0272092	0.690018
1399422576112141373	-0.0215398	0.0220854	0.692966
1399422576128204176	-0.0213305	0.015182	0.696118
1399422576200175733	-0.0154945	0.0108692	0.699534
1399422576225329295	-0.00717496	0.0149604	0.702777
1399422576244229027	-0.00271621	0.0268966	0.706199
1399422576314103877	-0.00546063	0.0394273	0.710054
1399422576410130831	-0.0130339	0.0498063	0.713335
1399422576426131499	-0.0194806	0.0559687	0.716756
1399422576443286622	-0.0218572	0.056922	0.720307
1399422576516886315	-0.0194457	0.0550075	0.723227
1399422576534907501	-0.0145062	0.0520077	0.725631
1399422576628892019	-0.00821284	0.0459973	0.727704
1399422576645839321	-0.0019286	0.0377219	0.72927
1399422576661911356	0.00247901	0.0297212	0.730049
1399422576735816827	0.00337111	0.0248162	0.730173
1399422576752928040	0.000310618	0.0236245	0.730679
1399422576768937244	-0.00461539	0.0240765	0.731097
1399422576865868770	-0.00641574	0.0226806	0.731386
1399422576881872214	-0.00526792	0.0186831	0.731364
1399422576953787374	-0.00634245	0.0150834	0.731067
1399422576970834961	-0.0126945	0.0146174	0.730589
1399422576986744170	-0.0188179	0.0161369	0.729966
1399422577086626191	-0.0190817	0.0182886	0.729626
1399422577157617952	-0.0137009	0.0195561	0.729156
1399422577173589145	-0.00738704	0.0185053	0.728256
1399422577190743971	-0.00219178	0.014217	0.726493
1399422577231712589	7.48033e-05	0.0068289	0.724023
1399422577248613658	-0.00101693	-0.000750307	0.721275
1399422577291718309	-0.00219021	-0.00697347	0.718348
1399422577310621312	-0.000205371	-0.011893	0.715602
1399422577384680087	0.0041755	-0.0129405	0.713346
1399422577401623303	0.0085521	-0.0105015	0.71155
1399422577417540930	0.0113744	-0.00683679	0.710403
1399422577516590425	0.0114413	-0.00344505	0.7098
1399422577587508480	0.00772115	-0.0020638	0.709663
1399422577603467643	-0.00201926	-0.000708619	0.710274
1399422577619496495	-0.0144819	0.0043445	0.711536
1399422577693372368	-0.024385	0.0116864	0.713394
1399422577710398247	-0.030601	0.0168579	0.715754
1399422577912264440	-0.0383812	0.0329708	0.721644
1399422577929285150	-0.0340103	0.036689	0.722427
1399422578026310089	-0.0258394	0.0370349	0.723586
1399422578042310831	-0.0166332	0.0346374	0.725245
1399422578058226175	-0.00738091	0.0314949	0.726736
1399422578132225648	-0.000722511	0.0290028	0.728236
1399422578149219374	0.00242985	0.0275215	0.729902
1399422578165225612	0.0036577	0.0281735	0.731732
1399422578265220039	0.00471126	0.0308055	0.734162
1399422578335198131	0.00478751	0.0346454	0.736589
1399422578352278627	0.00432394	0.0375465	0.738812
1399422578369240140	0.00346497	0.0385945	0.740815
1399422578414188364	0.00142368	0.039624	0.742544
1399422578470073525	-0.0025789	0.0429004	0.745887
1399422578486116560	-0.00657386	0.0441563	0.74699
1399422578560102293	-0.0115616	0.0460982	0.748057
1399422578576062880	-0.0152002	0.0483717	0.749523
1399422578593075324	-0.013495	0.0515922	0.75177
1399422578691918989	-0.00708451	0.0546427	0.754066
1399422578763152964	-0.0001547	0.0541614	0.756689
1399422578778962640	0.00334336	0.05004	0.759389
1399422578796010154	0.00365393	0.0421324	0.762087
1399422578872026777	0.00475862	0.029418	0.766646
1399422578911996526	0.000141016	0.0271592	0.771066
1399422578983983531	-0.00583134	0.0229294	0.774709
1399422578999970519	-0.00774293	0.0220921	0.776195
1399422579016819323	-0.0162098	0.0324423	0.776045
1399422579112871501	-0.0308112	0.0410042	0.776025
1399422579129806432	-0.0440299	0.0421555	0.776289
1399422579200827678	-0.0484898	0.0392623	0.777886
1399422579217763102	-0.0444231	0.0377172	0.779987
1399422579317692785	-0.0365226	0.031826	0.782855
1399422579334750446	-0.0269089	0.0189171	0.78686
1399422579407647152	-0.0154406	0.00754548	0.791996
1399422579425611609	-0.00648301	0.00553935	0.799002
1399422579509676277	0.00212423	0.0100104	0.807306
1399422579526574448	0.00830633	0.0180864	0.816134
1399422579542557716	0.00249098	0.0219953	0.824433
1399422579616513329	-0.0236711	0.0144758	0.832269
1399422579656541360	-0.04676	0.00567654	0.840565
1399422579726494857	-0.0500504	0.00567782	0.848099
1399422579743530990	-0.0363728	0.0109335	0.855078
1399422579760470431	-0.0167185	0.0172548	0.861247
1399422579857398931	0.00828553	0.0196246	0.865674
1399422579874394487	0.0345975	0.0199783	0.868967
1399422579945400991	0.0481353	0.0212476	0.869946
1399422579962466089	0.0444352	0.0203851	0.8684
1399422580062309669	0.0122127	0.0180025	0.866727
1399422580082261436	-0.012607	0.0105892	0.865966
1399422580124315096	-0.00760339	0.00406582	0.864994
1399422580254338190	0.00253196	0.00449249	0.86295
1399422580295261189	0.0102348	0.00751404	0.860635
1399422580366229512	0.0127051	0.00992494	0.858559
1399422580382085099	0.0125392	0.00920446	0.857051
1399422580399130852	0.0120636	0.00649696	0.855722
1399422580474314361	0.00578234	0.00440707	0.855626
1399422580490156884	-0.00999052	0.00165671	0.856862
1399422580584118222	-0.0254673	-0.000596512	0.858884
1399422580601130137	-0.0328892	-0.000492955	0.86165
1399422580617107559	-0.0302854	0.000551844	0.864619
1399422580692022734	-0.0224958	0.000223119	0.867547
1399422580709066700	-0.0142782	0.00142603	0.870331
1399422580810036562	-0.009022	0.00573096	0.872559
1399422580827071176	-0.00713751	0.0117218	0.875004
1399422580899981870	-0.00691312	0.0179168	0.87683
1399422580916619216	-0.00561935	0.0229579	0.87823
1399422580932841333	-0.00580793	0.0254425	0.879081
1399422581006911886	-0.010007	0.0253003	0.878945
1399422581046860671	-0.0143379	0.0243279	0.878079
1399422581117678917	-0.0139116	0.0232096	0.876453
1399422581134902418	-0.00841261	0.0211736	0.874293
1399422581150780422	-0.00172652	0.0167292	0.872267
1399422581230749661	0.000912116	0.0113288	0.871034
1399422581325800857	0.000225826	0.00840464	0.870986
1399422581342716254	0.00122643	0.0085589	0.871367
1399422581358662503	0.00542982	0.00988365	0.871824
1399422581432584836	0.00742488	0.0134685	0.872527
1399422581448676043	0.00183397	0.0215075	0.873949
1399422581465660356	-0.00586274	0.0295172	0.876454
1399422581561655987	-0.0151694	0.0384584	0.879254
1399422581578580436	-0.0231465	0.0439013	0.881018
1399422581650631246	-0.0326233	0.0482868	0.882201
1399422581666497091	-0.0392261	0.0466786	0.882861
1399422581682528389	-0.0405594	0.0406301	0.882825
1399422581782441359	-0.0365843	0.0346087	0.88211
1399422581853514898	-0.0280764	0.0299408	0.881041
1399422581870513260	-0.0187923	0.0272575	0.879909
1399422581886517092	-0.00981883	0.0283747	0.879869
1399422581960608895	-0.00120353	0.0316138	0.881115
1399422582000465229	0.00532373	0.0357534	0.883014
1399422582077352640	0.0028718	0.047535	0.887727
1399422582093306064	-0.00558655	0.0507419	0.890378
1399422582110316465	-0.0161257	0.0529712	0.893357
1399422582184285771	-0.0236041	0.0538199	0.896432
1399422582280288468	-0.0288919	0.0532795	0.900048
1399422582299146380	-0.0346782	0.0517449	0.903613
1399422582319245460	-0.0405785	0.047067	0.90696
1399422582392234406	-0.043985	0.0396696	0.910282
1399422582409247432	-0.0437078	0.0322831	0.913655
1399422582503490863	-0.0374383	0.0263381	0.9171
1399422582519175084	-0.0268556	0.0223442	0.920161
1399422582536154469	-0.0147858	0.0216346	0.923243
1399422582578143921	-0.00143351	0.0263105	0.926873
1399422582594099777	0.0078116	0.0367264	0.93112
1399422582708362187	0.006191	0.0556471	0.93841
1399422582724086208	0.00235617	0.0590761	0.940351
1399422582741008497	-0.00175138	0.0579682	0.941457
1399422582814081024	-0.00714567	0.0512931	0.94191
1399422582831125105	-0.0124278	0.0398109	0.942314
1399422582925845003	-0.0180473	0.0250379	0.942907
1399422582941819335	-0.0244402	0.013494	0.944068
1399422582958824363	-0.0312219	0.00848569	0.94567
1399422583031769404	-0.0344686	0.00790652	0.947956
1399422583048775942	-0.0326237	0.00673599	0.951145
1399422583064775577	-0.0265859	0.00396606	0.954368
1399422583247773874	0.0120912	0.0135031	0.965422
1399422583263824754	0.024459	0.0181462	0.968941
1399422583280795591	0.0355943	0.0206805	0.97148
1399422583381743785	0.0392384	0.0245173	0.97336
1399422583421726171	0.0341224	0.031038	0.974967
1399422583437780208	0.0239173	0.035802	0.976268
1399422583472704956	0.00713528	0.0317321	0.978443
1399422583489609049	-0.000712793	0.0263467	0.978433
1399422583587484429	-0.010702	0.0204259	0.977773
1399422583603626884	-0.0191102	0.0152437	0.977348
1399422583674616879	-0.0230212	0.012338	0.97776
1399422583691698604	-0.0229334	0.0138125	0.978068
1399422583707455623	-0.0166141	0.0199376	0.977732
1399422583808507223	-0.00230424	0.0274827	0.976761
1399422583878449689	0.0141067	0.0332581	0.975014
1399422583895412829	0.0281547	0.0360535	0.971311
1399422583911456765	0.0343137	0.0350666	0.96721
1399422583985419129	0.0333303	0.0317351	0.963243
1399422584002349940	0.0247649	0.0282875	0.960015
1399422584096224884	0.0108695	0.0267129	0.957489
1399422584113388812	-0.00968298	0.0256616	0.956107
1399422584129270559	-0.0329658	0.0228073	0.955399
1399422584204310941	-0.0525916	0.0202057	0.955733
1399422584221375306	-0.0605951	0.0186274	0.956464
1399422584315282515	-0.0563885	0.0163529	0.957022
1399422584331377887	-0.0466145	0.013704	0.957187
1399422584348246566	-0.0360841	0.0127666	0.956753
1399422584427248032	-0.0318179	0.0132551	0.956036
1399422584444564859	-0.0306092	0.0126879	0.955351
1399422584519156757	-0.0221718	0.0103344	0.954896
1399422584559223449	-0.00786543	0.00834394	0.954413
1399422584630275345	0.00365366	0.00953266	0.953809
1399422584647172253	0.0107877	0.0115704	0.953103
1399422584663291227	0.0128209	0.0111375	0.952461
1399422584738149113	0.0100312	0.00609681	0.951798
1399422584778244971	0.00559693	-0.00103792	0.951756
1399422584848110201	-0.0071039	-0.00465148	0.952568
1399422584865156576	-0.026538	-0.00333019	0.954106
1399422584881067095	-0.0559875	0.00476052	0.957877
1399422584955150617	-0.0749651	0.0210296	0.963073
1399422585051043073	-0.0734136	0.0336141	0.96821
1399422585067936482	-0.0555316	0.0426021	0.972614
1399422585084079562	-0.0321632	0.0464007	0.975117
1399422585158985085	-0.00833255	0.0367094	0.977109
1399422585198919453	0.0089548	0.023421	0.978844
1399422585278913573	0.0190272	0.0177103	0.987097
1399422585297889671	0.0134625	0.0203434	0.992479
1399422585392814462	0.00207148	0.0212628	0.997383
1399422585408758733	-0.0254163	0.0257971	1.00066
1399422585477826704	-0.0540999	0.038209	1.00213
1399422585494711176	-0.0639835	0.0544406	1.00277
1399422585589748369	-0.0570699	0.067233	1.00215
1399422585606670878	-0.0354593	0.0747423	1.00179
1399422585622733343	-0.00945418	0.0702098	1.00156
1399422585697697094	0.0223962	0.0548791	1.00018
1399422585737642559	0.0427506	0.0457881	0.997788
1399422585808505907	0.0410036	0.0347744	0.995444
1399422585825628506	0.0103569	0.0289304	0.994153
1399422585841486921	-0.0311911	0.0338315	0.995292
1399422585941592042	-0.0549332	0.0351584	0.997522
1399422586011612517	-0.0529229	0.0344204	1.00071
1399422586027567331	-0.0199008	0.0354017	1.00422
1399422586044527674	0.0135892	0.0346264	1.00662
1399422586113471160	0.0393693	0.0279051	1.00791
1399422586145609209	0.0349944	0.0189272	1.00809
1399422586237397249	0.0113977	0.0129762	1.00918
1399422586254431867	-0.0126154	0.00928954	1.01083
1399422586270397659	-0.024316	0.00628745	1.01259
1399422586370407354	-0.0233243	0.00311318	1.01451
1399422586441385229	-0.0178568	3.86667e-05	1.01707
1399422586458292880	-0.0115584	-0.00113548	1.01985
1399422586474350367	-0.00781005	0.000981862	1.02287
1399422586549334448	-0.00553906	0.00654684	1.02612
1399422586589273136	-0.00603173	0.0129412	1.03004
1399422586659285563	-0.0104941	0.0172265	1.0345
1399422586676339863	-0.0177711	0.0174061	1.0391
1399422586692266019	-0.0249363	0.0129457	1.04301
1399422586766261242	-0.0300574	0.00607094	1.04606
1399422586783210473	-0.029832	-0.00117048	1.04817
1399422586877261296	-0.0259226	-0.00722879	1.04999
1399422586894294576	-0.0192321	-0.0074483	1.05203
1399422586910225215	-0.0123078	-0.000408269	1.05436
1399422586985121611	-0.00929197	0.0119389	1.05681
1399422587002092171	-0.0094124	0.0261263	1.05912
1399422587103148545	-0.011082	0.0371812	1.06073
1399422587119150583	-0.0171213	0.042448	1.0616
1399422587199201887	-0.0402333	0.027157	1.06001
1399422587216459397	-0.0464423	0.00979423	1.05859
1399422587232009561	-0.0472658	-0.00447148	1.05661
1399422587312955291	-0.0377669	0.00497578	1.05064
1399422587329977609	-0.0283048	0.0220271	1.04889
1399422587404067236	-0.0174174	0.0395737	1.04792
1399422587421035244	-0.0093654	0.0569128	1.04717
1399422587516871231	-0.00460735	0.0704164	1.04636
1399422587533866567	-0.00170427	0.0783743	1.04541
1399422587550807432	-0.00235082	0.0814718	1.04418
1399422587623723955	-0.00812657	0.080021	1.04256
1399422587639702570	-0.0166174	0.0737754	1.04055
1399422587656656549	-0.0221376	0.065753	1.03821
1399422587753766246	-0.0251559	0.0539613	1.03602
1399422587770784352	-0.0255059	0.0402556	1.03368
1399422587841685253	-0.0253571	0.029351	1.03096
1399422587857621521	-0.0257261	0.0263232	1.02881
1399422587874657482	-0.0240038	0.0334659	1.02801
1399422587973709745	-0.0209047	0.0435842	1.02854
1399422588045616674	-0.0196375	0.051674	1.03086
1399422588061545559	-0.0213683	0.0554962	1.0349
1399422588077510227	-0.0246586	0.0508995	1.04039
1399422588151495110	-0.0255508	0.0394853	1.04612
1399422588172441981	-0.023804	0.0304417	1.05141
1399422588268619034	-0.0209334	0.0252938	1.0562
1399422588285408737	-0.0193328	0.0213127	1.06029
1399422588301648412	-0.0181321	0.0161801	1.06362
1399422588376330085	-0.0150626	0.0120604	1.06633
1399422588392439879	-0.0100244	0.00962212	1.06927
1399422588483246587	-0.00356048	0.0112087	1.07266
1399422588499262804	0.00377427	0.0181023	1.07605
1399422588516266696	0.0107369	0.02801	1.07891
1399422588590245816	0.0149513	0.0373203	1.0811
1399422588606237592	0.0172066	0.0444237	1.08206
1399422588623164131	0.0189303	0.0474587	1.08135
1399422588723541675	0.018518	0.0445926	1.07918
1399422588793082067	0.0142892	0.0376347	1.07604
1399422588810137502	0.00491482	0.0278121	1.0729
1399422588826111896	-0.00609822	0.0184199	1.0702
1399422588902112770	-0.0159507	0.00934055	1.06807
1399422588942016187	-0.02234	-7.77673e-05	1.06687
1399422589013188258	-0.0255956	-0.00734345	1.06671
1399422589029173666	-0.0273072	-0.00957782	1.06794
1399422589046085374	-0.0265066	-0.00278339	1.0698
1399422589119096792	-0.0259741	0.00996241	1.07233
1399422589135972338	-0.0282023	0.0244379	1.07536
1399422589231002989	-0.030656	0.0389126	1.07863
1399422589247028143	-0.031444	0.0505855	1.08225
1399422589264061365	-0.0294784	0.0574815	1.08608
1399422589343321722	-0.0255457	0.0623799	1.09026
1399422589359986216	-0.0232798	0.0631022	1.09449
1399422589454986338	-0.0252605	0.0551097	1.09868
1399422589471937914	-0.0297998	0.0443639	1.10249
1399422589539850378	-0.0330305	0.0372448	1.10559
1399422589556854415	-0.0346438	0.0345683	1.10813
1399422589572804183	-0.0369653	0.0326136	1.10984
1399422589647783725	-0.0381745	0.0285683	1.11035
1399422589687737831	-0.037445	0.0251113	1.10953
1399422589758769549	-0.0352308	0.0247847	1.10714
1399422589775664320	-0.0314194	0.0259199	1.10387
1399422589791681766	-0.03024	0.0251989	1.10053
1399422589865702104	-0.0321524	0.0256367	1.09749
1399422589905595539	-0.0339871	0.0344223	1.09584
1399422589976635180	-0.0333988	0.0492458	1.09504
1399422589992646275	-0.0295691	0.0630347	1.09469
1399422590009589336	-0.0237522	0.0694308	1.09467
1399422590082571387	-0.0156456	0.06509	1.09441
1399422590099565005	-0.00359508	0.0516551	1.09245
1399422590200531314	0.00845268	0.0375684	1.08975
1399422590217445293	0.0153513	0.0283764	1.08577
1399422590286522632	0.0154474	0.0242443	1.08119
1399422590302475245	0.0114664	0.0227283	1.07694
1399422590319463187	0.0078883	0.0206389	1.07342
1399422590418390199	0.00485729	0.0152506	1.06934
1399422590437368590	0.00069952	0.00778589	1.06567
1399422590508324005	-0.0051867	0.00249728	1.06269
1399422590525341094	-0.0112592	0.00172561	1.06059
1399422590542288959	-0.0150786	0.00839319	1.05985
1399422590615389981	-0.014312	0.0229689	1.06024
1399422590711349108	-0.00938199	0.0403468	1.06166
1399422590728363396	-0.00319534	0.0564284	1.06375
1399422590744370505	0.00321642	0.0648087	1.06594
1399422590818396271	0.0059827	0.0651198	1.0677
1399422590836163239	0.00490687	0.0594794	1.06883
1399422590894314248	0.00393047	0.0484916	1.06969
1399422590910315719	0.00514644	0.0440913	1.07004
1399422590931249620	0.00459335	0.03796	1.07078
1399422590948271429	-0.00103582	0.0302184	1.0718
1399422591042209625	-0.00573886	0.021664	1.07105
1399422591059202559	-0.0110681	0.0120011	1.0694
1399422591075234808	-0.0172985	0.00392905	1.06767
1399422591117195895	-0.0252009	-0.00386845	1.06536
1399422591162095635	-0.0279637	-0.00443509	1.06124
1399422591179142095	-0.0215655	0.0209984	1.05587
1399422591252243606	-0.00939883	0.0498276	1.04981
1399422591269254646	-0.00378238	0.0580653	1.04348
1399422591371136635	-0.0141555	0.0174984	1.02726
1399422591387195274	-0.018755	0.00730473	1.02032
1399422591462261118	-0.0247993	0.00747974	1.01414
1399422591502069009	-0.0392927	0.00461864	1.00913
1399422591573210606	-0.0578199	0.0100747	1.00598
1399422591588937230	-0.0653849	0.0354672	1.00462
1399422591605821169	-0.0522674	0.061943	1.00719
1399422591696940363	-0.0351982	0.0738209	1.01159
1399422591714248975	-0.0260954	0.0598223	1.01655
1399422591790866143	-0.0238844	0.0280139	1.0202
1399422591864831300	-0.0271786	0.00082935	1.02306
1399422591922868436	-0.0328995	0.00309112	1.02551
1399422592007847190	-0.0388159	0.0331696	1.02878
1399422592023711954	-0.0400802	0.0612509	1.03335
1399422592119642284	-0.0409016	0.0708846	1.03956
1399422592232604159	-0.0405096	0.0595802	1.0479
1399422592248552512	-0.039393	0.0443411	1.05586
1399422592321512860	-0.0367846	0.0282435	1.06107
1399422592337556087	-0.0322545	0.0114711	1.06625
1399422592354489629	-0.0275077	0.00307992	1.07138
1399422592396561391	-0.0241192	0.00468664	1.0769
1399422592446474797	-0.0199716	0.0128676	1.08231
1399422592463528975	-0.012924	0.0227784	1.08732
1399422592535463828	-0.00425148	0.0305544	1.09258
1399422592552513903	0.00303582	0.0342925	1.09716
1399422592569497627	0.00628796	0.0346736	1.10077
1399422592643427490	-0.00155546	0.036546	1.1072
1399422592664475757	-0.00836281	0.0330283	1.11097
1399422592757415565	-0.0112164	0.0270877	1.11498
1399422592773440839	-0.00852128	0.0238103	1.11869
1399422592863307103	-0.00293404	0.0243344	1.12249
1399422592965382481	0.00917619	0.0312489	1.12911
1399422592982289520	0.0134722	0.034916	1.13183
1399422592999192481	0.011612	0.036267	1.13434
1399422593070173498	0.00524502	0.034291	1.13616
1399422593141161413	0.000452552	0.0305907	1.1372
1399422593158160631	-0.000462568	0.0289744	1.13761
1399422593192285183	0.00267937	0.0321479	1.13569
1399422593209211319	0.00369675	0.0322685	1.13348
1399422593291209592	0.00330124	0.0307629	1.13068
1399422593387067876	0.00129564	0.0283526	1.12766
1399422593403998916	-0.00288157	0.0264841	1.12474
1399422593420055105	-0.00695594	0.0263768	1.12222
1399422593493048537	-0.0100127	0.0262525	1.11981
1399422593510158554	-0.0120308	0.0245049	1.11735
1399422593605093202	-0.0115919	0.0219077	1.1149
1399422593620995404	-0.00928485	0.0202441	1.11275
1399422593638265041	-0.00718491	0.0184156	1.11119
1399422593711111324	-0.00696315	0.0151902	1.1106
1399422593728043110	-0.00839464	0.012142	1.11133
1399422593743909492	-0.0108077	0.00964698	1.11357
1399422593841102103	-0.0147296	0.00927141	1.11672
1399422593856975344	-0.0185052	0.0124583	1.12028
1399422593929005714	-0.0226615	0.0191545	1.1241
1399422593944839116	-0.0296817	0.0278163	1.12839
1399422593961805690	-0.036196	0.0355882	1.13242
1399422594060894446	-0.0377798	0.0388394	1.13584
1399422594130844813	-0.0351599	0.0375953	1.13919
1399422594150827596	-0.0312404	0.0347576	1.14197
1399422594169796876	-0.0288074	0.0322101	1.14434
1399422594242754552	-0.0281883	0.0298754	1.14661
1399422594259728546	-0.0281167	0.0278493	1.14848
1399422594353716669	-0.026416	0.0272859	1.14977
1399422594370716752	-0.0242724	0.0280126	1.15029
1399422594386650055	-0.0257302	0.0300363	1.14954
1399422594460632395	-0.0319914	0.03208	1.14814
1399422594476684673	-0.0379011	0.0327855	1.14625
1399422594578645523	-0.0380334	0.0324071	1.14376
1399422594594571393	-0.0338649	0.029985	1.14124
1399422594663369118	-0.0321216	0.026906	1.13863
1399422594680432391	-0.0339427	0.0257262	1.13651
1399422594696370605	-0.0366281	0.0255784	1.13508
1399422594807359025	-0.0357859	0.0276256	1.13361
1399422594877379516	-0.0257187	0.0311056	1.13382
1399422594893400004	-0.0111992	0.0364119	1.13449
1399422594910295919	-0.0004767	0.0415954	1.13524
1399422595024283591	-0.000138942	0.0508545	1.13726
1399422595095173996	-0.00401536	0.0540585	1.13859
1399422595111348156	-0.00742799	0.0506289	1.13977
1399422595127289778	-0.00799454	0.0412005	1.14078
1399422595201367611	-0.0075601	0.0329362	1.14217
1399422595219356251	-0.00784101	0.0269991	1.14413
1399422595319236719	-0.00896479	0.0231847	1.14683
1399422595335198309	-0.0106007	0.0213385	1.14986
1399422595408264775	-0.0118055	0.0243981	1.15317
1399422595425116686	-0.0120191	0.0309793	1.15662
1399422595441144699	-0.0100941	0.0388911	1.15976
1399422595538012098	-0.00509582	0.0452418	1.16181
1399422595555039524	0.000710457	0.0492654	1.16265
1399422595627051691	0.00306677	0.0514603	1.16294
1399422595642999331	0.00130976	0.051574	1.16319
1399422595660036149	-0.003031	0.0502178	1.16352
1399422595733075019	-0.00750194	0.0475272	1.16377
1399422595773063961	-0.009095	0.0437509	1.16389
1399422595844019984	-0.0101403	0.036417	1.16354
1399422595860007756	-0.0137747	0.0260031	1.16262
1399422595876861374	-0.0200668	0.0169457	1.16168
1399422595950913776	-0.0277936	0.0131331	1.16126
1399422596046856774	-0.0333344	0.0146621	1.16121
1399422596062894543	-0.032194	0.017557	1.16152
1399422596079867091	-0.0229499	0.0229768	1.16234
1399422596153833917	-0.0107993	0.0300104	1.16363
1399422596169820077	-0.00265485	0.0372414	1.165
1399422596186842482	-0.00125041	0.0431489	1.16669
1399422596283730533	-0.00321785	0.0457495	1.16876
1399422596300816939	-0.005363	0.0442628	1.17079
1399422596374761542	-0.00879395	0.039224	1.17243
1399422596394715640	-0.015126	0.0343248	1.17401
1399422596410713094	-0.0248894	0.0301615	1.17572
1399422596490717857	-0.0400755	0.0187863	1.1794
1399422596507678137	-0.0452457	0.0121068	1.18131
1399422596583649678	-0.0510165	0.00807206	1.18328
1399422596599700161	-0.0530347	0.0090331	1.18507
1399422596616658920	-0.0490705	0.0128677	1.18645
1399422596716578575	-0.040053	0.0179893	1.18775
1399422596733855821	-0.0269482	0.0259573	1.18887
1399422596806733831	-0.0135017	0.0358484	1.18981
1399422596823639404	0.000951104	0.0548453	1.19075
1399422596925719598	0.00669378	0.070331	1.19128
1399422596942577432	0.00196942	0.0757926	1.19189
1399422597010568448	-0.00170154	0.0756868	1.19254
1399422597027500918	-0.00351785	0.0678514	1.19265
1399422597122455524	-0.0144866	0.0561877	1.19148
1399422597139507434	-0.031432	0.0454391	1.18963
1399422597155536003	-0.0417838	0.0354227	1.18768
1399422597226522257	-0.0420727	0.0274197	1.18667
1399422597330475854	-0.0337648	0.0232191	1.18702
1399422597347387958	-0.0283668	0.0280192	1.1884
1399422597363325403	-0.0204508	0.0433222	1.19054
1399422597437438092	-0.00652048	0.0547658	1.19457
1399422597477239063	0.00241713	0.0658205	1.1985
1399422597548319668	0.000998846	0.067821	1.20227
1399422597565385278	-0.0181168	0.0455531	1.20651
1399422597581311888	-0.0395755	0.0221701	1.21039
1399422597678178200	-0.0513841	0.0174336	1.21291
1399422597694203858	-0.0481697	0.0221139	1.21494
1399422597766109081	-0.0325056	0.0206958	1.21626
1399422597783244257	-0.0170167	0.0228422	1.21565
1399422597883178813	-0.00748679	0.0321695	1.21449
1399422597900178415	0.00377087	0.0380429	1.214
1399422597969104700	0.0108292	0.0284817	1.21313
1399422597985108803	0.00977679	0.0130887	1.20998
1399422598088168861	0.000380853	0.00611	1.20523
1399422598107181072	-0.0146041	0.00547605	1.20133
1399422598182078225	-0.0194666	0.0142042	1.19693
1399422598199110293	-0.0051331	0.0227039	1.19192
1399422598215004380	0.00659211	0.0221055	1.18821
1399422598323964163	0.0132759	0.0181431	1.18382
1399422598393007896	0.0138601	0.0138324	1.17936
1399422598409864494	0.0082863	0.0113577	1.17582
1399422598425830218	-0.00028639	0.0116472	1.17302
1399422598500930595	-0.00678212	0.0176267	1.17083
1399422598540847958	-0.00756732	0.0263126	1.16957
1399422598611788092	-0.00563405	0.0326	1.16883
1399422598628783073	-0.00383247	0.0346676	1.16834
1399422598644731018	-0.0038539	0.0337102	1.16778
1399422598826634452	-0.0203194	0.0392189	1.16803
1399422598843642892	-0.0270769	0.0446299	1.16785
1399422598859617383	-0.0340289	0.046752	1.16798
1399422598934625495	-0.0427246	0.0475706	1.16821
1399422598950593723	-0.0495665	0.0493605	1.1684
1399422599051558605	-0.0506146	0.0523236	1.16846
1399422599068551502	-0.0465437	0.0562967	1.16854
1399422599136542172	-0.0409926	0.0590331	1.16878
1399422599156437234	-0.0389362	0.060748	1.16883
1399422599175486198	-0.0417133	0.0634093	1.16864
1399422599249438092	-0.0451657	0.0663412	1.16862
1399422599289423700	-0.0455483	0.064401	1.16904
1399422599359383150	-0.0452557	0.0563987	1.1698
1399422599376359389	-0.0453098	0.0486756	1.17127
1399422599392369746	-0.0431861	0.0444867	1.17324
1399422599467423686	-0.0370429	0.0443916	1.17559
1399422599563393361	-0.0272368	0.0478381	1.17944
1399422599580246515	-0.0231591	0.0503932	1.18241
1399422599596297746	-0.0208768	0.0530339	1.18563
1399422599670289250	-0.0224121	0.053729	1.18904
1399422599686237398	-0.0255896	0.0534786	1.19273
1399422599784276507	-0.0280359	0.0508761	1.19634
1399422599802251680	-0.0306437	0.0446699	1.19932
1399422599819211078	-0.0354123	0.0383327	1.20173
1399422599860181479	-0.0410248	0.0315845	1.20433
1399422599877184961	-0.0441279	0.025331	1.20719
1399422599992172649	-0.0263931	0.0195738	1.21299
1399422600008106160	-0.0109729	0.0206305	1.21563
1399422600025102749	-0.00232213	0.0240018	1.21829
1399422600099103446	-0.00169456	0.0281512	1.22127
1399422600115056857	-0.00640066	0.0320049	1.22469
1399422600219021598	-0.0129777	0.0389986	1.22857
1399422600238627427	-0.0176454	0.0487484	1.2323
1399422600255008239	-0.0195831	0.0551828	1.23564
1399422600323018414	-0.0240253	0.0517561	1.23876
1399422600338969580	-0.0330953	0.0397133	1.24151
1399422600354976535	-0.0442109	0.0256946	1.24381
1399422600436987236	-0.0542904	0.00754632	1.2466
1399422600453956440	-0.0459256	0.00280046	1.24731
1399422600529929250	-0.032489	-0.00110341	1.2477
1399422600545892542	-0.0196659	-0.00333562	1.24811
1399422600648867586	-0.00848296	-0.00137116	1.2485
1399422600665830506	0.000946954	0.00679776	1.24966
1399422600681843358	0.00783106	0.0175844	1.25187
1399422600753025203	0.0108065	0.0281578	1.25454
1399422600769816671	0.0112862	0.0367425	1.2568
1399422600785819806	0.00758811	0.0411161	1.25848
1399422600886781181	-0.00201523	0.0418572	1.25966
1399422600956772686	-0.0114115	0.0387182	1.26027
1399422600973711790	-0.0176286	0.0294546	1.26042
1399422600989730739	-0.0201525	0.0178457	1.2605
1399422601062723435	-0.0191083	0.0105967	1.26063
1399422601106654306	-0.013637	0.00911547	1.26103
1399422601173635447	-0.00444619	0.0115969	1.26157
1399422601190589680	0.00546752	0.0190318	1.26217
1399422601206709037	0.0136059	0.0297723	1.26257
1399422601287609074	0.0182691	0.0404845	1.26257
1399422601304071298	0.0171869	0.0519728	1.26256
1399422601369644371	0.0119177	0.0627819	1.26262
1399422601399611705	-0.00614382	0.064694	1.26202
1399422601415554129	-0.0192079	0.0549323	1.26082
1399422601492571009	-0.0310821	0.0441749	1.25894
1399422601535453136	-0.0396676	0.0359659	1.25681
1399422601606404504	-0.0439833	0.0303242	1.25418
1399422601623344755	-0.0400987	0.0277484	1.25127
1399422601639324423	-0.0277659	0.0302845	1.2484
1399422601712325003	-0.0110293	0.0358788	1.24602
1399422601730325484	0.00594058	0.0391255	1.24348
1399422601824300926	0.018849	0.0369154	1.24037
1399422601840244987	0.0241872	0.0359366	1.23675
1399422601857342314	0.0239387	0.0444212	1.23354
1399422601930340541	0.0193414	0.0605465	1.23117
1399422601947345409	0.00746756	0.0741593	1.22872
1399422602046380503	-0.010675	0.0802864	1.22659
1399422602062166716	-0.0310175	0.0773108	1.22533
1399422602133114311	-0.0501359	0.0665969	1.22503
1399422602150066908	-0.0640066	0.0537907	1.22497
1399422602166053120	-0.0725455	0.0426016	1.22566
1399422602241183586	-0.0696707	0.0354784	1.22672
1399422602282039486	-0.0555908	0.0306711	1.22803
1399422602357997825	-0.0362122	0.0294207	1.22945
1399422602375161829	-0.0171941	0.0335524	1.23068
1399422602390920469	-0.00635026	0.0388532	1.23234
1399422602430992033	-0.00335616	0.0423149	1.23438
1399422602471980843	-0.00280641	0.0428045	1.23686
1399422602489010927	-0.00546386	0.0420369	1.23973
1399422602564136518	-0.0153687	0.0427728	1.24246
1399422602581127324	-0.0287245	0.046868	1.24461
1399422602596992651	-0.0440147	0.0524096	1.24624
1399422602671046056	-0.060871	0.0556119	1.24688
1399422602711013798	-0.0756884	0.0548255	1.24689
1399422602781936468	-0.0865574	0.0489839	1.24706
1399422602799301859	-0.093945	0.0394697	1.2477
1399422602814945431	-0.0941526	0.0285953	1.24891
1399422602855905527	-0.0857167	0.0209672	1.24995
1399422602913399235	-0.0581829	0.0179861	1.25031
1399422602929910834	-0.0330308	0.0215644	1.25028
1399422603003951674	-0.00640471	0.0280594	1.25051
1399422603019927175	0.0133305	0.0371824	1.251
1399422603036726240	0.0200313	0.0482009	1.25126
1399422603134878304	0.013739	0.0585386	1.25098
1399422603205824174	-0.00296761	0.065139	1.25012
1399422603222788041	-0.0211677	0.0687377	1.24911
1399422603239713265	-0.0361881	0.0683963	1.2477
1399422603319806868	-0.0470001	0.0635122	1.24569
1399422603360228962	-0.0539162	0.0539188	1.24311
1399422603428630986	-0.0563103	0.0392405	1.24038
1399422603445613139	-0.0541146	0.0244831	1.23704
1399422603461509816	-0.047617	0.0141934	1.23331
1399422603534500135	-0.0327134	0.00805149	1.22976
1399422603551600535	-0.0127877	0.00393721	1.22653
1399422603652556966	0.0109953	0.00282717	1.22403
1399422603669555700	0.0349663	0.00503468	1.22277
1399422603737551586	0.0523578	0.0104989	1.22228
1399422603754424003	0.056111	0.0238325	1.22252
1399422603770544289	0.0453093	0.0423463	1.22367
1399422603872373617	0.0292847	0.0593094	1.22491
1399422603888313513	0.0104423	0.070721	1.22629
1399422603956368069	-0.00840819	0.0750206	1.22829
1399422603972260529	-0.0252521	0.0687687	1.23087
1399422603989351796	-0.0419155	0.0502403	1.2338
1399422604064403626	-0.0583099	0.0295014	1.2372
1399422604104352632	-0.0675516	0.0164349	1.2405
1399422604174196927	-0.0664918	0.0135863	1.24325
1399422604191271496	-0.0549009	0.0156674	1.24562
1399422604207321065	-0.0338281	0.0155287	1.2479
1399422604281220168	-0.0120523	0.012595	1.25002
1399422604377121365	0.00603593	0.013824	1.25111
1399422604397187460	0.0217532	0.0210891	1.25143
1399422604416192551	0.0375372	0.0301949	1.25195
1399422604489139287	0.04777	0.041338	1.25277
1399422604505140153	0.0500478	0.0530224	1.25389
1399422604522218767	0.0421358	0.0619283	1.25473
1399422604618931229	0.0210874	0.0699954	1.25504
1399422604634919273	-0.00932995	0.0776406	1.2553
1399422604706897530	-0.0438876	0.0804021	1.25618
1399422604722956419	-0.0735193	0.0779862	1.25727
1399422604739845676	-0.0936447	0.0705206	1.25838
1399422604838825713	-0.0987156	0.0588091	1.25924
1399422604909923624	-0.0915162	0.0470923	1.25933
1399422604926925538	-0.0772318	0.0380731	1.2586
1399422604942887240	-0.0468354	0.0312846	1.25633
1399422605018010547	-0.0186966	0.0283551	1.25349
1399422605058125809	0.00738222	0.0289465	1.2512
1399422605128839481	0.0225034	0.0331833	1.2485
1399422605144850044	0.029562	0.0432378	1.24646
1399422605161863716	0.0366804	0.057959	1.24566
1399422605257823850	0.0389744	0.0701872	1.2448
1399422605274724048	0.0179608	0.0778924	1.24375
1399422605360694910	-0.0815327	0.0609684	1.24458
1399422605462778625	-0.116701	0.0391424	1.24793
1399422605478743163	-0.105874	0.026154	1.25038
1399422605547740648	-0.0712254	0.0235082	1.25201
1399422605565662478	-0.0378128	0.0262272	1.25384
1399422605660592746	-0.0137524	0.0336987	1.25579
1399422605676495675	0.00285734	0.0454359	1.25768
1399422605693595840	0.00708708	0.0576848	1.25932
1399422605735537631	-0.00805598	0.0606039	1.26071
1399422605784512531	-0.0536389	0.0523392	1.26236
1399422605801471110	-0.0994074	0.0398307	1.26382
1399422605870507786	-0.127027	0.0240257	1.26555
1399422605887993997	-0.118529	0.0103832	1.26771
1399422605981468924	-0.0778124	0.00339906	1.26929
1399422605998527951	-0.0209327	0.0029127	1.27017
1399422606014456910	0.0194536	0.0141284	1.27001
1399422606063513577	0.0392217	0.037734	1.27068
1399422606106393276	0.0227706	0.0487435	1.27176
1399422606197388812	-0.018998	0.0406812	1.27073
1399422606214327118	-0.0421942	0.0339511	1.26889
1399422606230279178	-0.0559109	0.0306545	1.26616
1399422606305351614	-0.0550422	0.0288026	1.2625
1399422606345186050	-0.0363071	0.0266758	1.25828
1399422606416252870	-0.0110948	0.0256097	1.25383
1399422606432204564	0.0105203	0.0290248	1.2492
1399422606449164163	0.0259197	0.0377349	1.24515
1399422606523027723	0.035425	0.0464516	1.2415
1399422606619065306	0.0343434	0.0504588	1.23846
1399422606634945730	0.0230112	0.0498041	1.2362
1399422606651992970	0.00821956	0.0452544	1.23505
1399422606725021587	-0.00240172	0.0397911	1.23485
1399422606741982230	-0.00561451	0.037805	1.23564
1399422606758958120	-0.00478868	0.0395049	1.2374
1399422606855007345	-0.00256384	0.0424176	1.23959
1399422606871919729	0.000917436	0.0429738	1.24149
1399422606943911724	0.00278022	0.0404166	1.24328
1399422606960871795	-0.000651514	0.0391575	1.24462
1399422606976840311	-0.00745778	0.0428981	1.24603
1399422607078866901	-0.0151682	0.048781	1.24754
1399422607094846598	-0.019105	0.0527348	1.24872
1399422607168745096	-0.0179573	0.0547884	1.24915
1399422607184809059	-0.015249	0.0548721	1.24863
1399422607225774911	-0.0156973	0.0546177	1.24782
1399422607242837571	-0.0206324	0.0549951	1.2466
1399422607282748147	-0.0278635	0.053906	1.24551
1399422607299794822	-0.0339055	0.0514362	1.24519
1399422607373733444	-0.0371424	0.048827	1.24601
1399422607390722944	-0.0379967	0.0461683	1.24736
1399422607406720437	-0.0381511	0.0440508	1.24918
1399422607508655326	-0.0404862	0.0441073	1.25165
1399422607581634113	-0.0448768	0.0437966	1.25475
1399422607598613401	-0.0483913	0.0418931	1.25769
1399422607614593541	-0.0490178	0.0401547	1.26007
1399422607687562445	-0.0468665	0.0411944	1.26178
1399422607704550808	-0.0461322	0.0471573	1.26302
1399422607799516361	-0.0495634	0.0575393	1.26398
1399422607816487083	-0.0529959	0.0672216	1.26476
1399422607832509399	-0.0513864	0.0714979	1.26503
1399422607906430309	-0.0454148	0.0689678	1.26471
1399422607922438066	-0.0385398	0.0612549	1.26361
1399422608022416756	-0.0335926	0.0494056	1.26182
1399422608039358879	-0.0313385	0.0361758	1.25945
1399422608055421286	-0.0293087	0.0259681	1.25689
1399422608124491345	-0.0278102	0.0220189	1.25422
1399422608141439623	-0.0263213	0.0246842	1.25156
1399422608188448047	-0.0265382	0.0321433	1.24943
1399422608244429157	-0.0274009	0.0442252	1.24749
1399422608260335685	-0.0252756	0.0511335	1.24638
1399422608337429043	-0.0239757	0.0587025	1.24573
1399422608353477513	-0.0230994	0.0608676	1.24525
1399422608453291451	-0.0211164	0.053835	1.24457
1399422608470307423	-0.0181877	0.0440958	1.24341
1399422608486296367	-0.0150947	0.0368877	1.2421
1399422608555238439	-0.0118875	0.0343312	1.24106
1399422608571262565	-0.0107805	0.0349045	1.24051
1399422608588165975	-0.0116956	0.0374107	1.2405
1399422608687210864	-0.0112705	0.0409724	1.24101
1399422608757143235	-0.00968181	0.0474978	1.2425
1399422608774054161	-0.00937344	0.0585599	1.245
1399422608790046445	-0.0127306	0.0710258	1.24764
1399422608863987745	-0.0189454	0.0784591	1.24926
1399422608908138398	-0.0240439	0.0770046	1.25098
1399422608976028342	-0.026843	0.0670453	1.25337
1399422608993299153	-0.0262577	0.0524925	1.25602
1399422609009065106	-0.0229091	0.0406506	1.25838
1399422609083089427	-0.0202422	0.0329778	1.26023
1399422609099992889	-0.0204684	0.0271721	1.26196
1399422609197033842	-0.0229878	0.0217506	1.26395
1399422609214029642	-0.0258353	0.0174256	1.26637
1399422609346834685	-0.030224	0.0271995	1.27273
1399422609369889233	-0.030837	0.0446799	1.27695
1399422609415841476	-0.0297542	0.059858	1.28149
1399422609432861241	-0.0284611	0.067677	1.28591
1399422609503872030	-0.0284939	0.0668707	1.28941
1399422609519813571	-0.0296601	0.0603055	1.29128
1399422609535895724	-0.0313843	0.0484058	1.29177
1399422609610902920	-0.0329717	0.0348944	1.29132
1399422609650812496	-0.0331024	0.0226211	1.29025
1399422609721813348	-0.0331584	0.0138374	1.28863
1399422609738707816	-0.0331614	0.00915946	1.28686
1399422609754744334	-0.03139	0.00611296	1.28515
1399422609827667536	-0.0281045	0.00260361	1.28316
1399422609927702259	-0.0248604	0.000858279	1.28065
1399422609944691666	-0.0226461	0.00391511	1.2781
1399422609960556043	-0.0210646	0.0122896	1.27559
1399422610034632604	-0.0200811	0.0292374	1.27297
1399422610051715429	-0.0186521	0.0515085	1.27059
1399422610068736313	-0.0167731	0.0696722	1.26857
1399422610164482439	-0.0176994	0.0789945	1.26702
1399422610181534924	-0.0222052	0.0807083	1.26498
1399422610253572704	-0.0280666	0.0775521	1.26309
1399422610270529974	-0.0358915	0.0654439	1.26155
1399422610286498075	-0.0436608	0.0462023	1.2606
1399422610389424383	-0.0493883	0.0279405	1.25968
1399422610476419915	-0.0525539	0.0128742	1.25777
1399422610492312709	-0.0498753	0.0142261	1.25708
1399422610566354186	-0.0443635	0.0167076	1.25682
1399422610583270410	-0.0382424	0.0221674	1.25761
1399422610678265194	-0.031458	0.0350015	1.25999
1399422610695229399	-0.0247226	0.0523946	1.26267
1399422610711241290	-0.0194408	0.0721264	1.2655
1399422610785212983	-0.0166555	0.0924521	1.26875
1399422610802213954	-0.0178586	0.109762	1.27241
1399422610896116439	-0.030143	0.122127	1.27804
1399422610912160629	-0.0475557	0.116198	1.28381
1399422610929121234	-0.0623454	0.0835735	1.29137
1399422611002063419	-0.0589128	0.0477826	1.2965
1399422611099486243	-0.0381708	0.0323036	1.29948
1399422611115050676	-0.0218531	0.0272567	1.30261
1399422611131961650	-0.0123387	0.0157838	1.30594
1399422611207015610	-0.00864988	0.00714213	1.30919
1399422611247139430	-0.00414467	0.0174924	1.31269
1399422611324110686	0.00515328	0.0565106	1.31776
1399422611339935468	0.00807004	0.0978686	1.32464
1399422611355843038	8.29961e-05	0.121956	1.33101
1399422611436991413	-0.0264214	0.102286	1.33873
1399422611452850807	-0.0386574	0.0736663	1.34255
1399422611529915172	-0.041208	0.0540943	1.3461
1399422611569832620	-0.0254188	0.0434386	1.34841
1399422611640825496	-0.0070187	0.0324504	1.34911
1399422611657744235	0.00501525	0.0229299	1.34787
1399422611673813490	0.00912997	0.0184551	1.34519
1399422611770745227	0.0159524	0.0171945	1.3417
1399422611786671244	0.0111306	0.0140683	1.33763
1399422611858679000	-0.0121119	0.00288102	1.33433
1399422611874648495	-0.0262395	-0.0139366	1.33322
1399422611990509374	-0.0270925	-0.0210257	1.33288
1399422612063625324	-0.0253079	-0.0144866	1.3333
1399422612083531544	-0.0249443	-0.0106337	1.33485
1399422612121693754	-0.0224026	-0.00807279	1.33711
1399422612190576885	-0.0235352	-0.00441766	1.33848
1399422612206858507	-0.028972	-0.000901466	1.33979
1399422612287511987	-0.0347572	-8.31913e-05	1.34145
1399422612303485048	-0.0384935	-0.00314389	1.34343
1399422612350521138	-0.0420604	-0.00886498	1.34505
1399422612367431814	-0.0487	-0.0117801	1.34632
1399422612402370157	-0.0556658	-0.0076201	1.34707
1399422612505503759	-0.0583384	0.0119469	1.34741
1399422612522470253	-0.0522616	0.0232982	1.34768
1399422612609331993	-0.0479044	0.0334842	1.34839
1399422612706286012	-0.0495949	0.0435732	1.34957
1399422612722278938	-0.054138	0.0495754	1.35128
1399422612739271715	-0.0580262	0.0478125	1.35368
1399422612813230808	-0.0613812	0.0405946	1.35664
1399422612830206944	-0.0649138	0.0353961	1.35988
1399422612846431707	-0.0663426	0.0388952	1.36278
1399422612943168424	-0.0602617	0.050715	1.36495
1399422612959147316	-0.0462318	0.0655648	1.36624
1399422613031117241	-0.0303718	0.0779341	1.3673
1399422613048099593	-0.0178119	0.0877963	1.36759
1399422613064110526	-0.0114354	0.095283	1.36615
1399422613169051182	-0.0124517	0.097082	1.36317
1399422613240068799	-0.0192916	0.089466	1.35906
1399422613256028588	-0.0260843	0.0777798	1.35455
1399422613273040951	-0.0274542	0.068905	1.35034
1399422613345949001	-0.0241442	0.0670567	1.34623
1399422613362014654	-0.0162586	0.0704186	1.34262
1399422613456957417	-0.00483981	0.0784682	1.33968
1399422613473901324	0.0058752	0.0900411	1.33739
1399422613489938410	0.0156656	0.102022	1.33567
1399422613564096831	0.0247111	0.110966	1.33427
1399422613582071674	0.0306109	0.1139	1.33298
1399422613676010489	0.0292163	0.108261	1.3313
1399422613693352244	0.0221561	0.0972997	1.32893
1399422613709107652	0.00907205	0.0820339	1.32593
1399422613782926750	-0.00764297	0.0624631	1.3228
1399422613798940551	-0.0210702	0.0438083	1.32031
1399422613815853521	-0.0262362	0.0316275	1.31899
1399422613914732221	-0.0242988	0.0244591	1.31871
1399422613985753242	-0.0174918	0.0218676	1.31966
1399422614002695219	-0.00674781	0.0257609	1.32139
1399422614018697197	0.00107793	0.0360306	1.32413
1399422614092816774	0.00706453	0.0519799	1.32816
1399422614132799848	0.0123077	0.0688447	1.33271
1399422614203819682	0.0159945	0.0793535	1.33703
1399422614223751571	0.0136303	0.0763426	1.34074
1399422614242685695	0.00335501	0.060597	1.34384
1399422614315895886	-0.0122345	0.0425706	1.34648
1399422614332785211	-0.0321303	0.0295156	1.34912
1399422614432631914	-0.0511441	0.0232175	1.3522
1399422614448634420	-0.0612923	0.0208035	1.35537
1399422614517705861	-0.0604661	0.0196937	1.3583
1399422614533560871	-0.0548787	0.0197123	1.36055
1399422614550630588	-0.0510078	0.0215214	1.36221
1399422614647574866	-0.052258	0.0227274	1.36368
1399422614664587751	-0.0542741	0.0251571	1.36555
1399422614735523010	-0.0499778	0.0342639	1.36736
1399422614751590974	-0.0408321	0.047213	1.36915
1399422614768523777	-0.032037	0.0556679	1.37066
1399422614842562166	-0.0267644	0.0523884	1.37167
1399422614882684173	-0.0253538	0.0393894	1.37164
1399422614954330730	-0.02618	0.0247233	1.37088
1399422614969396941	-0.0288393	0.0147574	1.36951
1399422614986488244	-0.0344379	0.0128232	1.36774
1399422615060368292	-0.0436381	0.0146782	1.3656
1399422615156430368	-0.054295	0.0148726	1.36306
1399422615173399709	-0.0605307	0.0130535	1.36018
1399422615189279627	-0.0615618	0.0126044	1.35668
1399422615263275090	-0.0589587	0.0140562	1.35297
1399422615280356444	-0.0505293	0.0198047	1.34938
1399422615296306966	-0.0390417	0.0284621	1.34577
1399422615396116596	-0.0268453	0.0380967	1.34226
1399422615412106257	-0.0153238	0.0482598	1.33889
1399422615487087203	-0.00658785	0.0564916	1.33538
1399422615503072547	-0.00105314	0.0583581	1.33149
1399422615520065958	0.000146451	0.0527213	1.32695
1399422615619065636	-0.00393449	0.0440062	1.32212
1399422615690038549	-0.0147267	0.0352871	1.31744
1399422615705927467	-0.0285443	0.0286419	1.31291
1399422615723004584	-0.0406491	0.0254191	1.30836
1399422615796986908	-0.049274	0.0237502	1.30379
1399422615813914517	-0.0528242	0.0205364	1.29935
1399422615908840299	-0.0526892	0.0185306	1.29332
1399422615924896620	-0.0439444	0.025238	1.28987
1399422615941872230	-0.0300436	0.0351864	1.28927
1399422616015039066	-0.0185907	0.0464957	1.29099
1399422616055993827	-0.0120827	0.0591052	1.29457
1399422616126985999	-0.00357441	0.0631039	1.29979
1399422616143085659	0.00406182	0.0599832	1.3053
1399422616159878452	0.00394211	0.0574479	1.31038
1399422616258867370	-0.00417694	0.051071	1.31627
1399422616300781702	-0.029704	0.0389317	1.32287
1399422616316812309	-0.0614617	0.0317165	1.32959
1399422616376740549	-0.0666368	0.0343887	1.34568
1399422616447661404	-0.0501386	0.0554414	1.35193
1399422616464730013	-0.0401083	0.0768781	1.35692
1399422616480672806	-0.0197305	0.0912097	1.36027
1399422616583767924	0.00593298	0.0964649	1.36128
1399422616651661500	0.01446	0.0949117	1.35995
1399422616668616988	-0.0042546	0.0744985	1.35721
1399422616684631441	-0.0372656	0.0380599	1.35479
1399422616781543074	-0.0601849	0.0182062	1.35255
1399422616798545065	-0.0674857	0.0244446	1.34954
1399422616874488090	-0.0577652	0.0466189	1.34694
1399422616890508664	-0.0353264	0.0722403	1.34556
1399422616991489694	-0.00368601	0.09582	1.34534
1399422617007512448	0.0124161	0.0955322	1.34408
1399422617092393408	0.00616546	0.0673001	1.34199
1399422617182337029	-0.0173032	0.0308872	1.33956
1399422617223287005	-0.0387379	0.0115369	1.33806
1399422617299248260	-0.0354213	0.0198622	1.33745
1399422617315177841	-0.0281808	0.0335156	1.33645
1399422617332280006	-0.0219592	0.0436841	1.33573
1399422617431416826	-0.0200349	0.046598	1.33475
1399422617501251714	-0.0220068	0.042958	1.33361
1399422617518303990	-0.0263856	0.0338818	1.33253
1399422617534122966	-0.0298738	0.0242615	1.33139
1399422617609130563	-0.0341977	0.0155056	1.33058
1399422617626890793	-0.0417977	0.00767421	1.32983
1399422617720987231	-0.050515	0.00318885	1.32917
1399422617737093381	-0.0576039	0.00528801	1.32889
1399422617754058324	-0.0606907	0.0125672	1.32922
1399422617795189458	-0.0574798	0.0212952	1.32992
1399422617812039063	-0.050377	0.0305042	1.33082
1399422617851048673	-0.0423504	0.0390231	1.33159
1399422617868123022	-0.0349906	0.0448746	1.33227
1399422617941099537	-0.0289847	0.0460468	1.3328
1399422617957181419	-0.0252589	0.0435757	1.33321
1399422617974016292	-0.0235412	0.0380053	1.33336
1399422618048014962	-0.0233067	0.0307914	1.33338
1399422618115877359	-0.0243616	0.0241167	1.33355
1399422618132905974	-0.0258841	0.0182628	1.3333
1399422618161882631	-0.0265797	0.00494532	1.33319
1399422618257786747	-0.0241544	-0.00316748	1.33234
1399422618297854381	-0.0211551	-0.0112492	1.33148
1399422621351166081	-0.0196672	-0.018399	1.32932
1399422621351207638	-0.0197604	-0.0236392	1.32767
1399422621351242845	-0.0208679	-0.026716	1.32622
1399422621351278328	-0.0191916	-0.0163998	1.32549
1399422621351314120	0.00024349	0.0663757	1.32166
1399422621351358898	0.0148908	0.119474	1.31537
1399422621351394265	0.0239251	0.170167	1.31272
1399422621351428876	0.0252748	0.18272	1.30779
1399422621351463261	0.0210359	0.168721	1.30091
1399422621351497662	0.0129024	0.135398	1.29366
1399422621351540867	0.00176669	0.0904066	1.28507
1399422621351576284	-0.0115676	0.0360954	1.27763
1399422621351611430	-0.0266001	-0.0265842	1.26948
1399422621351646356	-0.0210356	-0.0487824	1.26262
1399422621351681472	0.0103528	0.0836707	1.26575
1399422621351715944	0.00867035	0.0916767	1.25335
1399422621351759389	0.00541384	0.0900296	1.25183
1399422621351794812	-0.000102583	0.0689595	1.24832
1399422621351829588	0.00125763	0.0670193	1.2456
1399422621351871412	0.00235012	0.0708977	1.2432
1399422621351906228	0.00184527	0.0709407	1.24038
1399422621351948891	0.00137289	0.0698671	1.23811
1399422621351983306	0.00146975	0.0716219	1.23556
1399422621352018239	0.00156122	0.0725266	1.23297
1399422621352052840	0.00140612	0.0727113	1.2309
1399422621352087703	0.00122195	0.0729347	1.2281
1399422621352106338	0.00107712	0.0731601	1.22569
1399422621352149239	0.000645939	0.0733515	1.22065
1399422621352184375	0.000667755	0.0733694	1.21857
1399422621352218990	0.000300491	0.0733687	1.21566
1399422621352253258	6.55544e-05	0.0734109	1.21334
1399422621352296599	1.32243e-05	0.0734313	1.21104
1399422621352335033	-0.000370839	0.0735414	1.20632
1399422621352369792	-0.000574698	0.0734894	1.20348
1399422621352404337	-0.000818798	0.0736	1.2012
1399422621352439213	-0.00100571	0.0735308	1.19878
1399422621352482831	-0.00122355	0.0736577	1.19626
1399422621352517510	-0.00136258	0.0735691	1.19418
1399422621352552342	-0.00165158	0.0737221	1.19156
1399422621352603197	-0.00204978	0.0737552	1.18691
1399422621352646302	-0.00237019	0.0737541	1.18235
1399422621352681224	-0.00262025	0.0738046	1.17972
1399422621352715856	-0.00269648	0.0737329	1.17742
1399422621352750685	-0.00303412	0.0738383	1.1751
1399422621352786005	-0.00324295	0.0737857	1.17263
1399422621352812502	-0.00334058	0.0737882	1.17046
1399422621352848851	-0.00361977	0.0738533	1.16792
1399422621352884441	-0.00378216	0.0738267	1.16566
1399422621352935644	-0.00392524	0.0738634	1.16332
1399422621353001040	-0.00414721	0.0739009	1.16097
1399422621353051200	-0.0043133	0.0738844	1.15891
1399422621353085802	-0.00619627	0.0734138	1.13603
1399422621353120137	-0.00779347	0.0727901	1.11582
1399422621353153967	-0.00940735	0.0720861	1.09547
1399422621353187827	-0.0110183	0.071376	1.07509
1399422621353221172	-0.0123775	0.0705986	1.05708
1399422621353263294	-0.0137041	0.0698803	1.03677
1399422621353296650	-0.0147982	0.0690408	1.01887
1399422621353330777	-0.0158942	0.0682272	1.00072
1399422621353364550	-0.0170014	0.0673526	0.98248
1399422621353398708	-0.0178867	0.0664186	0.966383
1399422621353449757	-0.0187934	0.0656788	0.948078
1399422621353483761	-0.0195009	0.0648509	0.931967
1399422621353517484	-0.02017	0.0639845	0.915881
1399422621353535030	-0.0207959	0.0631608	0.900022
