#Time	 SERVO_1	 SERVO_2	 SERVO_3	 SERVO_4
1399422547058572690	1175	1175	1175	1175
1399422547074560453	1175	1175	1175	1175
1399422547129620931	1175	1175	1175	1175
1399422547174458611	1175	1175	1175	1175
1399422547199560704	1175	1175	1175	1175
1399422547223554354	1175	1175	1175	1175
1399422547277544522	1175	1175	1175	1175
1399422547294523674	1175	1175	1175	1175
1399422547402468399	1175	1175	1175	1175
1399422547436452872	1175	1175	1175	1175
1399422547452567868	1175	1175	1175	1175
1399422547513410069	1175	1175	1175	1175
1399422547575342578	1175	1175	1175	1175
1399422547595537582	1175	1175	1175	1175
1399422547668218527	1175	1175	1175	1175
1399422547731160559	1175	1175	1175	1175
1399422547747156011	1175	1175	1175	1175
1399422547764068743	1175	1175	1175	1175
1399422547857179505	1175	1175	1175	1175
1399422547873094435	1175	1175	1175	1175
1399422547890072551	1175	1175	1175	1175
1399422547907078384	1175	1175	1175	1175
1399422547931092685	1175	1175	1175	1175
1399422548030051247	1175	1175	1175	1175
1399422548053040826	1175	1175	1175	1175
1399422548069016458	1175	1175	1175	1175
1399422548091002121	1175	1175	1175	1175
1399422548131970623	1175	1175	1175	1175
1399422548201027642	1175	1175	1175	1175
1399422548253009480	1175	1175	1175	1175
1399422548300928315	1175	1175	1175	1175
1399422548353956155	1175	1175	1175	1175
1399422548372935085	1175	1175	1175	1175
1399422548496853589	1175	1175	1175	1175
1399422548515778951	1175	1175	1175	1175
1399422548538786960	1175	1175	1175	1175
1399422548582833288	1175	1175	1175	1175
1399422548614368856	1175	1175	1175	1175
1399422548672745874	1175	1175	1175	1175
1399422548737738704	1175	1175	1175	1175
1399422548753764210	1175	1175	1175	1175
1399422548782690231	1175	1175	1175	1175
1399422548825674024	1175	1175	1175	1175
1399422548904672609	1175	1175	1175	1175
1399422548920627443	1175	1175	1175	1175
1399422548984632876	1175	1175	1175	1175
1399422549000621113	1175	1175	1175	1175
1399422549040572395	1175	1175	1175	1175
1399422549056598522	1175	1175	1175	1175
1399422549213487280	1175	1175	1175	1175
1399422549299472457	1175	1175	1175	1175
1399422549388684510	1175	1175	1175	1175
1399422549454359373	1175	1175	1175	1175
1399422549516511209	1175	1175	1175	1175
1399422549532489694	1175	1175	1175	1175
1399422549581339615	1175	1175	1175	1175
1399422549597374338	1175	1175	1175	1175
1399422549624417548	1175	1175	1175	1175
1399422549663437197	1175	1175	1175	1175
1399422549726437482	1175	1175	1175	1175
1399422549780333592	1175	1175	1175	1175
1399422549800304327	1175	1175	1175	1175
1399422549817261036	1175	1175	1175	1175
1399422549882318684	1175	1175	1175	1175
1399422549900335811	1175	1175	1175	1175
1399422549930302366	1175	1175	1175	1175
1399422550043336372	1175	1175	1175	1175
1399422550063197008	1175	1175	1175	1175
1399422550079183670	1175	1175	1175	1175
1399422550113143082	1175	1175	1175	1175
1399422550154259116	1175	1175	1175	1175
1399422550217067768	1175	1175	1175	1175
1399422550235042148	1175	1175	1175	1175
1399422550292262321	1175	1175	1175	1175
1399422550353987953	1175	1175	1175	1175
1399422550370999939	1175	1175	1175	1175
1399422550387133104	1175	1175	1175	1175
1399422550440983551	1175	1175	1175	1175
1399422550503011211	1175	1175	1175	1175
1399422550564902475	1175	1175	1175	1175
1399422550580905153	1175	1175	1175	1175
1399422550597870736	1175	1175	1175	1175
1399422550690821639	1175	1175	1175	1175
1399422550706814141	1175	1175	1175	1175
1399422550723788375	1175	1175	1175	1175
1399422550740822708	1175	1175	1175	1175
1399422550772783747	1175	1175	1175	1175
1399422550821790065	1175	1175	1175	1175
1399422550885814368	1175	1175	1175	1175
1399422550902767509	1175	1175	1175	1175
1399422550980776245	1175	1175	1175	1175
1399422550996691020	1175	1175	1175	1175
1399422551036771739	1175	1175	1175	1175
1399422551090652911	1175	1175	1175	1175
1399422551113638119	1175	1175	1175	1175
1399422551130632287	1175	1175	1175	1175
1399422551184620941	1175	1175	1175	1175
1399422551248611688	1175	1175	1175	1175
1399422551272628785	1175	1175	1175	1175
1399422551323624709	1175	1175	1175	1175
1399422551348551474	1175	1175	1175	1175
1399422551369582464	1175	1175	1175	1175
1399422551450524930	1175	1175	1175	1175
1399422551512441118	1175	1175	1175	1175
1399422551553437119	1175	1175	1175	1175
1399422551577483439	1175	1175	1175	1175
1399422551594426975	1175	1175	1175	1175
1399422551621455204	1175	1175	1175	1175
1399422551660441975	1175	1175	1175	1175
1399422551723417587	1175	1175	1175	1175
1399422551763397885	1175	1175	1175	1175
1399422551782387393	1175	1175	1175	1175
1399422551810497539	1175	1175	1175	1175
1399422551881503462	1175	1175	1175	1175
1399422551899325052	1175	1175	1175	1175
1399422552008452195	1175	1175	1175	1175
1399422552025448172	1175	1175	1175	1175
1399422552049473904	1175	1175	1175	1175
1399422552065224192	1175	1175	1175	1175
1399422552136243795	1175	1175	1175	1175
1399422552153335068	1175	1175	1175	1175
1399422552197283934	1175	1175	1175	1175
1399422552216319600	1175	1175	1175	1175
1399422552291346612	1175	1175	1175	1175
1399422552353215621	1175	1175	1175	1175
1399422552370214799	1175	1175	1175	1175
1399422552427202389	1175	1175	1175	1175
1399422552443101541	1175	1175	1175	1175
1399422552460095260	1175	1175	1175	1175
1399422552500094540	1175	1175	1175	1175
1399422552562051694	1175	1175	1175	1175
1399422552580073704	1175	1175	1175	1175
1399422552644179605	1175	1175	1175	1175
1399422552677154206	1175	1175	1175	1175
1399422552711087217	1175	1175	1175	1175
1399422552773000330	1175	1175	1175	1175
1399422552789905619	1175	1175	1175	1175
1399422552846913878	1175	1175	1175	1175
1399422552878874763	1175	1175	1175	1175
1399422552895971599	1175	1175	1175	1175
1399422552976860943	1175	1175	1175	1175
1399422552993827609	1175	1175	1175	1175
1399422553032833986	1175	1175	1175	1175
1399422553081817660	1175	1175	1175	1175
1399422553113796043	1175	1175	1175	1175
1399422553187767702	1175	1175	1175	1175
1399422553204754543	1175	1175	1175	1175
1399422553238769312	1175	1175	1175	1175
1399422553286722998	1175	1175	1175	1175
1399422553350624961	1175	1175	1175	1175
1399422553373630218	1175	1175	1175	1175
1399422553399594835	1175	1175	1175	1175
1399422553423658081	1175	1175	1175	1175
1399422553504588368	1175	1175	1175	1175
1399422553546515902	1175	1175	1175	1175
1399422553563502587	1175	1175	1175	1175
1399422553581513383	1175	1175	1175	1175
1399422553658555797	1175	1175	1175	1175
1399422553721440422	1175	1175	1175	1175
1399422553761443529	1175	1175	1175	1175
1399422553786485697	1175	1175	1175	1175
1399422553802383766	1175	1175	1175	1175
1399422553836467281	1175	1175	1175	1175
1399422553870578174	1175	1175	1175	1175
1399422553932526112	1175	1175	1175	1175
1399422553973327516	1175	1175	1175	1175
1399422554001766839	1175	1175	1175	1175
1399422554031407127	1175	1175	1175	1175
1399422554089445862	1175	1175	1175	1175
1399422554113459604	1175	1175	1175	1175
1399422554174364719	1175	1175	1175	1175
1399422554208228374	1175	1175	1175	1175
1399422554224216776	1175	1175	1175	1175
1399422554293254618	1175	1175	1175	1175
1399422554355186678	1175	1175	1175	1175
1399422554372304406	1175	1175	1175	1175
1399422554420260263	1175	1175	1175	1175
1399422554437233252	1175	1175	1175	1175
1399422554463219336	1175	1175	1175	1175
1399422554506168294	1175	1175	1175	1175
1399422554559211224	1175	1175	1175	1175
1399422554620251135	1175	1175	1175	1175
1399422554640181233	1175	1175	1175	1175
1399422554657128287	1175	1175	1175	1175
1399422554712196045	1175	1175	1175	1175
1399422554774162727	1175	1175	1175	1175
1399422554791271175	1175	1175	1175	1175
1399422554883983560	1175	1175	1175	1175
1399422554899940436	1175	1175	1175	1175
1399422554916877364	1175	1175	1175	1175
1399422554932912936	1175	1175	1175	1175
1399422555027039190	1175	1175	1175	1175
1399422555117007455	1175	1175	1175	1175
1399422555133925626	1175	1175	1175	1175
1399422555158017094	1175	1175	1175	1175
1399422555174776960	1175	1175	1175	1175
1399422555194804717	1175	1175	1175	1175
1399422555211790444	1175	1175	1175	1175
1399422555271756555	1175	1175	1175	1175
1399422555301761199	1175	1175	1175	1175
1399422555341716265	1175	1175	1175	1175
1399422555403714793	1175	1175	1175	1175
1399422555421688003	1175	1175	1175	1175
1399422555528638554	1175	1175	1175	1175
1399422555545565784	1175	1175	1175	1175
1399422555561579886	1175	1175	1175	1175
1399422555578623048	1175	1175	1175	1175
1399422555657531626	1175	1175	1175	1175
1399422555719511238	1175	1175	1175	1175
1399422555760459780	1175	1175	1175	1175
1399422555784484749	1175	1175	1175	1175
1399422555801449269	1175	1175	1175	1175
1399422555835450956	1175	1175	1175	1175
1399422555869420464	1175	1175	1175	1175
1399422555955354961	1175	1175	1175	1175
1399422555971389409	1175	1175	1175	1175
1399422556000463905	1175	1175	1175	1175
1399422556029355218	1175	1175	1175	1175
1399422556049332237	1175	1175	1175	1175
1399422556093384108	1175	1175	1175	1175
1399422556214353764	1175	1175	1175	1175
1399422556230413962	1175	1175	1175	1175
1399422556250328488	1450	1431	1442	1440
1399422556345283012	1450	1429	1442	1442
1399422556387205423	1453	1430	1441	1439
1399422556458355770	1450	1429	1442	1442
1399422556474286788	1452	1433	1442	1435
1399422556490356847	1447	1432	1447	1436
1399422556564259449	1453	1430	1440	1440
1399422556581301805	1450	1433	1442	1437
1399422556678209325	1450	1433	1445	1434
1399422556694149739	1457	1431	1440	1435
1399422556711127186	1455	1430	1439	1439
1399422556746139348	1506	1474	1487	1485
1399422556762998532	1507	1478	1490	1478
1399422556802995515	1503	1480	1484	1486
1399422556890967094	1503	1482	1486	1482
1399422556907948077	1510	1477	1485	1481
1399422556924042069	1501	1486	1488	1482
1399422556998078360	1507	1486	1482	1482
1399422557014004968	1507	1482	1474	1494
1399422557115904240	1497	1495	1480	1490
1399422557131971573	1488	1497	1465	1511
1399422557205882003	1496	1487	1471	1503
1399422557221939027	1499	1484	1477	1498
1399422557238877144	1476	1501	1480	1501
1399422557335822080	1483	1491	1484	1499
1399422557351743614	1480	1495	1482	1501
1399422557422915606	1484	1492	1483	1498
1399422557439858484	1488	1484	1471	1505
1399422557455836768	1472	1498	1466	1513
1399422557496818098	1471	1490	1482	1492
1399422557537772249	1477	1483	1490	1486
1399422557553738319	1474	1483	1481	1498
1399422557624789099	1472	1479	1467	1509
1399422557648813096	1466	1485	1481	1496
1399422557665764660	1473	1476	1489	1489
1399422557764632108	1473	1471	1474	1500
1399422557780501483	1478	1469	1474	1498
1399422557850637320	1480	1467	1473	1499
1399422557867631368	1478	1469	1473	1495
1399422557883522695	1471	1469	1488	1486
1399422557958560410	1464	1479	1473	1499
1399422558053460284	1462	1481	1473	1499
1399422558070456496	1471	1473	1477	1494
1399422558087427460	1473	1473	1482	1490
1399422558167463667	1472	1477	1481	1489
1399422558183417629	1460	1487	1471	1501
1399422558279303863	1471	1486	1480	1495
1399422558295389269	1479	1479	1471	1503
1399422558312401419	1472	1491	1469	1503
1399422558380497071	1481	1485	1462	1508
1399422558396335860	1483	1485	1479	1489
1399422558413368106	1487	1487	1483	1491
1399422558512238301	1487	1487	1484	1490
1399422558528164975	1487	1489	1485	1487
1399422558599209181	1490	1490	1487	1489
1399422558616225007	1494	1489	1473	1501
1399422558632204527	1502	1479	1481	1496
1399422558730172920	1489	1489	1481	1498
1399422558801219884	1486	1486	1485	1500
1399422558817165942	1494	1479	1489	1504
1399422558834214098	1488	1482	1487	1508
1399422558908129035	1482	1482	1501	1505
1399422558925113334	1469	1484	1484	1524
1399422559025977111	1474	1479	1494	1515
1399422559043092599	1481	1481	1508	1508
1399422559059019016	1480	1488	1498	1513
1399422559128093194	1480	1488	1488	1522
1399422559144070742	1471	1495	1492	1516
1399422559243137558	1477	1491	1483	1523
1399422559263881863	1483	1487	1502	1498
1399422559335042401	1486	1486	1501	1497
1399422559351859747	1484	1488	1492	1505
1399422559369490176	1482	1492	1488	1507
1399422559441973202	1480	1495	1485	1510
1399422559483883574	1482	1490	1490	1507
1399422559554802690	1498	1479	1491	1510
1399422559570797192	1490	1486	1492	1509
1399422559587713871	1488	1488	1488	1514
1399422559660721410	1486	1490	1487	1515
1399422559701703981	1486	1490	1496	1506
1399422559771725010	1481	1496	1497	1505
1399422559788638751	1480	1492	1497	1509
1399422559805678243	1484	1486	1496	1513
1399422559878663438	1480	1495	1504	1508
1399422559894625242	1491	1481	1496	1519
1399422559991549909	1488	1486	1494	1519
1399422560008530695	1490	1484	1488	1516
1399422560079545640	1483	1494	1492	1509
1399422560096579450	1480	1505	1498	1508
1399422560112491400	1481	1506	1498	1506
1399422560298468253	1495	1495	1495	1507
1399422560315297146	1492	1499	1496	1504
1399422560334489494	1489	1506	1498	1502
1399422560410406566	1489	1508	1495	1503
1399422560506353300	1498	1500	1498	1500
1399422560522366087	1498	1500	1500	1498
1399422560539310327	1504	1496	1500	1496
1399422560612365051	1501	1501	1494	1500
1399422560629184913	1495	1507	1492	1501
1399422560696194784	1504	1500	1498	1494
1399422560713200194	1502	1502	1496	1496
1399422560743118001	1487	1517	1486	1501
1399422560759105364	1497	1507	1486	1501
1399422560836252692	1507	1497	1486	1501
1399422560877095371	1507	1492	1474	1504
1399422560948223134	1507	1492	1477	1502
1399422560965138299	1509	1497	1483	1498
1399422560981135129	1498	1508	1491	1489
1399422561054111834	1491	1515	1495	1486
1399422561149099337	1496	1508	1481	1502
1399422561165953692	1502	1502	1474	1508
1399422561182019637	1502	1502	1480	1503
1399422561256039959	1495	1511	1494	1496
1399422561273321865	1498	1506	1492	1499
1399422561288998198	1491	1510	1497	1497
1399422561389978528	1487	1517	1505	1490
1399422561408924845	1494	1513	1495	1499
1399422561447884367	1491	1517	1490	1501
1399422561464836897	1498	1513	1489	1508
1399422561587879577	1494	1515	1495	1501
1399422561603832917	1496	1515	1494	1504
1399422561620821132	1494	1515	1479	1513
1399422561694777801	1498	1513	1484	1505
1399422561710868615	1505	1505	1478	1511
1399422561808754048	1506	1506	1491	1491
1399422561824697820	1523	1496	1488	1492
1399422561841740213	1511	1511	1492	1484
1399422561913827182	1520	1509	1485	1485
1399422562008616555	1500	1529	1464	1510
1399422562024657521	1496	1529	1486	1484
1399422562041650861	1516	1507	1482	1490
1399422562116626071	1511	1511	1477	1496
1399422562158554807	1513	1513	1470	1500
1399422562228647273	1510	1513	1470	1502
1399422562251426213	1513	1508	1474	1500
1399422562267456164	1520	1497	1487	1491
1399422562365419573	1499	1522	1465	1509
1399422562399494592	1499	1524	1481	1491
1399422562415485676	1548	1483	1514	1463
1399422562435514664	1523	1523	1470	1496
1399422562477266193	1499	1552	1466	1494
1399422562546379734	1529	1529	1468	1489
1399422562569322962	1547	1509	1473	1482
1399422562585430680	1524	1539	1469	1478
1399422562684404313	1520	1539	1454	1488
1399422562755446691	1534	1526	1454	1484
1399422562771304038	1506	1553	1463	1471
1399422562828289880	1509	1549	1473	1459
1399422562869353521	1527	1538	1466	1466
1399422562969311328	1533	1529	1453	1479
1399422562985236422	1529	1531	1453	1485
1399422563081110105	1513	1540	1465	1480
1399422563121218357	1510	1538	1482	1471
1399422563194061998	1517	1531	1480	1480
1399422563210019168	1515	1531	1471	1490
1399422563286990541	1523	1519	1470	1496
1399422563302965437	1529	1513	1463	1503
1399422563404145522	1538	1506	1452	1514
1399422563421161699	1519	1527	1470	1496
1399422563437077148	1508	1536	1479	1487
1399422563506017702	1508	1536	1479	1483
1399422563522081390	1522	1522	1472	1491
1399422563619968073	1526	1516	1473	1488
1399422563635909057	1531	1511	1472	1489
1399422563653223263	1524	1516	1473	1490
1399422563724897143	1514	1528	1483	1483
1399422563740916070	1520	1524	1479	1485
1399422563757869125	1539	1507	1461	1499
1399422563856881446	1549	1501	1467	1490
1399422563926758211	1539	1516	1473	1482
1399422563942729108	1532	1522	1478	1480
1399422563959665374	1528	1528	1469	1490
1399422564032801280	1520	1537	1469	1488
1399422564074669011	1531	1531	1469	1492
1399422564145586576	1531	1531	1478	1484
1399422564167718403	1535	1524	1476	1488
1399422564183734573	1538	1523	1466	1504
1399422564256650436	1540	1517	1471	1503
1399422564273640375	1538	1513	1483	1498
1399422564370596831	1521	1529	1481	1502
1399422564386604105	1514	1532	1479	1508
1399422564458464012	1525	1519	1472	1517
1399422564474577777	1519	1521	1478	1516
1399422564490604547	1519	1519	1481	1515
1399422564591543186	1509	1528	1494	1502
1399422564608492785	1511	1531	1486	1505
1399422564677489632	1502	1536	1479	1515
1399422564694493765	1515	1525	1473	1520
1399422564710441072	1526	1511	1477	1519
1399422564785496404	1515	1517	1486	1516
1399422564825397146	1516	1511	1496	1510
1399422564897294121	1538	1487	1496	1515
1399422564914373952	1540	1484	1485	1529
1399422564930411881	1521	1502	1498	1521
1399422565005414751	1508	1508	1509	1520
1399422565099392820	1506	1506	1510	1523
1399422565116132398	1497	1511	1511	1526
1399422565132306106	1491	1510	1520	1528
1399422565206258604	1514	1488	1503	1542
1399422565226243033	1527	1470	1489	1553
1399422565245180838	1524	1469	1509	1547
1399422565310277328	1518	1469	1513	1549
1399422565343257920	1504	1472	1514	1557
1399422565359210986	1502	1472	1522	1552
1399422565435105910	1509	1461	1504	1566
1399422565530172722	1500	1472	1506	1562
1399422565547089791	1540	1436	1495	1570
1399422565563081546	1503	1476	1509	1558
1399422565636240731	1495	1486	1514	1553
1399422565652922854	1498	1483	1514	1553
1399422565669067229	1506	1479	1510	1553
1399422565768998941	1504	1485	1491	1564
1399422565784941445	1473	1524	1532	1539
1399422565854972582	1502	1491	1526	1547
1399422565871781459	1531	1465	1520	1550
1399422565887806176	1532	1469	1504	1561
1399422565986767796	1525	1481	1497	1563
1399422566002786316	1527	1483	1498	1559
1399422566073870959	1534	1482	1510	1551
1399422566090833668	1521	1498	1531	1534
1399422566106768165	1534	1486	1517	1536
1399422566179749952	1526	1501	1499	1545
1399422566275617544	1527	1504	1500	1541
1399422566294786652	1521	1515	1520	1520
1399422566313682243	1523	1515	1514	1524
1399422566387623311	1495	1542	1508	1527
1399422566403625542	1510	1531	1502	1531
1399422566500640865	1539	1507	1481	1543
1399422566517557867	1540	1497	1488	1534
1399422566533519156	1538	1494	1496	1533
1399422566604531382	1525	1508	1489	1541
1399422566621503990	1549	1473	1469	1562
1399422566637528920	1531	1490	1486	1553
1399422566736494885	1521	1491	1508	1540
1399422566807500567	1517	1498	1527	1533
1399422566824481460	1511	1503	1526	1534
1399422566840433985	1535	1477	1522	1532
1399422566913494167	1525	1487	1520	1534
1399422566955388421	1502	1510	1525	1533
1399422567026351261	1477	1536	1535	1521
1399422567042329161	1490	1526	1513	1540
1399422567059360565	1474	1544	1532	1516
1399422567134422558	1518	1511	1499	1540
1399422567150422225	1535	1496	1481	1553
1399422567247205506	1499	1531	1503	1534
1399422567264220657	1527	1506	1497	1535
1399422567280183506	1539	1497	1485	1541
1399422567352266736	1564	1468	1439	1571
1399422567368264010	1535	1506	1492	1528
1399422567474194910	1515	1523	1522	1495
1399422567490190359	1531	1511	1523	1498
1399422567560095976	1515	1529	1523	1496
1399422567577111721	1535	1505	1523	1489
1399422567593087577	1523	1521	1500	1510
1399422567666073292	1525	1521	1486	1522
1399422567707018501	1518	1526	1506	1500
1399422567778264651	1540	1498	1491	1519
1399422567795015863	1535	1502	1495	1518
1399422567810961997	1524	1507	1503	1511
1399422567885008393	1535	1490	1500	1519
1399422567979999830	1528	1492	1503	1518
1399422567996925073	1527	1485	1491	1533
1399422568013082591	1532	1480	1496	1529
1399422568085923762	1562	1440	1442	1576
1399422568129219220	1502	1502	1519	1519
1399422568199856459	1508	1494	1524	1524
1399422568215807464	1499	1505	1516	1531
1399422568231773336	1484	1520	1519	1527
1399422568329727318	1525	1479	1509	1539
1399422568406800519	1533	1466	1508	1543
1399422568423741766	1523	1481	1510	1548
1399422568439772591	1529	1470	1508	1553
1399422568540762292	1518	1480	1527	1543
1399422568556673458	1539	1454	1511	1560
1399422568626616384	1501	1497	1531	1543
1399422568667644307	1541	1458	1491	1567
1399422568737476351	1501	1501	1534	1534
1399422568753590478	1499	1499	1532	1532
1399422568770548118	1503	1501	1521	1536
1399422568867533768	1439	1558	1552	1488
1399422568938467175	1519	1496	1485	1546
1399422568954521681	1531	1481	1480	1539
1399422568971309601	1546	1466	1462	1549
1399422569070397722	1516	1501	1503	1514
1399422569087404236	1567	1440	1433	1571
1399422569164435375	1515	1500	1487	1531
1399422569180249161	1506	1506	1504	1517
1399422569276408626	1439	1566	1553	1468
1399422569293254400	1511	1503	1491	1538
1399422569364269238	1504	1515	1491	1541
1399422569381243107	1540	1476	1487	1544
1399422569496259136	1571	1442	1450	1578
1399422569512177317	1494	1529	1526	1518
1399422569583265587	1469	1549	1538	1491
1399422569600217192	1537	1488	1494	1533
1399422569709228608	1503	1528	1500	1523
1399422569725200946	1528	1514	1502	1510
1399422569796194324	1549	1495	1482	1524
1399422569812168821	1546	1506	1491	1502
1399422569926876259	1527	1535	1494	1494
1399422569966880759	1523	1543	1505	1480
1399422570118751876	1545	1507	1478	1520
1399422570222892301	1541	1500	1486	1520
1399422570243026189	1517	1517	1501	1516
1399422570255871141	1531	1501	1497	1526
1399422570324865661	1519	1504	1495	1528
1399422570340602305	1521	1502	1500	1523
1399422570357685149	1525	1500	1510	1515
1399422570455735268	1514	1509	1520	1507
1399422570472723464	1514	1509	1511	1516
1399422570542629078	1535	1486	1507	1516
1399422570559653007	1531	1497	1489	1529
1399422570576598326	1522	1507	1476	1539
1399422570650711139	1524	1505	1483	1536
1399422570667508885	1515	1513	1507	1516
1399422570683616905	1507	1520	1509	1509
1399422570753596792	1511	1522	1499	1514
1399422570770577037	1513	1527	1489	1517
1399422570786542757	1514	1531	1484	1518
1399422570888509193	1529	1519	1483	1515
1399422570958532253	1534	1516	1492	1503
1399422570975453688	1536	1519	1504	1485
1399422570991502713	1528	1528	1502	1487
1399422571068573556	1533	1519	1483	1498
1399422571112764020	1531	1527	1492	1490
1399422571150485122	1531	1529	1490	1490
1399422571167359201	1531	1531	1490	1486
1399422571201394168	1519	1541	1462	1513
1399422571282452446	1533	1525	1474	1504
1399422571324354487	1549	1503	1490	1490
1399422571394355037	1546	1506	1489	1491
1399422571411341073	1544	1509	1480	1505
1399422571427381901	1552	1499	1483	1502
1399422571501355586	1571	1474	1497	1497
1399422571542265322	1548	1500	1487	1510
1399422571613263172	1548	1498	1484	1516
1399422571629176064	1528	1514	1500	1513
1399422571646234690	1520	1516	1511	1507
1399422571719206417	1531	1496	1518	1509
1399422571736250392	1535	1480	1511	1526
1399422571836159202	1534	1480	1484	1550
1399422571853447302	1517	1494	1481	1556
1399422571885127789	1521	1481	1501	1547
1399422571902062384	1522	1471	1526	1534
1399422571922132912	1540	1454	1509	1553
1399422571964059545	1518	1478	1536	1533
1399422572033057326	1508	1485	1543	1527
1399422572055019461	1513	1481	1525	1544
1399422572078144689	1528	1463	1510	1558
1399422572147009266	1523	1468	1532	1547
1399422572163984331	1520	1465	1523	1559
1399422572263053858	1505	1476	1525	1561
1399422572279864791	1513	1468	1511	1575
1399422572347787279	1510	1470	1517	1571
1399422572364794500	1519	1466	1517	1574
1399422572380773780	1495	1495	1522	1563
1399422572480823999	1499	1499	1518	1560
1399422572497813535	1507	1499	1499	1571
1399422572567888757	1534	1471	1508	1564
1399422572583905301	1534	1476	1529	1548
1399422572600877397	1515	1496	1531	1546
1399422572674733128	1514	1495	1535	1544
1399422572717740732	1533	1479	1540	1536
1399422572786701304	1528	1488	1529	1543
1399422572802719529	1532	1486	1515	1553
1399422572819637583	1531	1491	1515	1549
1399422572893701349	1536	1485	1505	1557
1399422572989617431	1538	1483	1506	1556
1399422573005568897	1542	1476	1514	1552
1399422573022588337	1535	1481	1535	1538
1399422573097432466	1532	1486	1535	1543
1399422573114490716	1520	1497	1533	1546
1399422573130621947	1517	1502	1516	1558
1399422573226503804	1520	1495	1507	1562
1399422573243481643	1529	1485	1517	1554
1399422573315410957	1527	1487	1540	1535
1399422573331279836	1516	1497	1534	1542
1399422573348393362	1516	1497	1524	1550
1399422573446423849	1492	1518	1519	1556
1399422573463269544	1514	1497	1514	1560
1399422573534310202	1531	1477	1519	1558
1399422573550299110	1526	1478	1516	1557
1399422573567276265	1521	1487	1511	1557
1399422573641309016	1539	1469	1502	1562
1399422573745316735	1516	1501	1517	1546
1399422573762283587	1510	1510	1521	1540
1399422573778228677	1529	1491	1515	1541
1399422573852196152	1523	1498	1525	1533
1399422573893071670	1514	1507	1529	1529
1399422573964067143	1520	1497	1531	1531
1399422573981162287	1527	1487	1513	1548
1399422573997174753	1489	1519	1537	1524
1399422574071133158	1515	1498	1509	1545
1399422574087211099	1523	1489	1504	1543
1399422574184185933	1519	1500	1505	1537
1399422574200105644	1524	1499	1505	1534
1399422574275019955	1538	1489	1483	1553
1399422574295082885	1526	1501	1495	1545
1399422574311000047	1523	1504	1507	1535
1399422574376993336	1534	1495	1510	1535
1399422574408843751	1540	1491	1486	1550
1399422574424934696	1535	1496	1507	1532
1399422574498948641	1532	1499	1528	1511
1399422574514948174	1525	1508	1545	1484
1399422574576870715	1524	1509	1509	1524
1399422574609803709	1520	1509	1498	1535
1399422574626836707	1522	1503	1495	1540
1399422574703870416	1515	1500	1522	1518
1399422574745678743	1522	1497	1509	1534
1399422574815622088	1525	1496	1503	1537
1399422574832596433	1525	1496	1509	1532
1399422574848626311	1519	1502	1520	1522
1399422574922653039	1515	1504	1523	1521
1399422574939748692	1518	1501	1495	1545
1399422575036679674	1519	1498	1523	1523
1399422575053538965	1542	1467	1540	1508
1399422575069518072	1522	1492	1524	1524
1399422575140532332	1502	1513	1505	1540
1399422575157686600	1504	1504	1513	1533
1399422575256595532	1511	1497	1525	1521
1399422575275563933	1528	1478	1519	1529
1399422575348476671	1524	1480	1513	1536
1399422575365519614	1510	1491	1497	1550
1399422575381507794	1501	1501	1497	1550
1399422575456461150	1505	1490	1502	1544
1399422575496420673	1498	1498	1523	1527
1399422575567387249	1495	1507	1471	1567
1399422575584379932	1496	1506	1497	1547
1399422575600349460	1497	1505	1511	1535
1399422575674318718	1507	1499	1520	1528
1399422575733369379	1520	1486	1527	1521
1399422575749379565	1522	1488	1526	1518
1399422575769349593	1529	1487	1515	1523
1399422575786375551	1521	1498	1502	1533
1399422575802319133	1533	1494	1545	1490
1399422575876174362	1527	1504	1524	1516
1399422575919182834	1531	1501	1515	1525
1399422575989162705	1542	1488	1500	1540
1399422576005171946	1531	1502	1520	1522
1399422576022296398	1520	1516	1524	1516
1399422576059216738	1514	1524	1526	1511
1399422576117123343	1532	1514	1470	1556
1399422576133206927	1539	1507	1481	1543
1399422576214113332	1557	1484	1506	1521
1399422576233198849	1547	1499	1517	1508
1399422576303118565	1534	1516	1529	1496
1399422576345062150	1540	1509	1531	1497
1399422576415053596	1537	1520	1510	1510
1399422576431121060	1541	1519	1496	1521
1399422576448030930	1561	1494	1523	1498
1399422576521901430	1551	1506	1498	1523
1399422576562942893	1548	1510	1489	1531
1399422576633883126	1545	1516	1490	1532
1399422576650852301	1540	1517	1502	1527
1399422576666981626	1538	1510	1515	1515
1399422576740959065	1535	1510	1526	1507
1399422576758277576	1535	1510	1521	1513
1399422576853750842	1535	1508	1507	1528
1399422576870832824	1526	1511	1488	1545
1399422576942838119	1522	1516	1511	1526
1399422576958806438	1508	1525	1526	1516
1399422576975803792	1521	1510	1520	1524
1399422577075608616	1534	1495	1505	1539
1399422577091630624	1533	1491	1516	1534
1399422577162597118	1523	1500	1504	1544
1399422577178695910	1509	1507	1514	1542
1399422577195641055	1503	1507	1513	1548
1399422577236688924	1494	1508	1522	1547
1399422577299666321	1506	1487	1506	1566
1399422577373635294	1507	1482	1507	1568
1399422577389675028	1509	1480	1511	1565
1399422577406598968	1507	1482	1515	1562
1399422577505559457	1506	1483	1491	1581
1399422577521549230	1489	1502	1510	1564
1399422577592494573	1485	1508	1529	1548
1399422577608460891	1495	1503	1535	1542
1399422577625377674	1504	1496	1527	1548
1399422577698385115	1495	1509	1511	1557
1399422577842329375	1505	1490	1546	1533
1399422577917238098	1514	1484	1533	1544
1399422578014246123	1501	1497	1534	1537
1399422578031223628	1507	1492	1523	1544
1399422578047334212	1509	1490	1523	1548
1399422578121214399	1505	1492	1522	1547
1399422578137241352	1506	1494	1526	1542
1399422578154204241	1517	1479	1490	1567
1399422578253241864	1519	1481	1516	1544
1399422578270247623	1515	1485	1517	1543
1399422578340238582	1513	1487	1504	1553
1399422578357254481	1509	1490	1509	1549
1399422578376004060	1521	1472	1513	1544
1399422578458171423	1509	1484	1518	1540
1399422578475095283	1505	1484	1522	1540
1399422578548100502	1492	1495	1532	1531
1399422578565100516	1509	1482	1522	1535
1399422578581111129	1527	1468	1529	1529
1399422578681148812	1531	1466	1511	1542
1399422578697046861	1520	1484	1503	1544
1399422578767997079	1517	1487	1515	1535
1399422578783887823	1504	1504	1499	1544
1399422578800999217	1521	1491	1506	1535
1399422578900937408	1511	1499	1522	1522
1399422578916951864	1508	1500	1489	1551
1399422578988870848	1520	1476	1527	1531
1399422579004877242	1503	1486	1534	1531
1399422579101881613	1494	1498	1538	1531
1399422579117854086	1492	1501	1529	1538
1399422579189850182	1502	1491	1551	1504
1399422579205813304	1510	1487	1520	1535
1399422579306687639	1494	1508	1522	1531
1399422579322710280	1499	1509	1504	1540
1399422579339693341	1513	1504	1502	1535
1399422579412695471	1534	1492	1503	1524
1399422579514664426	1555	1480	1469	1540
1399422579531592265	1513	1533	1500	1508
1399422579547711477	1492	1553	1503	1499
1399422579645549006	1525	1533	1488	1507
1399422579661523815	1549	1514	1488	1507
1399422579731481655	1552	1518	1496	1496
1399422579748290509	1551	1523	1498	1494
1399422579846351513	1560	1507	1470	1525
1399422579862273566	1561	1504	1485	1517
1399422579933383010	1601	1448	1429	1573
1399422579950358391	1533	1525	1515	1510
1399422580051380027	1505	1547	1534	1497
1399422580070360512	1536	1519	1488	1540
1399422580113260424	1540	1503	1505	1535
1399422580284270916	1532	1505	1525	1525
1399422580300231844	1522	1514	1531	1522
1399422580371200792	1517	1521	1518	1535
1399422580387082965	1541	1485	1491	1549
1399422580404171087	1511	1522	1523	1519
1399422580478087644	1490	1545	1531	1508
1399422580573091738	1513	1531	1521	1510
1399422580589151614	1534	1514	1504	1523
1399422580606100113	1526	1526	1495	1528
1399422580680940588	1538	1513	1483	1538
1399422580697095764	1525	1527	1506	1517
1399422580799069489	1526	1522	1510	1513
1399422580814945292	1528	1520	1515	1508
1399422580832013125	1548	1494	1496	1529
1399422580904997668	1545	1495	1494	1529
1399422580920910073	1528	1511	1504	1523
1399422580938267383	1514	1520	1523	1510
1399422581035827430	1520	1507	1510	1529
1399422581106853353	1526	1495	1501	1542
1399422581123104302	1523	1494	1498	1548
1399422581139850321	1516	1499	1492	1553
1399422581218743831	1499	1522	1502	1544
1399422581258814483	1513	1510	1508	1538
1399422581330578668	1526	1497	1502	1543
1399422581347662658	1522	1501	1479	1561
1399422581363610800	1519	1504	1517	1531
1399422581437599166	1519	1510	1515	1531
1399422581453593462	1523	1508	1507	1535
1399422581550604451	1515	1515	1517	1529
1399422581566644151	1516	1507	1555	1478
1399422581638529292	1501	1518	1531	1513
1399422581655575966	1498	1521	1510	1533
1399422581671563825	1504	1510	1520	1528
1399422581771602529	1511	1497	1510	1541
1399422581787589145	1494	1506	1505	1545
1399422581858593628	1508	1489	1513	1541
1399422581875493357	1521	1483	1516	1534
1399422581891504889	1523	1479	1487	1548
1399422581988393284	1519	1487	1505	1531
1399422582005408622	1525	1481	1496	1538
1399422582065392372	1513	1500	1504	1533
1399422582082386649	1502	1513	1517	1519
1399422582098348157	1534	1482	1514	1516
1399422582173252398	1521	1498	1497	1526
1399422582215325396	1518	1503	1498	1523
1399422582285171957	1514	1511	1524	1492
1399422582307147984	1505	1520	1505	1511
1399422582324229004	1495	1534	1522	1490
1399422582397188888	1517	1517	1503	1509
1399422582491205337	1528	1505	1486	1526
1399422582508422595	1510	1527	1498	1515
1399422582524095833	1533	1504	1474	1533
1399422582566218178	1545	1492	1487	1517
1399422582583048697	1551	1491	1494	1508
1399422582643027319	1536	1506	1502	1504
1399422582713062092	1539	1497	1501	1511
1399422582729092746	1522	1514	1499	1516
1399422582746073223	1529	1510	1502	1521
1399422582819059582	1511	1531	1487	1533
1399422582860030906	1510	1533	1488	1534
1399422582930832799	1513	1531	1509	1509
1399422582946825297	1525	1521	1510	1506
1399422582963776865	1527	1527	1506	1506
1399422583036788932	1481	1569	1510	1496
1399422583053784098	1529	1533	1487	1517
1399422583236003872	1549	1524	1489	1504
1399422583252714790	1551	1525	1431	1552
1399422583268855880	1546	1529	1466	1525
1399422583370782654	1537	1537	1497	1497
1399422583386873696	1549	1522	1502	1494
1399422583426751801	1533	1541	1501	1492
1399422583442717510	1578	1488	1478	1518
1399422583479143935	1539	1535	1490	1511
1399422583575640220	1532	1544	1504	1504
1399422583592609605	1540	1537	1494	1513
1399422583663418796	1553	1527	1489	1513
1399422583679550951	1550	1531	1515	1491
1399422583696611919	1575	1495	1498	1513
1399422583797525319	1568	1499	1500	1515
1399422583813503667	1567	1491	1495	1528
1399422583883477184	1553	1503	1501	1528
1399422583900473597	1553	1495	1486	1547
1399422583916352559	1531	1518	1516	1528
1399422583990426922	1562	1479	1494	1551
1399422584030428623	1532	1514	1527	1519
1399422584101220798	1515	1531	1540	1504
1399422584118274614	1513	1531	1531	1513
1399422584134244367	1520	1531	1531	1506
1399422584209293081	1548	1500	1500	1538
1399422584303266544	1527	1517	1508	1523
1399422584320490580	1536	1504	1497	1535
1399422584336293450	1531	1507	1519	1519
1399422584416216417	1501	1532	1538	1502
1399422584432215503	1510	1521	1523	1521
1399422584449301117	1536	1491	1484	1552
1399422584547225720	1536	1489	1497	1544
1399422584564234325	1533	1489	1515	1533
1399422584635255412	1521	1502	1511	1539
1399422584652223590	1502	1519	1515	1538
1399422584668227051	1564	1443	1427	1603
1399422584766025338	1518	1499	1485	1558
1399422584837132669	1506	1515	1520	1526
1399422584853135373	1511	1514	1526	1524
1399422584869954236	1523	1510	1525	1517
1399422584943957279	1510	1525	1534	1501
1399422584986137747	1546	1491	1489	1538
1399422585055981770	1541	1500	1529	1502
1399422585073135846	1540	1495	1494	1541
1399422585089022626	1521	1517	1497	1539
1399422585188098537	1554	1481	1474	1556
1399422585203945599	1539	1507	1507	1524
1399422585266925228	1552	1501	1492	1535
1399422585286977638	1543	1517	1505	1520
1399422585381884575	1538	1523	1481	1544
1399422585397793576	1523	1531	1528	1509
1399422585413780587	1535	1511	1524	1520
1399422585482803309	1500	1544	1555	1482
1399422585523590365	1545	1490	1505	1537
1399422585594647783	1558	1483	1562	1473
1399422585611614691	1542	1501	1495	1547
1399422585627734293	1567	1457	1482	1563
1399422585725597678	1533	1494	1518	1540
1399422585797483413	1535	1491	1482	1571
1399422585813427136	1506	1515	1551	1510
1399422585830465087	1522	1503	1535	1527
1399422585930541409	1455	1566	1584	1462
1399422585946488716	1545	1490	1500	1548
1399422586016537361	1550	1492	1516	1535
1399422586032540207	1544	1496	1499	1552
1399422586102515934	1589	1432	1450	1594
1399422586134480885	1511	1520	1532	1535
1399422586226605171	1499	1534	1544	1519
1399422586242510236	1520	1516	1533	1531
1399422586259358701	1543	1491	1499	1557
1399422586359387554	1535	1505	1495	1557
1399422586375396445	1547	1497	1490	1555
1399422586446379859	1508	1535	1533	1515
1399422586463329083	1549	1491	1508	1536
1399422586479286567	1549	1496	1519	1523
1399422586577158221	1556	1498	1504	1523
1399422586594110479	1543	1519	1509	1514
1399422586664196011	1544	1523	1498	1523
1399422586681383559	1533	1535	1497	1522
1399422586697267753	1537	1531	1486	1532
1399422586771172415	1527	1536	1477	1540
1399422586866267495	1545	1518	1476	1539
1399422586882252733	1562	1500	1484	1528
1399422586899268695	1558	1510	1486	1526
1399422586974151042	1562	1505	1510	1502
1399422586990156655	1563	1501	1488	1522
1399422587091271282	1568	1497	1501	1511
1399422587107915697	1540	1528	1506	1510
1399422587124073137	1525	1536	1525	1496
1399422587188140281	1509	1544	1490	1535
1399422587204050164	1511	1540	1473	1550
1399422587220991374	1473	1562	1480	1550
1399422587288285501	1534	1505	1510	1529
1399422587318069063	1546	1494	1498	1540
1399422587334914785	1553	1487	1504	1533
1399422587408807610	1546	1496	1514	1528
1399422587449926292	1540	1503	1504	1536
1399422587521775203	1531	1517	1503	1539
1399422587538816130	1543	1500	1511	1534
1399422587555726319	1519	1527	1511	1534
1399422587628707574	1571	1459	1536	1513
1399422587644656732	1522	1514	1521	1531
1399422587742733853	1520	1516	1499	1549
1399422587758719479	1526	1507	1497	1552
1399422587829682643	1494	1527	1504	1553
1399422587846669619	1523	1500	1525	1535
1399422587863628681	1540	1483	1517	1540
1399422587962600117	1540	1489	1519	1533
1399422587978688434	1531	1510	1514	1528
1399422588050539352	1534	1516	1510	1515
1399422588066484109	1522	1539	1481	1531
1399422588083470202	1541	1525	1494	1513
1399422588156486799	1547	1522	1488	1514
1399422588257479093	1548	1521	1489	1513
1399422588274338859	1536	1536	1483	1517
1399422588290326447	1540	1533	1480	1520
1399422588365430614	1536	1536	1462	1536
1399422588381364575	1544	1533	1462	1531
1399422588471316249	1562	1515	1472	1517
1399422588488273565	1577	1496	1467	1518
1399422588504256636	1571	1501	1474	1513
1399422588578239445	1564	1508	1479	1510
1399422588595216793	1573	1488	1476	1522
1399422588611205986	1556	1502	1472	1533
1399422588712135889	1571	1474	1480	1534
1399422588728163016	1540	1511	1484	1535
1399422588798053404	1528	1524	1489	1533
1399422588815092269	1531	1522	1488	1534
1399422588831216759	1523	1531	1485	1535
1399422588930036233	1533	1525	1476	1539
1399422588947038876	1492	1563	1463	1547
1399422589018149044	1534	1534	1482	1528
1399422589034015494	1536	1536	1489	1519
1399422589051066237	1544	1535	1498	1506
1399422589124007034	1547	1537	1502	1496
1399422589218974595	1550	1535	1496	1496
1399422589236201976	1549	1541	1483	1502
1399422589252005325	1552	1545	1470	1506
1399422589332065063	1594	1510	1492	1478
1399422589349032205	1567	1545	1473	1492
1399422589444068933	1558	1555	1467	1488
1399422589460268949	1562	1553	1466	1491
1399422589476995507	1571	1544	1472	1485
1399422589544817970	1569	1543	1476	1482
1399422589561803800	1555	1555	1479	1485
1399422589577947229	1556	1549	1469	1501
1399422589675805931	1559	1541	1479	1498
1399422589692765255	1562	1528	1484	1505
1399422589763715952	1559	1527	1487	1506
1399422589780701033	1522	1560	1479	1523
1399422589796708904	1540	1542	1502	1502
1399422589894659183	1561	1529	1521	1481
1399422589964663735	1568	1522	1514	1486
1399422589981620740	1568	1526	1499	1497
1399422589997540046	1571	1529	1499	1495
1399422590071590292	1562	1539	1462	1531
1399422590087594835	1568	1528	1461	1539
1399422590189538592	1565	1524	1462	1541
1399422590205482042	1557	1526	1490	1524
1399422590222490763	1553	1522	1507	1516
1399422590291453570	1553	1516	1502	1523
1399422590307437983	1546	1517	1497	1535
1399422590404410872	1536	1523	1476	1550
1399422590426352803	1531	1527	1489	1541
1399422590497404177	1523	1535	1492	1539
1399422590514300177	1518	1535	1492	1542
1399422590530354866	1544	1508	1505	1531
1399422590603306235	1544	1513	1499	1532
1399422590646368132	1566	1496	1518	1511
1399422590716294569	1566	1500	1503	1522
1399422590733334192	1575	1495	1521	1506
1399422590749400927	1548	1527	1505	1524
1399422590823387272	1555	1511	1518	1514
1399422590864211230	1549	1517	1501	1532
1399422590899340970	1556	1504	1510	1527
1399422590915321880	1545	1520	1508	1527
1399422590936268741	1549	1510	1496	1538
1399422591031298079	1539	1516	1502	1540
1399422591047140497	1540	1504	1496	1546
1399422591064213317	1524	1516	1507	1539
1399422591105303252	1448	1568	1458	1584
1399422591151223012	1522	1488	1520	1549
1399422591167079671	1550	1442	1535	1545
1399422591187207030	1535	1451	1527	1561
1399422591257263797	1500	1479	1521	1572
1399422591376097687	1513	1432	1532	1586
1399422591392107999	1489	1445	1552	1575
1399422591490953684	1429	1503	1537	1594
1399422591506999449	1470	1460	1572	1561
1399422591578441082	1503	1433	1560	1568
1399422591593783967	1553	1395	1578	1539
1399422591686090765	1509	1454	1539	1575
1399422591701989947	1496	1477	1525	1587
1399422591778865097	1470	1500	1514	1598
1399422591853315962	1453	1513	1503	1612
1399422591910848208	1513	1451	1558	1565
1399422591995927925	1526	1444	1565	1553
1399422592012744733	1525	1455	1562	1551
1399422592107656427	1499	1495	1534	1567
1399422592220617641	1535	1472	1556	1529
1399422592238972617	1505	1505	1520	1562
1399422592253545710	1472	1536	1474	1590
1399422592326566770	1499	1514	1492	1575
1399422592342556247	1521	1496	1513	1556
1399422592359521095	1520	1501	1518	1549
1399422592434498031	1539	1482	1519	1546
1399422592451443404	1542	1480	1507	1553
1399422592468495371	1541	1485	1502	1554
1399422592540612548	1533	1496	1497	1558
1399422592557588926	1521	1506	1505	1553
1399422592629551328	1539	1490	1542	1524
1399422592648426873	1517	1525	1509	1545
1399422592745420167	1534	1509	1504	1548
1399422592762512409	1546	1496	1502	1548
1399422592852474875	1537	1511	1511	1537
1399422592894444867	1548	1498	1509	1539
1399422592970390209	1549	1495	1506	1536
1399422592987317270	1532	1518	1514	1528
1399422593004239729	1535	1511	1509	1534
1399422593106150024	1540	1503	1506	1538
1399422593146132867	1547	1490	1510	1538
1399422593163065511	1523	1510	1515	1538
1399422593197319347	1531	1490	1513	1549
1399422593279204346	1523	1491	1516	1549
1399422593321243486	1513	1498	1524	1545
1399422593392009971	1521	1485	1534	1540
1399422593409063224	1518	1484	1526	1547
1399422593425038456	1513	1489	1524	1549
1399422593498073038	1513	1483	1522	1555
1399422593538097270	1516	1478	1518	1560
1399422593610069179	1519	1472	1517	1559
1399422593626030832	1509	1480	1518	1560
1399422593643153189	1504	1489	1520	1555
1399422593716079197	1515	1485	1501	1565
1399422593733037877	1513	1494	1509	1553
1399422593829049443	1519	1494	1516	1544
1399422593846065760	1527	1485	1509	1545
1399422593916979229	1528	1488	1524	1531
1399422593933905104	1517	1508	1535	1515
1399422593949948432	1528	1497	1521	1529
1399422594049830194	1527	1500	1500	1544
1399422594065764108	1532	1497	1496	1543
1399422594135753942	1529	1496	1502	1535
1399422594158750514	1527	1500	1504	1531
1399422594174790220	1520	1505	1485	1541
1399422594247728665	1526	1497	1495	1535
1399422594342802774	1531	1489	1495	1537
1399422594358730010	1523	1491	1492	1540
1399422594375823722	1510	1494	1516	1531
1399422594448594035	1494	1502	1514	1532
1399422594465645445	1499	1495	1514	1537
1399422594566587163	1509	1478	1497	1555
1399422594583573524	1489	1491	1508	1544
1399422594599604449	1487	1491	1517	1540
1399422594668447124	1485	1494	1527	1531
1399422594685423187	1485	1494	1527	1535
1399422594701456606	1490	1490	1522	1537
1399422594796385616	1496	1485	1511	1545
1399422594812367314	1524	1459	1497	1555
1399422594882357500	1528	1457	1499	1552
1399422594898318804	1517	1472	1510	1549
1399422594915326464	1506	1483	1527	1536
1399422595012319479	1509	1476	1531	1531
1399422595029297996	1510	1481	1519	1541
1399422595100264290	1495	1497	1498	1558
1399422595116331018	1515	1477	1504	1553
1399422595132410545	1510	1483	1505	1550
1399422595206351104	1510	1487	1506	1546
1399422595307148888	1484	1520	1503	1544
1399422595324194794	1503	1501	1508	1540
1399422595340133657	1504	1502	1511	1535
1399422595413108797	1520	1490	1513	1531
1399422595430046497	1527	1483	1508	1535
1399422595527078010	1533	1474	1494	1548
1399422595543078625	1521	1483	1499	1547
1399422595560035517	1508	1494	1507	1542
1399422595632038074	1513	1489	1515	1536
1399422595648031866	1505	1499	1513	1536
1399422595665023363	1535	1468	1524	1526
1399422595762046925	1522	1482	1504	1543
1399422595832036463	1499	1501	1502	1548
1399422595849159654	1495	1503	1508	1544
1399422595864930562	1495	1505	1519	1541
1399422595939906516	1505	1497	1532	1528
1399422595981885856	1466	1533	1506	1554
1399422596051889281	1511	1492	1504	1553
1399422596067786479	1536	1468	1496	1558
1399422596084860617	1531	1482	1500	1553
1399422596158808499	1523	1489	1513	1543
1399422596174742256	1514	1501	1511	1542
1399422596272757128	1527	1494	1505	1545
1399422596288852596	1517	1508	1495	1550
1399422596305874100	1524	1499	1506	1543
1399422596382729560	1510	1515	1516	1534
1399422596399753025	1526	1505	1523	1529
1399422596464715838	1517	1517	1508	1540
1399422596495676878	1499	1539	1506	1540
1399422596512677486	1510	1531	1510	1535
1399422596588760385	1534	1507	1509	1535
1399422596605755364	1513	1527	1497	1547
1399422596705737216	1535	1505	1490	1550
1399422596721706009	1519	1525	1490	1549
1399422596795677318	1540	1503	1503	1540
1399422596811627599	1557	1476	1507	1539
1399422596914573900	1531	1511	1514	1532
1399422596930535063	1544	1498	1525	1521
1399422596947506464	1546	1496	1503	1540
1399422597015556202	1549	1489	1501	1540
1399422597055538082	1524	1516	1520	1528
1399422597127559525	1524	1509	1517	1536
1399422597144496735	1534	1499	1507	1544
1399422597160468555	1535	1502	1506	1538
1399422597262311023	1485	1549	1502	1540
1399422597335483111	1536	1504	1527	1515
1399422597352253489	1539	1507	1503	1535
1399422597368438232	1548	1508	1499	1528
1399422597466407034	1620	1417	1522	1507
1399422597483366130	1537	1532	1504	1517
1399422597553341410	1514	1557	1485	1529
1399422597570268919	1535	1539	1503	1511
1399422597667268973	1547	1526	1520	1495
1399422597683243165	1534	1540	1495	1520
1399422597754224798	1543	1531	1488	1534
1399422597771261761	1542	1531	1510	1519
1399422597872179210	1546	1521	1513	1521
1399422597888162232	1565	1505	1495	1534
1399422597905150957	1536	1536	1482	1547
1399422597974011058	1540	1523	1492	1550
1399422598076213032	1521	1535	1521	1535
1399422598096145497	1516	1534	1529	1529
1399422598112144808	1540	1502	1515	1549
1399422598187041871	1547	1488	1501	1563
1399422598203902723	1532	1499	1501	1567
1399422598312014383	1529	1494	1508	1567
1399422598328877936	1514	1505	1528	1555
1399422598397893310	1495	1520	1513	1571
1399422598414893889	1509	1501	1537	1553
1399422598430798768	1534	1478	1533	1559
1399422598529840036	1532	1482	1524	1565
1399422598545836993	1527	1487	1518	1570
1399422598616764827	1516	1497	1517	1569
1399422598633836559	1510	1502	1519	1567
1399422598649847387	1506	1506	1527	1561
1399422598815650042	1527	1479	1544	1550
1399422598831654228	1513	1494	1519	1576
1399422598848608593	1505	1501	1535	1562
1399422598922599468	1505	1501	1540	1558
1399422598939599419	1513	1491	1540	1555
1399422599040545679	1519	1485	1540	1558
1399422599056551807	1527	1474	1535	1566
1399422599073474022	1524	1478	1531	1567
1399422599141474683	1508	1487	1546	1556
1399422599164440785	1506	1487	1552	1552
1399422599180450740	1524	1465	1537	1563
1399422599277412606	1507	1484	1518	1578
1399422599348466658	1497	1501	1535	1562
1399422599364350116	1506	1491	1531	1563
1399422599381335073	1523	1477	1523	1567
1399422599456332849	1517	1481	1529	1558
1399422599497345489	1525	1474	1524	1560
1399422599568342587	1523	1481	1523	1558
1399422599585282630	1528	1480	1521	1556
1399422599601339830	1520	1490	1525	1551
1399422599675209035	1531	1484	1531	1543
1399422599691223006	1523	1494	1523	1548
1399422599791223092	1513	1504	1511	1557
1399422599807245314	1516	1497	1540	1535
1399422599849159868	1507	1507	1532	1542
1399422599865185369	1501	1520	1529	1540
1399422599926235073	1547	1484	1496	1561
1399422599997168537	1541	1487	1491	1561
1399422600013131672	1540	1490	1507	1547
1399422600030088802	1529	1508	1523	1531
1399422600104035468	1525	1517	1521	1529
1399422600120075414	1535	1510	1531	1516
1399422600224019822	1563	1476	1529	1515
1399422600242975858	1567	1476	1524	1516
1399422600310972379	1538	1517	1506	1529
1399422600327979083	1517	1540	1507	1526
1399422600343935954	1507	1545	1507	1528
1399422600411008432	1514	1540	1508	1527
1399422600441996865	1539	1514	1497	1539
1399422600458967802	1520	1531	1502	1535
1399422600534965192	1503	1545	1461	1568
1399422600550913033	1527	1523	1488	1549
1399422600654840476	1540	1514	1505	1531
1399422600670802396	1547	1511	1510	1519
1399422600741831205	1543	1521	1513	1513
1399422600757838263	1573	1482	1478	1544
1399422600774807613	1542	1524	1501	1522
1399422600874763114	1529	1536	1513	1513
1399422600891728829	1533	1531	1526	1501
1399422600961737762	1523	1540	1497	1531
1399422600978702461	1521	1546	1498	1531
1399422600994664841	1537	1534	1503	1528
1399422601067655895	1552	1516	1499	1532
1399422601111644293	1531	1544	1481	1546
1399422601178587120	1553	1516	1500	1529
1399422601195556231	1557	1509	1511	1520
1399422601211731476	1550	1518	1491	1541
1399422601292725125	1546	1521	1517	1521
1399422601358545351	1550	1514	1521	1515
1399422601374929092	1562	1498	1520	1516
1399422601404583222	1525	1536	1517	1521
1399422601420573845	1520	1537	1514	1528
1399422601497594613	1524	1528	1523	1517
1399422601540419737	1486	1553	1527	1519
1399422601611390595	1529	1515	1511	1535
1399422601628343542	1533	1506	1505	1544
1399422601644360186	1554	1481	1502	1544
1399422601717348408	1552	1480	1496	1553
1399422601812296860	1507	1526	1464	1581
1399422601829272506	1511	1516	1504	1554
1399422601845258964	1538	1481	1508	1556
1399422601919417216	1556	1451	1535	1539
1399422601936332360	1531	1481	1546	1529
1399422601952312970	1549	1459	1528	1547
1399422602051159653	1508	1508	1532	1540
1399422602067111442	1491	1531	1515	1549
1399422602138112697	1516	1514	1524	1537
1399422602155081506	1496	1536	1538	1519
1399422602171109169	1531	1507	1513	1540
1399422602270029977	1491	1543	1513	1540
1399422602287006827	1542	1495	1498	1549
1399422602362994797	1551	1487	1505	1540
1399422602380030372	1535	1509	1519	1527
1399422602418990559	1525	1521	1523	1523
1399422602435987985	1550	1497	1427	1594
1399422602476959988	1532	1524	1484	1547
1399422602494195871	1520	1535	1506	1529
1399422602569142594	1568	1476	1504	1533
1399422602586032133	1541	1510	1518	1520
1399422602602338712	1533	1519	1526	1514
1399422602699025559	1526	1522	1527	1513
1399422602715825680	1519	1531	1510	1531
1399422602786945232	1505	1544	1522	1518
1399422602802892224	1521	1535	1499	1535
1399422602819901627	1541	1515	1482	1547
1399422602860962465	1468	1576	1542	1490
1399422602901941331	1531	1523	1511	1526
1399422602917895935	1549	1501	1489	1544
1399422602991938718	1572	1472	1443	1579
1399422603008904574	1561	1489	1485	1544
1399422603025017033	1585	1453	1476	1555
1399422603123751519	1547	1499	1522	1520
1399422603139863828	1521	1525	1536	1508
1399422603210791842	1538	1510	1529	1521
1399422603227743148	1528	1520	1522	1531
1399422603243725418	1558	1480	1522	1535
1399422603324719491	1535	1508	1517	1541
1399422603417610234	1524	1516	1495	1562
1399422603433654982	1467	1560	1549	1520
1399422603450687022	1516	1514	1523	1551
1399422603523648615	1540	1485	1502	1569
1399422603539725125	1509	1516	1515	1561
1399422603641503863	1540	1485	1502	1569
1399422603657545788	1531	1503	1466	1595
1399422603674502665	1549	1484	1454	1604
1399422603742410678	1540	1494	1531	1546
1399422603759541732	1524	1509	1560	1516
1399422603775507198	1548	1481	1529	1549
1399422603878086813	1527	1508	1539	1539
1399422603893386359	1595	1428	1563	1503
1399422603961427756	1541	1508	1524	1542
1399422603977341116	1513	1543	1496	1556
1399422603994249271	1481	1571	1523	1527
1399422604092316510	1520	1544	1517	1529
1399422604163354094	1505	1553	1556	1485
1399422604179281166	1550	1516	1522	1524
1399422604196248121	1563	1503	1488	1549
1399422604269264408	1507	1558	1486	1549
1399422604286194515	1537	1531	1505	1537
1399422604382215486	1555	1503	1483	1558
1399422604402112751	1560	1497	1485	1556
1399422604421039871	1558	1500	1507	1539
1399422604494068515	1594	1458	1424	1600
1399422604510090404	1551	1513	1492	1547
1399422604606946117	1529	1535	1527	1521
1399422604623934596	1552	1503	1538	1513
1399422604694953014	1524	1540	1543	1504
1399422604711890068	1560	1505	1558	1473
1399422604727997672	1516	1553	1545	1488
1399422604801901496	1538	1538	1506	1531
1399422604843800443	1531	1544	1520	1520
1399422604914920013	1541	1527	1514	1532
1399422604931942792	1549	1509	1513	1536
1399422604948014818	1543	1513	1517	1536
1399422605046904388	1531	1528	1479	1566
1399422605062903747	1533	1521	1517	1540
1399422605133798500	1544	1504	1511	1549
1399422605149808266	1553	1495	1521	1540
1399422605246794129	1563	1478	1489	1564
1399422605262734057	1612	1418	1477	1581
1399422605450741794	1525	1546	1521	1533
1399422605467546339	1508	1561	1549	1494
1399422605483744744	1576	1489	1489	1549
1399422605552766322	1540	1532	1514	1524
1399422605593660843	1555	1514	1516	1522
1399422605665629140	1562	1505	1501	1535
1399422605681611072	1562	1504	1497	1539
1399422605698547568	1554	1510	1500	1533
1399422605773524807	1555	1514	1524	1505
1399422605789447572	1534	1542	1517	1513
1399422605806477265	1499	1573	1535	1492
1399422605875441786	1516	1562	1527	1500
1399422605916433864	1561	1521	1480	1540
1399422605986423929	1521	1558	1466	1548
1399422606003442140	1554	1519	1496	1525
1399422606019419771	1612	1446	1448	1565
1399422606095421338	1546	1529	1509	1516
1399422606111426017	1525	1546	1508	1521
1399422606202385863	1528	1537	1507	1531
1399422606219365607	1508	1548	1571	1462
1399422606273273907	1510	1540	1533	1519
1399422606334333849	1549	1495	1488	1560
1399422606404298200	1508	1529	1485	1561
1399422606421204384	1535	1496	1505	1550
1399422606437088727	1538	1487	1527	1536
1399422606511061604	1564	1451	1495	1563
1399422606528069966	1533	1489	1516	1549
1399422606624003430	1517	1510	1525	1538
1399422606639996281	1485	1540	1538	1525
1399422606656956594	1504	1525	1519	1541
1399422606730010693	1524	1507	1513	1541
1399422606746896178	1523	1513	1518	1534
1399422606843996820	1529	1510	1514	1534
1399422606860050216	1541	1500	1484	1557
1399422606876996404	1526	1518	1491	1551
1399422606948875281	1516	1524	1514	1537
1399422606965850956	1533	1508	1525	1525
1399422606981878399	1529	1513	1531	1520
1399422607083854501	1534	1505	1510	1540
1399422607154779195	1536	1500	1508	1543
1399422607173801876	1533	1500	1507	1547
1399422607189796746	1533	1498	1526	1534
1399422607230747916	1517	1510	1532	1532
1399422607287717771	1519	1508	1527	1536
1399422607304759174	1524	1509	1518	1539
1399422607378726913	1523	1513	1505	1547
1399422607395689954	1528	1507	1507	1545
1399422607411779403	1528	1514	1518	1532
1399422607513748422	1510	1535	1521	1525
1399422607586647322	1517	1531	1510	1533
1399422607603600338	1521	1527	1508	1535
1399422607619585124	1535	1515	1504	1536
1399422607692563476	1539	1507	1522	1522
1399422607733547117	1535	1509	1552	1488
1399422607804508940	1533	1513	1540	1503
1399422607821548156	1536	1508	1523	1523
1399422607837469249	1549	1491	1521	1525
1399422607911451499	1532	1509	1502	1544
1399422607927432797	1523	1513	1506	1543
1399422608027390733	1504	1523	1503	1549
1399422608044363987	1508	1513	1508	1549
1399422608113398614	1499	1518	1490	1567
1399422608129381993	1521	1491	1519	1548
1399422608146470623	1522	1488	1534	1537
1399422608217419051	1508	1502	1518	1547
1399422608249566423	1523	1481	1535	1541
1399422608265431190	1542	1459	1569	1500
1399422608342485325	1517	1487	1538	1538
1399422608358358215	1501	1505	1517	1558
1399422608458291923	1502	1500	1516	1562
1399422608475326427	1503	1495	1523	1559
1399422608543292425	1525	1470	1536	1553
1399422608560284729	1508	1487	1531	1558
1399422608576276868	1509	1486	1540	1549
1399422608676233871	1504	1491	1516	1570
1399422608692246720	1521	1481	1528	1555
1399422608762095479	1544	1462	1542	1542
1399422608779057291	1535	1477	1549	1533
1399422608795032695	1521	1489	1549	1535
1399422608869014968	1536	1479	1558	1527
1399422608913304426	1515	1506	1531	1551
1399422608981130016	1513	1513	1510	1561
1399422608998134070	1531	1492	1519	1556
1399422609014063423	1527	1496	1525	1551
1399422609088050648	1519	1502	1533	1546
1399422609185130465	1506	1515	1525	1553
1399422609202075049	1509	1516	1526	1549
1399422609219075840	1491	1535	1494	1576
1399422609285916501	1528	1501	1532	1544
1399422609358861593	1544	1489	1539	1531
1399422609374802955	1565	1473	1540	1518
1399422609420810178	1546	1502	1516	1539
1399422609437840147	1546	1506	1532	1524
1399422609508839147	1540	1511	1529	1529
1399422609524834636	1524	1524	1515	1546
1399422609540831302	1522	1522	1516	1552
1399422609639790935	1524	1516	1511	1558
1399422609655760066	1525	1510	1524	1555
1399422609726837001	1526	1505	1531	1553
1399422609743755446	1531	1498	1528	1557
1399422609759722007	1505	1524	1496	1585
1399422609832665148	1518	1505	1516	1575
1399422609932748725	1526	1492	1531	1567
1399422609949691295	1504	1508	1519	1581
1399422609965620763	1526	1482	1540	1569
1399422610039718032	1554	1445	1554	1556
1399422610056661886	1541	1462	1544	1567
1399422610153579569	1525	1485	1537	1570
1399422610169531735	1507	1503	1535	1575
1399422610186484828	1541	1466	1563	1553
1399422610258527752	1507	1503	1547	1570
1399422610275406895	1494	1515	1531	1585
1399422610291578198	1495	1509	1534	1585
1399422610394410888	1505	1495	1543	1579
1399422610481291015	1515	1485	1555	1570
1399422610497418257	1451	1544	1514	1614
1399422610571216042	1498	1504	1540	1586
1399422610612270820	1524	1484	1549	1572
1399422610683302078	1526	1484	1546	1574
1399422610700273440	1536	1474	1557	1562
1399422610716186166	1546	1468	1552	1565
1399422610790180651	1544	1477	1562	1550
1399422610884207154	1514	1518	1561	1546
1399422610901172962	1535	1503	1568	1532
1399422610917069623	1492	1550	1542	1549
1399422610990123924	1522	1531	1511	1568
1399422611033095684	1547	1495	1524	1553
1399422611104094587	1540	1505	1532	1545
1399422611120026643	1496	1549	1491	1576
1399422611137088514	1521	1531	1523	1549
1399422611236126078	1526	1526	1503	1565
1399422611251915713	1569	1479	1534	1535
1399422611329057252	1562	1498	1536	1523
1399422611345062704	1611	1442	1548	1502
1399422611409974395	1549	1531	1518	1532
1399422611441998985	1540	1540	1503	1532
1399422611458076013	1549	1533	1510	1515
1399422611557915773	1553	1525	1501	1528
1399422611574998981	1554	1519	1491	1540
1399422611645756316	1545	1520	1505	1537
1399422611662728600	1535	1511	1509	1534
1399422611758700401	1591	1433	1463	1571
1399422611775710535	1533	1500	1510	1541
1399422611846648925	1486	1542	1526	1526
1399422611863623091	1508	1529	1487	1553
1399422611978639072	1529	1513	1508	1540
1399422611995595127	1541	1500	1517	1531
1399422612071588897	1531	1518	1509	1534
1399422612088512205	1563	1486	1483	1553
1399422612172716524	1543	1513	1519	1523
1399422612195578315	1540	1518	1514	1531
1399422612275702606	1537	1531	1503	1532
1399422612292464284	1535	1532	1494	1540
1399422612355451959	1524	1540	1518	1524
1399422612412388160	1534	1528	1520	1526
1399422612494538464	1552	1507	1515	1529
1399422612510489121	1549	1510	1498	1543
1399422612598499471	1541	1529	1523	1517
1399422612640337176	1539	1535	1532	1503
1399422612711291692	1534	1542	1509	1520
1399422612727272784	1523	1556	1491	1531
1399422612744215375	1520	1563	1489	1527
1399422612818367549	1514	1563	1498	1508
1399422612835427848	1544	1538	1504	1500
1399422612931196277	1550	1532	1497	1507
1399422612948150220	1543	1533	1479	1521
1399422612964142234	1553	1522	1482	1520
1399422613036132877	1544	1528	1492	1516
1399422613053048927	1548	1508	1516	1503
1399422613157060741	1513	1538	1510	1517
1399422613174075027	1508	1533	1515	1519
1399422613245045688	1505	1532	1502	1535
1399422613261055209	1525	1508	1503	1534
1399422613278064862	1501	1526	1510	1529
1399422613351007504	1531	1496	1505	1534
1399422613390961197	1526	1501	1513	1531
1399422613461959892	1540	1484	1520	1524
1399422613478939426	1541	1485	1514	1528
1399422613494952739	1583	1433	1520	1524
1399422613568910114	1539	1490	1510	1533
1399422613664929119	1544	1480	1523	1525
1399422613681067500	1524	1497	1521	1533
1399422613697972378	1492	1524	1524	1534
1399422613771079617	1466	1543	1517	1536
1399422613787851287	1498	1517	1514	1540
1399422613803928054	1521	1496	1510	1541
1399422613903742907	1497	1528	1492	1552
1399422613919754590	1531	1502	1491	1546
1399422613991719231	1508	1529	1494	1541
1399422614007722159	1534	1511	1513	1521
1399422614023686956	1547	1501	1517	1510
1399422614121830009	1592	1455	1514	1514
1399422614137767367	1582	1474	1500	1525
1399422614208774704	1536	1538	1487	1531
1399422614231813740	1539	1539	1471	1544
1399422614304706190	1527	1549	1496	1523
1399422614320809304	1529	1551	1516	1503
1399422614420623758	1535	1550	1523	1494
1399422614437592685	1555	1534	1497	1516
1399422614453573424	1569	1521	1484	1524
1399422614522671181	1569	1519	1490	1520
1399422614538533208	1562	1526	1502	1510
1399422614636700970	1509	1575	1506	1506
1399422614652658133	1544	1549	1507	1501
1399422614669592993	1582	1510	1516	1490
1399422614740608014	1614	1469	1516	1486
1399422614756482690	1574	1521	1494	1508
1399422614773417919	1547	1547	1479	1527
1399422614871537899	1540	1549	1476	1532
1399422614942442882	1540	1546	1483	1529
1399422614958445956	1563	1514	1484	1534
1399422614974406670	1552	1524	1513	1510
1399422615049441337	1540	1534	1521	1506
1399422615091412340	1525	1541	1510	1521
1399422615161367266	1534	1531	1504	1531
1399422615179396672	1491	1559	1511	1537
1399422615194249683	1535	1521	1509	1540
1399422615268286604	1551	1498	1507	1544
1399422615285352844	1539	1511	1514	1540
1399422615384120376	1551	1494	1515	1541
1399422615401098092	1566	1470	1527	1535
1399422615475059331	1556	1481	1529	1538
1399422615492056810	1535	1501	1517	1553
1399422615508103600	1562	1461	1501	1570
1399422615607975831	1526	1499	1526	1555
1399422615624030661	1510	1510	1540	1545
1399422615695021417	1523	1494	1536	1556
1399422615710938836	1522	1488	1547	1550
1399422615727897097	1524	1484	1538	1564
1399422615801947360	1467	1531	1540	1567
1399422615842963233	1515	1481	1543	1566
1399422615913880389	1514	1484	1537	1573
1399422615929907153	1505	1505	1532	1571
1399422615946868619	1520	1495	1539	1558
1399422616044999164	1541	1479	1535	1555
1399422616114960620	1529	1504	1509	1568
1399422616131968292	1543	1494	1517	1561
1399422616149351723	1526	1516	1523	1554
1399422616247840511	1535	1514	1511	1557
1399422616266832604	1518	1535	1525	1540
1399422616305711215	1528	1532	1528	1532
1399422616321783260	1535	1535	1498	1546
1399422616364808561	1570	1501	1502	1536
1399422616436808171	1508	1559	1539	1497
1399422616452707769	1553	1520	1516	1522
1399422616469669062	1564	1504	1488	1547
1399422616569623935	1553	1513	1494	1548
1399422616585630833	1573	1471	1511	1539
1399422616656570074	1522	1534	1494	1556
1399422616673603146	1497	1550	1502	1549
1399422616770520775	1449	1577	1509	1550
1399422616786587785	1540	1498	1531	1537
1399422616862455329	1519	1523	1534	1535
1399422616879494638	1558	1480	1516	1547
1399422616980366272	1582	1453	1519	1544
1399422616996444853	1571	1468	1499	1560
1399422617081429696	1510	1535	1492	1565
1399422617104353183	1500	1540	1506	1558
1399422617211391795	1535	1503	1518	1550
1399422617287344393	1549	1483	1535	1538
1399422617304242545	1547	1482	1527	1548
1399422617320285583	1518	1518	1519	1553
1399422617419308485	1535	1497	1528	1547
1399422617436147507	1511	1520	1519	1556
1399422617506127544	1540	1487	1510	1561
1399422617523059890	1524	1505	1513	1559
1399422617539085836	1516	1516	1517	1554
1399422617614071075	1490	1535	1519	1556
1399422617654159957	1507	1520	1534	1544
1399422617726040979	1396	1407	1483	1367
1399422617742011163	1418	1389	1443	1403
1399422617759054935	1434	1375	1432	1411
1399422617800161220	1434	1365	1424	1405
1399422617840003042	1435	1366	1423	1404
1399422617857022142	1428	1373	1414	1412
1399422617930034687	1416	1380	1412	1418
1399422617946077799	1409	1390	1409	1420
1399422617962997213	1404	1395	1409	1420
1399422618036069011	1388	1386	1397	1402
1399422618079038011	1387	1387	1397	1402
1399422618120894723	1380	1380	1392	1398
1399422618137897531	1377	1384	1383	1404
1399422618171872362	1371	1379	1366	1418
1399422618286854930	1367	1384	1367	1417
1399422621351142310	1360	1386	1372	1412
1399422621351190065	1356	1375	1372	1402
1399422621351226451	1356	1375	1377	1396
1399422621351261564	1598	1211	1551	1307
1399422621351297144	1211	1516	1267	1595
1399422621351342023	1606	1211	1593	1348
1399422621351377764	1175	1175	1175	1175
1399422621351412579	1175	1175	1175	1175
1399422621351447068	1175	1175	1175	1175
1399422621351481459	1175	1175	1175	1175
1399422621351524790	1175	1175	1175	1175
1399422621351559903	1175	1175	1175	1175
1399422621351595327	1175	1175	1175	1175
1399422621351629992	1175	1175	1175	1175
1399422621351664808	1175	1175	1175	1175
1399422621351699660	1175	1175	1175	1175
1399422621351743179	1175	1175	1175	1175
1399422621351778415	1175	1175	1175	1175
1399422621351813227	1175	1175	1175	1175
1399422621351854802	1175	1175	1175	1175
1399422621351889998	1175	1175	1175	1175
1399422621351932888	1175	1175	1175	1175
1399422621351967420	1175	1175	1175	1175
1399422621352001908	1175	1175	1175	1175
1399422621352036794	1175	1175	1175	1175
1399422621352071021	1175	1175	1175	1175
1399422621352132855	1175	1175	1175	1175
1399422621352167858	1175	1175	1175	1175
1399422621352202820	1175	1175	1175	1175
1399422621352237021	1175	1175	1175	1175
1399422621352280269	1175	1175	1175	1175
1399422621352314978	1175	1175	1175	1175
1399422621352353468	1175	1175	1175	1175
1399422621352388107	1175	1175	1175	1175
1399422621352423119	1175	1175	1175	1175
1399422621352466581	1175	1175	1175	1175
1399422621352501263	1175	1175	1175	1175
1399422621352536172	1175	1175	1175	1175
1399422621352571011	1175	1175	1175	1175
1399422621352586991	1175	1175	1175	1175
1399422621352629898	1175	1175	1175	1175
1399422621352664790	1175	1175	1175	1175
1399422621352699589	1175	1175	1175	1175
1399422621352734208	1175	1175	1175	1175
1399422621352769962	1175	1175	1175	1175
1399422621352832477	1175	1175	1175	1175
1399422621352867901	1175	1175	1175	1175
1399422621352902355	1175	1175	1175	1175
1399422621352955599	1175	1175	1175	1175
1399422621353033684	1105	1105	1105	1105
1399422621353070180	1105	1105	1105	1105
1399422621353104231	1105	1105	1105	1105
1399422621353138338	1105	1105	1105	1105
1399422621353172218	1105	1105	1105	1105
1399422621353205988	1105	1105	1105	1105
1399422621353247405	1105	1105	1105	1105
1399422621353281255	1105	1105	1105	1105
1399422621353315209	1105	1105	1105	1105
1399422621353349289	1105	1105	1105	1105
1399422621353383079	1105	1105	1105	1105
1399422621353434018	1105	1105	1105	1105
1399422621353468045	1105	1105	1105	1105
1399422621353502092	1105	1105	1105	1105
