#Time	 Roll 	 Pitch 	 Yaw
1399579600154150081	-0.0122231	-0.02137	0.45988
1399579600215092358	-0.0122077	-0.0213744	0.459583
1399579600314076972	-0.0122394	-0.0213564	0.459474
1399579600363088016	-0.0122678	-0.0213607	0.459364
1399579600417981483	-0.0122791	-0.0213574	0.459213
1399579600467013791	-0.0123119	-0.0213558	0.459061
1399579600525922151	-0.0123259	-0.0213543	0.458896
1399579600570957280	-0.012311	-0.0213167	0.458748
1399579600675893185	-0.0122792	-0.0213305	0.458722
1399579600730891347	-0.0122733	-0.0213055	0.458835
1399579600779860600	-0.0122764	-0.0212962	0.459095
1399579600835806252	-0.0122745	-0.0212926	0.459433
1399579600884834760	-0.0122785	-0.0213063	0.45962
1399579600939815491	-0.012262	-0.0213314	0.459717
1399579600996802618	-0.0122567	-0.021352	0.45969
1399579601092698181	-0.0122648	-0.0213703	0.459601
1399579601111706024	-0.0122382	-0.0213605	0.459518
1399579601200739130	-0.0122381	-0.0213574	0.459543
1399579601253721987	-0.012238	-0.0213995	0.459522
1399579601302683458	-0.012224	-0.0213897	0.459364
1399579601357647879	-0.0122064	-0.0213851	0.459069
1399579601414646639	-0.0121724	-0.0214022	0.458753
1399579601511563659	-0.0121543	-0.021392	0.458691
1399579601569521313	-0.0121643	-0.0213876	0.458609
1399579601615522375	-0.0121777	-0.0213627	0.458549
1399579601670468831	-0.0121282	-0.0213487	0.458516
1399579601719435935	-0.0121288	-0.0213656	0.458475
1399579601775422815	-0.0121049	-0.0213778	0.458375
1399579601831417009	-0.0120976	-0.0213976	0.45833
1399579601928381146	-0.0121107	-0.0214161	0.458414
1399579601984391575	-0.012095	-0.0214365	0.458368
1399579602033411550	-0.0120817	-0.021443	0.45829
1399579602091310750	-0.0121105	-0.0214508	0.458262
1399579602137302843	-0.0121191	-0.0214489	0.458133
1399579602192243869	-0.0121356	-0.0214762	0.45788
1399579602297221009	-0.0121633	-0.0214903	0.457803
1399579602345200614	-0.0121538	-0.0215049	0.457816
1399579602401220659	-0.0121515	-0.0215303	0.457716
1399579602450222209	-0.0121845	-0.0215651	0.457632
1399579602509151903	-0.012183	-0.0215833	0.457484
1399579602555152050	-0.0121961	-0.0215909	0.45763
1399579602659140839	-0.0121801	-0.0215874	0.457825
1399579602674050125	-0.0121745	-0.0215502	0.45813
1399579602763062900	-0.012184	-0.0215506	0.458393
1399579602818979288	-0.0121507	-0.0215349	0.458691
1399579602868101126	-0.0121431	-0.0215059	0.458732
1399579602923155517	-0.0121288	-0.0215061	0.458701
1399579602971995470	-0.0121233	-0.0214966	0.458973
1399579603031173688	-0.0121513	-0.0215131	0.459085
1399579603131924946	-0.01216	-0.0215212	0.458941
1399579603181050152	-0.0121628	-0.0215365	0.458837
1399579603241980413	-0.0121668	-0.0215364	0.45871
1399579603284865629	-0.0121777	-0.0215543	0.458672
1399579603340928311	-0.0121604	-0.0215542	0.458675
1399579603444830518	-0.012154	-0.0215887	0.458719
1399579603493793502	-0.0121045	-0.0215826	0.458694
1399579603551715443	-0.0120845	-0.0215672	0.45865
1399579603598731987	-0.0121021	-0.0215386	0.45869
1399579603653624548	-0.0120919	-0.0215218	0.458656
1399579603701807893	-0.0120903	-0.0215515	0.45849
1399579603757736473	-0.0121162	-0.0215744	0.458476
1399579603814745284	-0.0121385	-0.0215929	0.458453
1399579603910617452	-0.0121443	-0.0216298	0.458412
1399579603966638465	-0.0121684	-0.0216643	0.458267
1399579604015618993	-0.0121748	-0.0216944	0.458081
1399579604074491902	-0.0121535	-0.0217318	0.4581
1399579604120527668	-0.012133	-0.0217381	0.458232
1399579604175580269	-0.0120762	-0.0217394	0.45838
1399579604237475346	-0.0120272	-0.0217523	0.458501
1399579604329520518	-0.0120238	-0.0217235	0.458693
1399579604384311295	-0.012025	-0.0216952	0.458704
1399579604433333192	-0.0120093	-0.0217065	0.45873
1399579604489422479	-0.0119626	-0.0216903	0.458651
1399579604538451769	-0.0119419	-0.0217041	0.458697
1399579604596446911	-0.0118805	-0.0216761	0.45887
1399579604717333258	-0.0118591	-0.0216439	0.458894
1399579604723280887	-0.0118782	-0.0215836	0.458859
1399579604802258478	-0.011906	-0.021571	0.459017
1399579604851228701	-0.0119055	-0.0215787	0.459143
1399579604906285320	-0.0119177	-0.0215925	0.459269
1399579604955234557	-0.0119252	-0.0216124	0.459464
1399579605059236716	-0.0119194	-0.0216156	0.459669
1399579605075154426	-0.0119486	-0.0215721	0.459781
1399579605164320971	-0.0119612	-0.0215532	0.459881
1399579605222159248	-0.0119617	-0.0215135	0.459992
1399579605268174692	-0.0119451	-0.0214953	0.460074
1399579605323008556	-0.0119659	-0.0215396	0.460083
1399579605371999937	-0.0120127	-0.0215283	0.459803
1399579605476962701	-0.0120305	-0.0215516	0.459613
1399579605491994872	-0.0120542	-0.0215776	0.45946
1399579605580979216	-0.0120944	-0.0215888	0.459292
1399579605639890311	-0.0121265	-0.0216074	0.459081
1399579605685934075	-0.0121408	-0.0215987	0.45873
1399579605740884260	-0.0121882	-0.0215913	0.458447
1399579605844829816	-0.0122296	-0.0215891	0.458219
1399579605893849464	-0.0122328	-0.0215705	0.458015
1399579605961794081	-0.012267	-0.021567	0.457852
1399579605998766842	-0.0122687	-0.0215806	0.457784
1399579606066738379	-0.0122908	-0.0215822	0.457559
1399579606102714197	-0.0123072	-0.0216022	0.457109
1399579606173719747	-0.0123304	-0.0215909	0.456775
1399579606302670263	-0.0123511	-0.0215866	0.45655
1399579606308624921	-0.0123569	-0.0215675	0.456513
1399579606379671683	-0.0123786	-0.0215495	0.456508
1399579606394662877	-0.0123855	-0.0215429	0.456472
1399579606483573251	-0.0123709	-0.0215867	0.456435
1399579606519606877	-0.012358	-0.0215971	0.456443
1399579606587597133	-0.0123565	-0.0216047	0.456435
1399579606701537968	-0.0123606	-0.0215723	0.456426
1399579606708502221	-0.0123535	-0.0215884	0.45643
1399579606796449075	-0.0123409	-0.0216145	0.456394
1399579606811423965	-0.0123267	-0.0216333	0.456412
1399579606900412845	-0.0123199	-0.0216342	0.45644
1399579606936370798	-0.0123127	-0.0216396	0.456422
1399579606992376342	-0.0123102	-0.0216305	0.456424
1399579607096337645	-0.0123268	-0.0216296	0.456396
1399579607145246870	-0.012344	-0.0216205	0.45639
1399579607204264446	-0.012306	-0.0216271	0.456319
1399579607256096936	-0.0122841	-0.0216389	0.456243
1399579607305083669	-0.0123117	-0.021627	0.456208
1399579607354112662	-0.0123228	-0.0216055	0.4562
1399579607458075099	-0.0123253	-0.0216085	0.456188
1399579607473056684	-0.0123231	-0.0216063	0.456166
1399579607561911456	-0.0123442	-0.0216172	0.456152
1399579607620964189	-0.0123193	-0.0216344	0.456155
1399579607666841359	-0.0123272	-0.0216412	0.456161
1399579607721812118	-0.0123251	-0.021651	0.456205
1399579607770813562	-0.0123382	-0.0216776	0.456191
1399579607875679976	-0.0123615	-0.0216895	0.456131
1399579607890609404	-0.0123744	-0.021727	0.45615
1399579607979635919	-0.012344	-0.0217603	0.45613
1399579608035615312	-0.0123626	-0.0217349	0.456094
1399579608084590805	-0.0123718	-0.0217335	0.45605
1399579608142572635	-0.0123912	-0.0217214	0.456013
1399579608195538045	-0.0124003	-0.021728	0.456024
1399579608292463183	-0.0124156	-0.0217172	0.456022
1399579608348487284	-0.0123928	-0.0217117	0.456003
1399579608397449831	-0.0123656	-0.0216821	0.455971
1399579608452366696	-0.0123866	-0.02167	0.455916
1399579608501388599	-0.012412	-0.0216795	0.455908
1399579608557311792	-0.0124119	-0.0216699	0.455872
1399579608613363673	-0.0124271	-0.0216945	0.455827
1399579608710367160	-0.0124117	-0.0216952	0.455774
1399579608765342529	-0.0124097	-0.0217092	0.455716
1399579608814306630	-0.0123833	-0.0217083	0.455691
1399579608870260036	-0.0123639	-0.0217229	0.455673
1399579608919177042	-0.0123622	-0.0217113	0.455692
1399579608974264572	-0.0123608	-0.0217219	0.455694
1399579609031190670	-0.0123582	-0.0217167	0.455683
1399579609128088759	-0.0123826	-0.021721	0.455715
1399579609186102885	-0.0124235	-0.0217051	0.45569
1399579609238062872	-0.012425	-0.0217135	0.455604
1399579609287092512	-0.0124032	-0.0217184	0.455571
1399579609336062087	-0.0124018	-0.0217221	0.455536
1399579609392085193	-0.0124126	-0.0217249	0.455538
1399579609495882588	-0.0124107	-0.0217491	0.455532
1399579609544922552	-0.0124244	-0.0217576	0.455568
1399579609600875536	-0.0124366	-0.0217594	0.455596
1399579609649888000	-0.0124117	-0.021778	0.455659
1399579609707782915	-0.0123975	-0.0217856	0.455682
1399579609753854135	-0.0123894	-0.0217861	0.455698
1399579609857839818	-0.0123665	-0.0217892	0.455696
1399579609872786006	-0.0123631	-0.021819	0.455707
1399579609961670093	-0.0123467	-0.0218244	0.455713
1399579610017740450	-0.0123353	-0.0218621	0.455735
1399579610066613538	-0.0123119	-0.0218174	0.455735
1399579610121635884	-0.0123331	-0.0218362	0.455722
1399579610170593657	-0.0123115	-0.0218257	0.455732
1399579610275575096	-0.0122969	-0.0218273	0.455728
1399579610290602945	-0.0123267	-0.0218241	0.455699
1399579610379545568	-0.0123023	-0.0218136	0.455676
1399579610435518022	-0.0123025	-0.0217952	0.455629
1399579610484440625	-0.0123132	-0.0217602	0.455601
1399579610539418957	-0.0123101	-0.0217565	0.455607
1399579610596436973	-0.0123298	-0.0217783	0.455593
1399579610693342302	-0.0122956	-0.021767	0.455537
1399579610751346378	-0.0122997	-0.0217846	0.455467
1399579610797389399	-0.0123307	-0.0218009	0.455455
1399579610852347568	-0.0123464	-0.0218282	0.455455
1399579610901355414	-0.0123359	-0.021843	0.455458
1399579610957263366	-0.0123376	-0.0218762	0.455438
1399579611013346839	-0.0123592	-0.0218568	0.455424
1399579611110233582	-0.0123338	-0.0218605	0.455415
1399579611165205927	-0.0123146	-0.0218501	0.455398
1399579611218140519	-0.0122992	-0.0218591	0.455351
1399579611273129541	-0.0123445	-0.0218858	0.455348
1399579611319082810	-0.0123813	-0.0219078	0.455366
1399579611374133298	-0.0123962	-0.0219343	0.455368
1399579611431061177	-0.0124372	-0.0219427	0.455352
1399579611528001469	-0.0124321	-0.0219609	0.455318
1399579611582978705	-0.0124216	-0.0219753	0.45531
1399579611632011749	-0.0124173	-0.021991	0.455281
1399579611687956045	-0.0124543	-0.0219838	0.455236
1399579611736932238	-0.0124784	-0.0219885	0.45521
1399579611794945755	-0.0124679	-0.0220101	0.4552
1399579611896834168	-0.0124609	-0.022037	0.455167
1399579611945846059	-0.0124303	-0.0220663	0.455131
1399579612000824997	-0.012471	-0.0220968	0.455099
1399579612049845495	-0.0124936	-0.0221042	0.455071
1399579612105800339	-0.012513	-0.0221121	0.455037
1399579612154787677	-0.0125119	-0.0221363	0.455053
1399579612215698910	-0.0125458	-0.0221423	0.455072
1399579612370655035	-0.0125771	-0.0221653	0.455044
1399579612376623084	-0.0125919	-0.0222181	0.455039
1399579612391698030	-0.0125663	-0.02226	0.455063
1399579612468613513	-0.0126485	-0.0222719	0.454996
1399579612537557834	-0.0126878	-0.0222667	0.454813
1399579612573553626	-0.0131413	-0.0222971	0.455086
1399579612678446535	-0.0134157	-0.0223924	0.455693
1399579612693499944	-0.013191	-0.0223482	0.456412
1399579612783435068	-0.0128211	-0.0228794	0.456882
1399579612895401695	-0.0121918	-0.0225839	0.457601
1399579612901382627	-0.0116839	-0.0235052	0.458658
1399579613001371100	-0.010232	-0.0252648	0.459473
1399579613007303346	-0.00670089	-0.0264147	0.460232
1399579613064304791	0.00284744	-0.0310585	0.460589
1399579613156375679	0.0128207	-0.0329657	0.461902
1399579613205295027	0.0154042	-0.0296326	0.465498
1399579613230331250	0.0102672	-0.0312411	0.469586
1399579613309200690	0.00449293	-0.0270413	0.473095
1399579613371172774	0.00282386	-0.0191711	0.477393
1399579613413196489	0.0047958	-0.0131857	0.481274
1399579613481155363	0.00630869	-0.00952692	0.484707
1399579613586118358	-0.00552475	-0.0129521	0.487308
1399579613593098095	-0.0105965	-0.013919	0.489575
1399579613694037987	-0.0082332	-0.00543603	0.491293
1399579613729027397	-0.0113306	0.000179235	0.493335
1399579613840991567	-0.0164533	0.00828652	0.495404
1399579613846957043	-0.0131713	0.0125335	0.495767
1399579613938920558	-0.0137666	0.00459341	0.49532
1399579613953887726	-0.011121	-0.00253345	0.493768
1399579614043879297	-0.00485502	-0.00725118	0.492412
1399579614111859634	-0.00723673	-0.0091069	0.491067
1399579614147893882	-0.0160061	-0.0153162	0.489848
1399579614219749345	-0.00882132	-0.0263727	0.488518
1399579614251791171	-0.00413515	-0.0413805	0.486732
1399579614357767217	-0.0116246	-0.047694	0.485488
1399579614372745504	-0.0136274	-0.0442061	0.48559
1399579614461710679	-0.00852152	-0.042757	0.486941
1399579614538708188	-0.00843811	-0.0382913	0.489754
1399579614553619636	-0.015008	-0.0304453	0.492541
1399579614633636677	-0.016201	-0.0255733	0.494712
1399579614669688465	-0.0151674	-0.0228305	0.496723
1399579614775530769	-0.0146868	-0.0170918	0.497929
1399579614790538576	-0.00772787	-0.013685	0.498548
1399579614880453266	-0.000758107	-0.0122048	0.498322
1399579614992443486	0.00713325	-0.00691373	0.49783
1399579614998558779	0.0138073	-0.000767924	0.496671
1399579615055538850	0.0099414	0.00145566	0.494752
1399579615091560846	0.00467025	0.00246713	0.491921
1399579615159420924	0.00560067	0.00271976	0.489515
1399579615257548559	0.000511066	0.00499199	0.48769
1399579615300584990	-0.00135169	0.00783977	0.485639
1399579615413303806	0.00387367	0.00964007	0.484116
1399579615419445519	0.00938605	0.00605683	0.483625
1399579615517453359	0.0120681	0.00158633	0.483618
1399579615524461007	0.0107074	0.00133085	0.483881
1399579615580392108	0.00332339	-0.00253132	0.484873
1399579615685309396	-0.00538951	-0.00939068	0.485858
1399579615692394866	-0.00428709	-0.0111361	0.487228
1399579615789329660	-0.0015945	-0.00580226	0.488348
1399579615825299634	0.00160666	-0.0118469	0.489715
1399579615893291000	0.00722058	-0.02391	0.491972
1399579616004160924	0.00656708	-0.0297675	0.494484
1399579616010160099	0.00555842	-0.0307044	0.496478
1399579616101045033	0.00796377	-0.0305848	0.498102
1399579616116953846	-0.000766238	-0.0255236	0.499884
1399579616206128009	-0.012531	-0.0198768	0.502093
1399579616231165396	-0.0143146	-0.0171598	0.504368
1399579616347095462	-0.0110854	-0.0186395	0.507689
1399579616355083264	-0.00799192	-0.0267651	0.510175
1399579616414884769	-0.00504219	-0.033748	0.511301
1399579616518994069	-0.00350845	-0.0254767	0.511922
1399579616533934114	-0.00324503	-0.0137882	0.513284
1399579616622962543	-0.00390059	-0.0101074	0.51543
1399579616659903738	-0.00343826	-0.0209157	0.516758
1399579616764982281	-0.000609979	-0.0325159	0.517001
1399579616772809690	-0.000783283	-0.025931	0.516843
1399579616869783154	-0.00129559	-0.0155168	0.517326
1399579616937634052	0.00310663	-0.0143025	0.517848
1399579616952680117	0.00726655	-0.0216272	0.518088
1399579617041718713	0.0116011	-0.0283159	0.51877
1399579617077579853	0.0118842	-0.0236323	0.520386
1399579617183498537	0.00774886	-0.0126572	0.523442
1399579617191531181	0.00580843	0.0031351	0.527679
1399579617258452419	0.00651651	0.0151737	0.531785
1399579617357540783	0.00533654	0.0136814	0.535634
1399579617372487252	-0.000856803	0.0104659	0.539101
1399579617506383647	-0.00545439	0.00557225	0.542484
1399579617512525142	-0.00682862	0.00535988	0.545421
1399579617569552738	-0.00794658	0.00877708	0.546902
1399579617680420621	-0.0102985	0.00877976	0.546708
1399579617687394253	-0.012675	0.00648158	0.546095
1399579617777252024	-0.0181225	-0.000611249	0.544638
1399579617793389386	-0.0203511	-0.00672445	0.541967
1399579617925044044	-0.0159242	-0.016657	0.539248
1399579617931057683	-0.0119357	-0.0206123	0.537093
1399579617989085098	-0.0128812	-0.0168195	0.535508
1399579618089976441	-0.0131152	-0.0188349	0.534812
1399579618101954055	-0.00601846	-0.0228697	0.53571
1399579618197904332	-0.0040117	-0.0172288	0.537545
1399579618218910346	-0.00631332	-0.0107836	0.540416
1399579618346878849	-0.00852828	-0.0119409	0.544492
1399579618352882531	-0.0119094	-0.0153997	0.547854
1399579618445891677	-0.0120118	-0.0180758	0.55018
1399579618453862638	-0.0107902	-0.013585	0.552212
1399579618550801471	-0.00886605	-0.00941866	0.554752
1399579618618766460	-0.00844332	-0.0156962	0.558114
1399579618633768994	-0.00705982	-0.0175417	0.561423
1399579618723785428	-0.00173032	-0.00299456	0.564135
1399579618759670038	0.0010773	0.00767358	0.566343
1399579618865598880	0.00120479	0.00553084	0.566976
1399579618872568379	0.000220844	0.00728214	0.567029
1399579618969614516	0.00158156	0.0178223	0.566002
1399579619037589270	0.00261593	0.0183765	0.563815
1399579619053548884	0.00249918	0.00712957	0.560542
1399579619142510642	0.00809253	-0.00309099	0.555807
1399579619178518113	0.013477	-0.0192608	0.550875
1399579619290420090	0.0138629	-0.0291866	0.54688
1399579619396378170	0.0133659	-0.0230563	0.543094
1399579619411401063	0.0137935	-0.0277946	0.542936
1399579619493367271	0.0137737	-0.0363165	0.543515
1399579619605217249	0.0137968	-0.0398199	0.545371
1399579619612253325	0.00499764	-0.0284809	0.549457
1399579619705282571	-0.0101454	-0.00932944	0.556383
1399579619712212085	-0.017653	0.00115584	0.566155
1399579619810288309	-0.011373	-0.00716375	0.5773
1399579619878163612	-0.00805492	-0.0219226	0.587532
1399579619893158127	-0.00761415	-0.0212356	0.596233
1399579620026075667	-0.0110654	-0.0090714	0.605105
1399579620033076254	-0.0125918	0.00534229	0.61421
1399579620090079097	-0.00755333	0.0149448	0.623291
1399579620200928888	0.00110194	0.0186624	0.629787
1399579620206979515	0.0084823	0.0134399	0.633215
1399579620296964699	0.0108756	0.00631755	0.634437
1399579620312998705	0.00845859	0.00795962	0.633967
1399579620401965028	0.0062671	0.00993395	0.633828
1399579620437962338	0.00875595	0.00300093	0.631033
1399579620505908160	0.0112555	-0.00334499	0.626014
1399579620616846949	0.00962932	-0.0093463	0.619863
1399579620623828258	0.00372727	-0.0164651	0.61353
1399579620713746511	-0.00146696	-0.0190252	0.607898
1399579620750739628	-0.00143513	-0.0239725	0.602354
1399579620862744416	4.10689e-05	-0.0346647	0.597475
1399579620868754572	-0.000243108	-0.0443324	0.593952
1399579620961717059	-0.00277132	-0.0485591	0.592036
1399579620969714955	-0.00806787	-0.0483535	0.591933
1399579621066672312	-0.0140094	-0.0451412	0.593014
1399579621179575031	-0.0143958	-0.0346707	0.595676
1399579621185576026	-0.0138884	-0.0275797	0.599159
1399579621292506439	-0.0197619	-0.0192029	0.60292
1399579621299540116	-0.0269389	-0.00857108	0.607832
1399579621388537732	-0.0303101	-0.00638639	0.613687
1399579621395527182	-0.0293191	-0.00373442	0.620589
1399579621456489865	-0.0308518	0.00413108	0.629012
1399579621604314628	-0.0327244	0.00694918	0.637669
1399579621610412700	-0.0283813	0.00443124	0.646272
1399579621710356239	-0.0205273	0.00632749	0.654
1399579621716339064	-0.0160147	0.0123987	0.660427
1399579621773245289	-0.0147573	0.0152571	0.665148
1399579621884249355	-0.0115426	0.00712714	0.667518
1399579621891260993	-0.00522667	0.000303902	0.669061
1399579622025220256	-0.0051965	-0.00676423	0.671106
1399579622032231092	-0.00491985	-0.00185	0.673259
1399579622130191940	0.000362945	0.00952186	0.675293
1399579622136238678	0.00609973	0.00993963	0.67705
1399579622193170950	0.0112692	0.00227215	0.677302
1399579622229139477	0.0187369	-0.000710875	0.676266
1399579622335082589	0.0243902	0.00191673	0.674931
1399579622350057116	0.0247969	0.00943731	0.67334
1399579622442049547	0.0244682	0.012459	0.670303
1399579622510042660	0.0234028	0.00874189	0.667254
1399579622546023313	0.0174464	-0.000868745	0.6651
1399579622657914329	0.0081349	-0.0133211	0.665763
1399579622663869005	0.00472509	-0.0284529	0.669355
1399579622757868001	0.00118508	-0.037522	0.674573
1399579622772884413	-0.00668358	-0.0325726	0.681378
1399579622861870164	-0.00993097	-0.023652	0.688271
1399579622973802238	-0.0083098	-0.0118821	0.695007
1399579622980769381	-0.00676923	-0.000307754	0.700781
1399579623037754339	-0.0118348	0.00249381	0.704619
1399579623073686391	-0.0227123	-0.00888879	0.706531
1399579623178656929	-0.0270716	-0.0199532	0.705728
1399579623193635780	-0.0274584	-0.0159508	0.702314
1399579623286601750	-0.0229648	-0.00710071	0.697802
1399579623348605888	-0.0213475	1.12504e-06	0.693864
1399579623390589598	-0.0248122	0.000606369	0.692873
1399579623503532241	-0.0221686	-0.00249589	0.694306
1399579623509481234	-0.0202847	-0.0100903	0.696791
1399579623566478099	-0.0247903	-0.0135673	0.699156
1399579623658474895	-0.023186	-0.0102189	0.700796
1399579623821355493	-0.0105278	-0.00488931	0.707235
1399579623827292610	0.00362195	-0.0024341	0.712124
1399579623884310744	0.00972928	0.00111058	0.717914
1399579623920288511	0.00854037	0.00522742	0.724268
1399579624026229567	0.0101853	0.0114551	0.731762
1399579624034197367	0.0125252	0.0246224	0.739682
1399579624131262533	0.0171934	0.0335874	0.747288
1399579624212150617	0.0305881	0.0307455	0.75317
1399579624221131324	0.0391872	0.0226106	0.756364
1399579624303132904	0.0381973	0.0155311	0.758337
1399579624339118547	0.0298108	0.00617202	0.759566
1399579624445124332	0.0177605	-0.00396563	0.760533
1399579624453015820	0.0177572	-0.00972149	0.760577
1399579624550007168	0.0236717	-0.0128913	0.759778
1399579624617952554	0.0206141	-0.0115627	0.759475
1399579624633016106	0.0138008	-0.0145663	0.759695
1399579624766940673	0.00601568	-0.0269774	0.760639
1399579624772893481	-0.00329534	-0.032931	0.761798
1399579624865842975	-0.00976866	-0.0267543	0.761887
1399579624873841084	-0.00956792	-0.0188868	0.762354
1399579624971812999	-0.00383913	-0.0116306	0.763053
1399579625041773103	0.00469874	-0.00756697	0.764711
1399579625052776019	0.00906175	-0.00688352	0.767269
1399579625188760982	0.00421367	-0.00909978	0.770263
1399579625194728734	-0.00650734	-0.013282	0.773432
1399579625257623223	-0.0168699	-0.00888923	0.776397
1399579625363650462	-0.0147095	0.00331367	0.779561
1399579625369655237	-0.00373707	0.00912277	0.782927
1399579625463625220	0.0052641	0.00707595	0.784982
1399579625471588154	0.0023064	0.00281687	0.786725
1399579625610485915	-0.0038255	0.00209688	0.786453
1399579625616539881	-0.0108694	-0.00260502	0.784174
1399579625708454260	-0.0217761	-0.00483375	0.780131
1399579625716470935	-0.0286336	0.000855941	0.775762
1399579625776447182	-0.0323933	0.00371454	0.773485
1399579625884397600	-0.0309178	-0.00879817	0.77367
1399579625892436037	-0.0197648	-0.0259349	0.774859
1399579625987298997	-0.0105626	-0.0366212	0.777406
1399579626023325067	-0.0139127	-0.0406028	0.781864
1399579626129223955	-0.0147568	-0.0341289	0.78894
1399579626137197236	-0.00444502	-0.0180825	0.796676
1399579626237199708	0.00391731	-0.0169336	0.805146
1399579626346233812	0.00444566	-0.030719	0.813598
1399579626352224326	-0.000399029	-0.0328563	0.82232
1399579626409147512	-0.00215095	-0.0362389	0.831498
1399579626446218783	0.000532485	-0.0409207	0.838867
1399579626558122449	0.00208216	-0.025843	0.844507
1399579626564087260	0.0101344	-0.00767575	0.849717
1399579626658107837	0.0174067	-0.0024355	0.853643
1399579626673125220	0.0137349	-0.00113383	0.856185
1399579626762056154	0.00874924	0.00160292	0.857363
1399579626873947982	0.00531802	0.00719419	0.857549
1399579626881004503	0.00391515	0.011616	0.85704
1399579626980897769	-0.000223355	0.0106364	0.855405
1399579626986949241	-0.00149937	0.0076064	0.853332
1399579627079914623	0.00664595	0.00905728	0.851895
1399579627094798816	0.0173708	0.0082045	0.852324
1399579627184789896	0.0170104	0.00879345	0.855276
1399579627258723016	0.0101673	0.01427	0.861224
1399579627273744341	0.00299968	0.0186144	0.871139
1399579627401606543	-0.000603056	0.0212918	0.88176
1399579627407677159	0.00284038	0.0268048	0.891125
1399579627501622279	0.00527673	0.0372859	0.897257
1399579627576559619	0.00753576	0.0431085	0.89878
1399579627582633942	0.0142716	0.0299413	0.895772
1399579627696528918	0.0142408	0.0092606	0.889477
1399579627702548554	0.00258688	-0.00828219	0.882957
1399579627822509833	-0.00644055	-0.0195897	0.876165
1399579627828411667	-0.0165873	-0.0249443	0.868449
1399579627885662065	-0.0249267	-0.0331476	0.861236
1399579628033626695	-0.0239263	-0.0398725	0.856927
1399579628039568073	-0.0117957	-0.0455016	0.856601
1399579628140527685	-0.00499938	-0.0506558	0.858507
1399579628146473337	-0.004559	-0.04706	0.863598
1399579628248510660	0.00014495	-0.0379959	0.872202
1399579628257451054	0.000933436	-0.0263303	0.883364
1399579628344477743	-0.00723255	-0.0166094	0.895838
1399579628352449045	-0.00669506	-0.0144609	0.907923
1399579628412411012	0.00229137	-0.0115731	0.918107
1399579628517415109	0.0133212	-0.000467148	0.926991
1399579628532344292	0.0226167	0.0163756	0.935205
1399579628621338035	0.0288226	0.0252166	0.942719
1399579628657318854	0.029316	0.0270273	0.948752
1399579628725207221	0.0309119	0.027438	0.952589
1399579628836250328	0.0330367	0.0260067	0.955171
1399579628842242473	0.0330026	0.0227963	0.95694
1399579628933236671	0.0353464	0.0128315	0.957062
1399579628969008015	0.0335273	-0.000173267	0.954776
1399579629082197142	0.0263157	-0.00985857	0.951015
1399579629088147210	0.0167516	-0.0181468	0.946653
1399579629181099180	0.00674727	-0.0221408	0.942307
1399579629189104640	-0.00218416	-0.0260202	0.938755
1399579629286013384	-0.00514488	-0.0276166	0.935543
1399579629353999101	-0.00199825	-0.0205029	0.933489
1399579629369017771	0.00038223	-0.0136078	0.933047
1399579629457967304	-0.00581422	-0.0152652	0.933207
1399579629494867215	-0.0216805	-0.0135339	0.934222
1399579629599894004	-0.0322363	-0.00753674	0.935004
1399579629615835752	-0.0327713	-0.00399245	0.934635
1399579629705824200	-0.0315285	-0.012136	0.933857
1399579629880701548	-0.025334	-0.019467	0.923188
1399579629915741271	-0.0226026	-0.0126647	0.918043
1399579630020541932	-0.0119139	-0.00705097	0.913667
1399579630035515235	-0.0010988	-0.00628803	0.910586
1399579630126512862	0.00692734	-0.0109932	0.909901
1399579630194441068	0.0118809	-0.0109446	0.911743
1399579630215480543	0.00910401	-0.00658277	0.916105
1399579630345391735	0.00626155	-0.00417161	0.923488
1399579630351357037	0.0109809	0.00126992	0.931816
1399579630445342809	0.0211215	0.010182	0.940942
1399579630452315436	0.0335173	0.0120942	0.949549
1399579630516259527	0.041197	0.0106781	0.957254
1399579630607223567	0.0367519	0.00512054	0.965086
1399579630656252063	0.0253789	0.00345292	0.973383
1399579630768181845	0.0202481	0.00787053	0.98192
1399579630774148385	0.024849	0.0102033	0.990604
1399579630866180563	0.0303489	0.00693607	0.998857
1399579630873198899	0.0253885	0.00329879	1.00736
1399579630971084577	0.0150087	-0.000644825	1.01484
1399579631039084068	0.00246997	-0.00103795	1.02058
1399579631054024633	-0.00620141	0.000117186	1.02638
1399579631144077183	-0.00562741	-0.000289839	1.03116
1399579631180073364	-0.000675703	0.00187577	1.03352
1399579631253964828	0.00579702	0.00636123	1.03279
1399579631358960780	0.00709204	0.00715903	1.03005
1399579631364829015	0.00115791	0.00272728	1.02619
1399579631455905558	0.00156279	-0.00248246	1.02118
1399579631470886469	0.01038	0.000943013	1.01649
1399579631559854685	0.0167655	0.00937091	1.01197
1399579631595852828	0.0216095	0.0106229	1.00672
1399579631701793244	0.0261251	0.00369351	1.00128
1399579631716783552	0.0315729	-0.00518324	0.996176
1399579631805737200	0.0393451	-0.00905563	0.992269
1399579631873728944	0.0415391	-0.0121467	0.989248
1399579631909708542	0.0364225	-0.0197237	0.987321
1399579632022626617	0.0243126	-0.0227148	0.987128
1399579632028590550	0.0115923	-0.0251983	0.988837
1399579632085619034	0.00262036	-0.0301112	0.991973
1399579632196564953	-0.00815737	-0.0279191	0.996913
1399579632203513676	-0.0146021	-0.0190298	1.00457
1399579632293502069	-0.0161834	-0.0102172	1.01445
1399579632330501592	-0.0241087	-0.0084302	1.02646
1399579632442378731	-0.0304914	-0.0107221	1.0398
1399579632448456948	-0.0273774	-0.0170396	1.05234
1399579632541369712	-0.0214587	-0.0185856	1.06268
1399579632549409104	-0.0143257	-0.00662731	1.06972
1399579632610352633	-0.00218809	0.00547069	1.0746
1399579632714334372	0.0116303	0.0127721	1.07757
1399579632750268713	0.0194209	0.0155943	1.07815
1399579632862334777	0.0229676	0.0140322	1.07643
1399579632868418704	0.0276736	0.00816613	1.07363
1399579632947318608	0.0294155	0.00679796	1.07016
1399579632969319709	0.0280915	0.010077	1.06893
1399579633033307456	0.0248984	0.00816731	1.06846
1399579633146351394	0.0160634	0.00537755	1.06744
1399579633154307568	0.00335128	0.00383113	1.06528
1399579633250123689	-0.00801158	-0.00721549	1.06162
1399579633279257023	-0.0187444	-0.0250756	1.0595
1399579633347152873	-0.0319345	-0.0340444	1.05885
1399579633462159993	-0.0434297	-0.0276271	1.05779
1399579633468221170	-0.0446739	-0.0202713	1.05574
1399579633558079780	-0.0397052	-0.0185948	1.05237
1399579633573190061	-0.0360176	-0.0212501	1.04756
1399579633662128212	-0.0309408	-0.0241693	1.04303
1399579633698123090	-0.0217051	-0.0198555	1.04031
1399579633804144712	-0.0100094	-0.0143251	1.03946
1399579633812043606	0.00398325	-0.0136502	1.04003
1399579633909032850	0.0174036	-0.0137566	1.04131
1399579633978950147	0.0266279	-0.00760056	1.0429
1399579633989933211	0.0310791	0.000527788	1.04448
1399579634081780014	0.0302593	0.00749106	1.04543
1399579634118759492	0.0266213	0.0115943	1.04559
1399579634227857393	0.0290409	0.0144295	1.04447
1399579634336833791	0.0331315	0.0179277	1.04286
1399579634342772211	0.0401398	0.019806	1.04192
1399579634357802775	0.0450576	0.0203802	1.04144
1399579634434843043	0.0453273	0.0197936	1.04262
1399579634503536782	0.0361002	0.0168155	1.04594
1399579634539571609	0.0194394	0.00664801	1.05222
1399579634645504454	0.00508939	0.000124026	1.06091
1399579634652574784	-0.00392088	-0.00205664	1.07161
1399579634713493561	-0.00945884	-0.00345504	1.08325
1399579634817574711	-0.0106074	-0.00466229	1.09423
1399579634832452034	-0.00939823	-0.00170672	1.10354
1399579634943637342	-0.0145788	-0.000108734	1.11087
1399579634958547373	-0.0251514	-0.00854659	1.11652
1399579635026592146	-0.0313009	-0.0171178	1.11976
1399579635138448881	-0.0264238	-0.0166935	1.1202
1399579635144397869	-0.0151871	-0.00935637	1.1186
1399579635238394791	-0.00391108	-0.0038592	1.11625
1399579635255420853	-0.00756287	-0.000171714	1.11357
1399579635327364941	-0.019944	0.00289477	1.11052
1399579635376413143	-0.0241899	0.00170364	1.10756
1399579635480309845	-0.0182209	-0.00179451	1.10491
1399579635495321806	-0.00681088	-0.00173848	1.10281
1399579635585196790	0.0064625	0.00449288	1.10137
1399579635654192295	0.0209393	0.00919138	1.10063
1399579635669022765	0.0301848	0.00475582	1.10087
1399579635758105998	0.0353214	-0.0117232	1.10087
1399579635794094568	0.0408258	-0.0232452	1.10031
1399579635899032552	0.0461696	-0.0192416	1.10043
1399579635914049558	0.0501697	-0.0192525	1.10093
1399579636003867466	0.0529164	-0.0229802	1.10091
1399579636072010640	0.0548971	-0.0162323	1.10045
1399579636107931476	0.053673	-0.00766607	1.10029
1399579636223968995	0.0471605	-0.00363364	1.09975
1399579636233907922	0.0370994	-0.00414359	1.09908
1399579636287911522	0.0282705	-0.00653308	1.0997
1399579636435821272	0.0199959	-0.00397162	1.10151
1399579636441816365	0.0111105	0.000390232	1.10401
1399579636497728259	0.00305986	0.00302105	1.10673
1399579636513786685	-0.00889368	0.00808052	1.10986
1399579636605548002	-0.0172563	0.0107653	1.11283
1399579636640578053	-0.0204094	0.00754864	1.11396
1399579636746653601	-0.0265241	0.00526675	1.11332
1399579636753510327	-0.03821	0.0101748	1.11205
1399579636851640057	-0.0482031	0.0194148	1.1109
1399579636869651590	-0.0436597	0.0216246	1.11075
1399579636956493076	-0.0333354	0.014831	1.11008
1399579637068385968	-0.0248549	0.000338499	1.10886
1399579637074497224	-0.0201219	-0.0113612	1.10821
1399579637131480737	-0.0145723	-0.0196157	1.10835
1399579637245343377	-0.00273962	-0.0211556	1.10995
1399579637255250813	0.0117077	-0.0184749	1.11281
1399579637333229321	0.027269	-0.021669	1.11614
1399579637375227865	0.0359992	-0.0235279	1.11862
1399579637459376604	0.0326046	-0.024052	1.12003
1399579637480272330	0.0238579	-0.0165487	1.12126
1399579637585358485	0.020995	-0.00791894	1.12166
1399579637593317018	0.0317779	0.000229042	1.12141
1399579637654282261	0.0426337	0.00682783	1.12111
1399579637752281234	0.0412652	0.0115786	1.12113
1399579637794173001	0.0323813	0.00632269	1.1214
1399579637871994425	0.0180296	-0.0038753	1.12276
1399579637899014301	0.00804939	-0.00413888	1.12432
1399579637966903671	0.00494961	0.00117639	1.12588
1399579638077862818	0.00498605	0.00577873	1.12838
1399579638083849385	0.00404672	0.00573546	1.13098
1399579638174787478	-0.0016854	-0.000716083	1.13339
1399579638189879506	-0.00430728	-0.0141132	1.13569
1399579638278788170	-0.00479329	-0.024485	1.13796
1399579638314766432	0.000102708	-0.0235455	1.14078
1399579638420731256	0.00401326	-0.0187433	1.14457
1399579638428640796	0.00430495	-0.0133816	1.14895
1399579638525684048	0.00711488	-0.0111852	1.15329
1399579638593646616	0.0153357	-0.0116892	1.1573
1399579638629594787	0.0208626	-0.0145909	1.16067
1399579638741555465	0.0182567	-0.0173734	1.16303
1399579638748548117	0.00906612	-0.0162363	1.16481
1399579638842513223	0.00256292	-0.0162559	1.1659
1399579638850561607	0.00281957	-0.0146707	1.16618
1399579638910472326	0.00646595	-0.0130753	1.16579
1399579639057469109	0.0116356	-0.012793	1.16592
1399579639063459747	0.0163829	-0.00863429	1.16575
1399579639108394692	0.01562	-0.00175422	1.16487
1399579639157381528	0.0133339	0.00863271	1.16364
1399579639268339934	0.0114479	0.0131205	1.16205
1399579639375306523	0.00805913	0.0083059	1.16112
1399579639381302721	0.0141142	0.00682755	1.16167
1399579639396244575	0.023155	0.00763091	1.16426
1399579639473274810	0.0206718	0.00493366	1.16952
1399579639541203282	0.0142391	0.00345181	1.17719
1399579639577150655	0.0156424	0.00690908	1.1856
1399579639683137268	0.0229152	0.0121733	1.19313
1399579639690143724	0.0278412	0.0197525	1.19977
1399579639751162444	0.0280584	0.0211471	1.20526
1399579639855100652	0.026214	0.0154755	1.20906
1399579639870161867	0.0221524	0.00875454	1.21046
1399579639959067402	0.0147448	0.00309054	1.21075
1399579639995103685	0.00453005	0.00177248	1.21045
1399579640100997960	-0.00668896	-0.00591166	1.20992
1399579640215966924	-0.0137182	-0.0128815	1.20918
1399579640222933414	-0.0146897	-0.0172708	1.20856
1399579640235894327	-0.0132809	-0.0216715	1.20846
1399579640311976291	-0.0128872	-0.0239805	1.20849
1399579640378901242	-0.00655573	-0.0254139	1.20876
1399579640415898087	-0.000702508	-0.0289684	1.20936
1399579640483870894	4.54191e-05	-0.030265	1.21096
1399579640587855245	-0.00202131	-0.0203187	1.21337
1399579640595872138	-0.00363047	-0.0132883	1.21594
1399579640691763697	-0.00370483	-0.0123225	1.21801
1399579640727838694	-0.00426493	-0.0085342	1.21885
1399579640840725224	-0.0045978	-0.00517513	1.21954
1399579640846738453	0.000440994	-0.00180647	1.21985
1399579640939650760	0.0067903	0.0106827	1.21988
1399579640955596843	0.00653614	0.0234144	1.21969
1399579641044646884	0.00286888	0.0227371	1.21761
1399579641112619612	0.003539	0.015101	1.21256
1399579641148621277	0.004493	0.0125606	1.20651
1399579641265528313	0.00366385	0.0149794	1.20072
1399579641274527726	0.00464286	0.0220812	1.19593
1399579641363499452	0.00874745	0.0276904	1.19187
1399579641370514060	0.0117681	0.0222648	1.1886
1399579641468458218	0.00655353	0.0138461	1.18639
1399579641560421276	0.00437562	0.013412	1.18552
1399579641574326739	0.00492647	0.00937041	1.18599
1399579641686346292	0.00209447	-0.0021805	1.18729
1399579641692289176	-0.00360216	-0.0169475	1.1887
1399579641749286350	-0.00880374	-0.031572	1.19039
1399579641847270385	-0.0157534	-0.0439069	1.19266
1399579641855233353	-0.0198436	-0.0481909	1.19595
1399579641958232671	-0.0199002	-0.043531	1.19952
1399579641973222928	-0.0127574	-0.0398409	1.20381
1399579642074137032	0.000388164	-0.0358958	1.2086
1399579642098109174	0.00944832	-0.0295508	1.21516
1399579642204112739	0.0130185	-0.0249552	1.22241
1399579642291113063	0.0068551	-0.0238675	1.22873
1399579642297122968	-0.000238817	-0.0168752	1.23417
1399579642379038392	0.00380659	-0.00282173	1.23803
1399579642395050564	0.0141958	0.00743763	1.24107
1399579642482034556	0.023906	0.012259	1.24317
1399579642519027904	0.0293897	0.0183836	1.24375
1399579642586961408	0.0258114	0.0196193	1.24295
1399579642697885440	0.0172638	0.0104555	1.24016
1399579642703835258	0.00759253	0.00128356	1.23716
1399579642794813674	0.0019192	-0.000165947	1.23458
1399579642809895585	0.00236121	0.00273459	1.23265
1399579642892933141	0.0068541	0.00193613	1.23119
1399579642934940134	0.0114465	-0.00249743	1.22947
1399579643039872149	-0.000948929	-0.00906232	1.22839
1399579643054921735	-0.022138	-0.0143482	1.2284
1399579643145882002	-0.0320477	-0.0124704	1.22821
1399579643233854608	-0.0306471	0.00259	1.22796
1399579643361725501	-0.0298872	0.00634937	1.22812
1399579643368767369	-0.0330838	0.00363695	1.22743
1399579643461766734	-0.0381959	-0.00904769	1.22537
1399579643468741962	-0.0412862	-0.0169441	1.22294
1399579643567641274	-0.0381465	-0.0122281	1.22126
1399579643679438417	-0.0290943	-0.0079743	1.22132
1399579643685451473	-0.018825	-0.00607136	1.22179
1399579643742457402	-0.00707988	-0.00270888	1.2234
1399579643778394825	0.00172801	0.00403447	1.22666
1399579643883567660	0.00970292	0.00876686	1.23058
1399579643891494516	0.0202159	0.00346845	1.23494
1399579643989446988	0.0259518	-0.00326865	1.23906
1399579644057438288	0.0337017	-0.0129588	1.24346
1399579644072448714	0.044087	-0.0168862	1.24879
1399579644161218846	0.0472804	-0.0158734	1.25364
1399579644198306626	0.0471325	-0.0130277	1.25684
1399579644303248168	0.0465286	-0.00859505	1.25895
1399579644310383492	0.0471689	0.00102178	1.26076
1399579644409291842	0.0518222	0.00672077	1.26222
1399579644477309374	0.0519377	0.00512112	1.26342
1399579644492110437	0.0456739	0.000606161	1.26371
1399579644624290522	0.0384702	-0.00144209	1.26317
1399579644631118904	0.0301513	0.000438303	1.26161
1399579644687155660	0.0212874	0.00195362	1.25995
1399579644798977186	0.0110056	0.00251193	1.2581
1399579644804883552	0.000609275	0.00738036	1.25632
1399579644895972855	-0.0100667	0.0115227	1.25497
1399579644910946080	-0.0209349	0.0127015	1.25368
1399579644999762764	-0.0253726	0.0155542	1.25276
1399579645035758412	-0.0278457	0.0193323	1.25192
1399579645140749596	-0.0303617	0.0246798	1.24975
1399579645148723319	-0.0254108	0.0278473	1.24631
1399579645252701586	-0.0163376	0.0245434	1.24283
1399579645358652438	-0.00675664	0.0121976	1.23916
1399579645364666591	-0.00401664	-0.00438614	1.23692
1399579645408583466	-0.00324531	-0.0164754	1.23719
1399579645457561758	0.0014984	-0.0165954	1.23779
1399579645526554816	0.000490446	-0.0147005	1.23918
1399579645671503000	-0.000729621	-0.0177051	1.24277
1399579645734502306	0.00789602	-0.0241126	1.24556
1399579645749458431	0.00701014	-0.0324311	1.24958
1399579645839377796	0.00363354	-0.0335409	1.25562
1399579645875372848	6.1024e-05	-0.035408	1.26241
1399579645980323452	-0.00253856	-0.0351955	1.26865
1399579645988371182	-0.00674944	-0.0275799	1.27347
1399579646086326099	-0.0110162	-0.0219566	1.27766
1399579646198271866	-0.0133311	-0.0195537	1.28168
1399579646204222700	-0.0154998	-0.0133392	1.28575
1399579646267164043	-0.0146155	-0.00255668	1.28867
1399579646297197449	-0.0117882	0.0052932	1.29084
1399579646365174416	-0.0114418	0.00848735	1.29256
1399579646480086191	-0.0100124	0.00854607	1.29453
1399579646486139140	-0.00691052	0.0123841	1.29704
1399579646576058359	-0.00367123	0.0216755	1.29823
1399579646591037025	-0.00360842	0.0255341	1.29855
1399579646724074885	-0.00900468	0.025718	1.29878
1399579646729999073	-0.0127465	0.0223099	1.29884
1399579646786956599	-0.0144077	0.0158483	1.29754
1399579646898968756	-0.0198874	0.00618843	1.29509
1399579646904900442	-0.0266872	-0.0047667	1.29212
1399579646994894307	-0.0315395	-0.0154679	1.28898
1399579647010861582	-0.0282861	-0.0240767	1.2857
1399579647099823823	-0.0140348	-0.0264169	1.28193
1399579647135797255	0.00548953	-0.0166625	1.27808
1399579647203755148	0.0157375	-0.0100541	1.2746
1399579647307772822	0.014923	-0.0104185	1.27141
1399579647315720102	0.0128591	-0.00839561	1.2675
1399579647456637928	0.0122106	-0.00547407	1.26155
1399579647462680361	0.0151792	0.00148813	1.25564
1399579647562665980	0.020417	0.00644894	1.24987
1399579647568594257	0.0224448	0.00687395	1.244
1399579647842506459	0.0176599	0.00386647	1.23745
1399579647849648833	0.0157601	-0.00643242	1.23847
1399579647855486190	0.0141457	-0.0117171	1.24217
1399579647861473757	0.00995231	-0.0057062	1.24931
1399579647946453477	0.00375581	0.00410569	1.25959
1399579647975431612	-0.00706411	0.0120912	1.27292
1399579648047381346	-0.0185683	0.016931	1.28727
1399579648161337657	-0.0287207	0.0169818	1.29996
1399579648167362703	-0.0290509	0.0155983	1.31111
1399579648265193154	-0.020945	0.0173609	1.31934
1399579648271212234	-0.0148326	0.0269408	1.32457
1399579648362188561	-0.00668991	0.0409572	1.32791
1399579648398194437	0.00431936	0.0439295	1.32986
1399579648503133874	0.00932925	0.0347787	1.33003
1399579648511151233	0.00782878	0.0247107	1.32919
1399579648609138048	0.00829492	0.0157954	1.32746
1399579648721073611	0.0108138	0.0102741	1.32641
1399579648727024727	0.00915084	0.00716382	1.32545
1399579648784045526	0.00509158	0.000787661	1.32444
1399579648820058047	-0.00273596	-0.0102319	1.32291
1399579648925045144	-0.0125576	-0.0188344	1.32052
1399579648932943140	-0.020311	-0.0210745	1.31706
1399579649029934927	-0.0212982	-0.0238393	1.31261
1399579649134769419	-0.0238538	-0.0453988	1.30333
1399579649249765449	-0.023854	-0.0473988	1.29807
1399579649258797703	-0.0259247	-0.0414328	1.29324
1399579649354779913	-0.0258709	-0.0268851	1.28975
1399579649360740985	-0.0200265	-0.00764548	1.28771
1399579649410774148	-0.0160318	-0.000805717	1.28731
1399579649521702871	-0.018029	-0.00770535	1.28866
1399579649529736811	-0.0212147	-0.0167928	1.29091
1399579649625677641	-0.0167407	-0.0277465	1.29246
1399579649661684374	-0.00377177	-0.0237621	1.29189
1399579649729615020	0.018251	-0.00493698	1.28985
1399579649841541131	0.0394668	0.0190478	1.28674
1399579649847502168	0.0423993	0.0315395	1.2836
1399579649938505093	0.0293982	0.0233405	1.28053
1399579649953523742	0.0128444	0.00740874	1.27868
1399579650042471526	0.00110981	-0.00765183	1.27827
1399579650078440171	-0.00350319	-0.0109722	1.27916
1399579650184415639	-0.00750236	0.000816606	1.28198
1399579650192340844	-0.0193231	0.000339981	1.28724
1399579650288289797	-0.0309386	-0.00968954	1.29336
1399579650357307477	-0.0394501	-0.0152458	1.29927
1399579650372306530	-0.0438721	-0.0189274	1.30469
1399579650465235300	-0.0432852	-0.0225375	1.30841
1399579650500219222	-0.0389572	-0.0139081	1.3099
1399579650605161440	-0.0321141	-0.00239264	1.31033
1399579650613217090	-0.0300601	0.00983763	1.30997
1399579650673100517	-0.0270324	0.0174312	1.30971
1399579650820087588	-0.0208402	0.0140374	1.30915
1399579650826032608	-0.0141359	0.0105207	1.30746
1399579650883047174	-0.00743647	0.0156502	1.30508
1399579650919051618	0.00345934	0.0198412	1.30136
1399579651025009693	0.0127487	0.020039	1.29549
1399579651033063565	0.0149829	0.0153693	1.28883
1399579651130959600	0.0092772	0.00758651	1.28195
1399579651148993403	0.00238281	-0.00127448	1.2758
1399579651243960221	-0.00345844	-0.0106571	1.27093
1399579651350833456	-0.00376467	-0.0158407	1.267
1399579651356884685	-0.00132222	-0.018922	1.2648
1399579651428800578	0.00317099	-0.0234732	1.26534
1399579651449816817	0.00199599	-0.0226084	1.26864
1399579651554761069	-0.0059533	-0.0125831	1.27416
1399579651570835726	-0.0103631	-0.00796239	1.28066
1399579651659788223	-0.00974828	-0.00796203	1.2875
1399579651771746969	-0.0147805	0.00231444	1.29439
1399579651778712390	-0.0190833	0.0145126	1.30116
1399579651878732346	-0.014732	0.0203851	1.30765
1399579651885575919	-0.00528477	0.0162892	1.31338
1399579651941634478	-0.00328334	0.00668185	1.3182
1399579652046578854	-0.00975565	0.00464041	1.32043
1399579652053565583	-0.0159308	0.00660652	1.32172
1399579652150505876	-0.0150757	0.00848017	1.32341
1399579652186524759	-0.00256294	0.0136014	1.326
1399579652254661095	0.0118241	0.0119318	1.32938
1399579652290485706	0.0175313	0.00269452	1.33264
1399579652359448391	0.0169472	-0.00453125	1.33485
1399579652463410312	0.0185971	-0.0065519	1.3358
1399579652471372520	0.0194282	-0.00586641	1.33701
1399579652570328600	0.0201013	-0.00215539	1.33947
1399579652606279185	0.0231433	0.0034829	1.34207
1399579652718261446	0.0265579	0.00837609	1.34331
1399579652725199187	0.031585	0.0188677	1.34353
1399579652815227864	0.0407734	0.0284622	1.34226
1399579652831233883	0.0490757	0.0317335	1.33879
1399579652921206945	0.0484682	0.0322595	1.33297
1399579652999329770	0.0330235	0.0290118	1.32581
1399579653014273710	0.0115885	0.019799	1.31843
1399579653138261814	-0.00656917	0.00573386	1.31206
1399579653144140988	-0.0187335	-0.0120543	1.30769
1399579653241312418	-0.0234981	-0.0292413	1.30402
1399579653350222658	-0.0324173	-0.039249	1.3016
1399579653356137541	-0.0426476	-0.0363318	1.29943
1399579653413098748	-0.0431282	-0.0304364	1.29859
1399579653427959804	-0.0361863	-0.028683	1.30039
1399579653516926613	-0.0330536	-0.0287821	1.3037
1399579653552976649	-0.0324014	-0.0280241	1.30599
1399579653621024755	-0.0392875	-0.032285	1.309
1399579653769899370	-0.047282	-0.0245105	1.31234
1399579653775982352	-0.0486931	-0.00997734	1.31547
1399579653790947072	-0.0401669	-0.00359732	1.31844
1399579653867974502	-0.0296383	-0.000439242	1.32059
1399579653979790604	-0.0234764	0.00197096	1.32248
1399579653985899059	-0.0139818	0.00549352	1.32375
1399579654036034146	0.00468651	0.0158346	1.32387
1399579654168689930	0.0250745	0.0301254	1.32454
1399579654182637244	0.0437895	0.0409585	1.3252
1399579654256621401	0.0550384	0.0441974	1.32518
1399579654270568365	0.0521495	0.0430092	1.32474
1399579654357539940	0.0432235	0.0293707	1.32253
1399579654391531902	0.0348376	0.0138343	1.31955
1399579654495510263	0.0330746	0.00647122	1.3172
1399579654510511335	0.0334533	0.00809417	1.31548
1399579654603530887	0.027184	0.00997874	1.31541
1399579654695493372	0.0153151	0.00518498	1.31665
1399579654708445712	0.00127805	-0.00584189	1.31963
1399579654776485555	-0.00932995	-0.0142899	1.32344
1399579654812468573	-0.0154473	-0.0181846	1.32689
1399579654889486916	-0.0194847	-0.0168119	1.32914
1399579654985411691	-0.0274524	-0.0228648	1.33039
1399579654993413669	-0.0397896	-0.0336884	1.33207
1399579655133224219	-0.0483164	-0.0356688	1.33327
1399579655139187717	-0.0502468	-0.0293895	1.33394
1399579655184170057	-0.0490286	-0.0250687	1.33398
1399579655239292131	-0.0436098	-0.0218207	1.33298
1399579655294269675	-0.034711	-0.0167146	1.33081
1399579655430102343	-0.0208781	-0.00953753	1.32784
1399579655441112906	-0.0127536	-0.00506503	1.32415
1399579655509037812	-0.00926333	-0.00150906	1.31965
1399579655546171575	-0.000852699	0.00398201	1.31578
1399579655614251679	0.020322	0.00636506	1.3128
1399579655650050696	0.0362399	0.00559973	1.31032
1399579655718192891	0.0341167	0.00197237	1.30888
1399579655822082399	0.0226509	-0.000603046	1.31013
1399579655830023168	0.0119028	0.00264928	1.31246
1399579655969919602	0.00924889	0.00380049	1.31498
1399579655976027142	0.0201302	-0.00125686	1.31658
1399579656032810866	0.0272492	-0.010732	1.31789
1399579656068768294	0.0203604	-0.0143924	1.31949
1399579656136823837	0.00974591	-0.0143191	1.32164
1399579656244817760	0.00805911	-0.0129643	1.32455
1399579656254006952	0.00573139	-0.0144243	1.32838
1399579656338870539	-0.00254407	-0.017887	1.33192
1399579656381787547	-0.0107222	-0.0136551	1.33483
1399579656485873387	-0.024489	-0.00146546	1.33778
1399579656493776102	-0.0378653	0.00509524	1.34126
1399579656554715491	-0.0415164	0.00335148	1.34451
1399579656703667279	-0.0401384	0.00150358	1.34648
1399579656709648751	-0.0362239	0.00379656	1.34764
1399579656759636019	-0.0307636	0.00099146	1.34907
1399579656802561138	-0.0296955	-0.00463794	1.34952
1399579656870522493	-0.034251	-0.00504755	1.3484
1399579656981403756	-0.0392206	-0.0051232	1.34696
1399579656988450307	-0.0411664	-0.00440275	1.34552
1399579657078304232	-0.0396163	0.000575822	1.34468
1399579657093423206	-0.0348089	-0.000333197	1.34408
1399579657230333859	-0.028397	-0.00851709	1.34463
1399579657240280040	-0.0244319	-0.0118896	1.34587
1399579657294367472	-0.0192248	-0.0118172	1.3481
1399579657330324577	-0.00686346	-0.0168121	1.35069
1399579657413277293	0.00841633	-0.0179962	1.35164
1399579657502180332	0.0233801	-0.00660796	1.35135
1399579657509137535	0.034908	0.00496729	1.35109
1399579657650203942	0.040088	0.00295597	1.35147
1399579657656044126	0.0348715	-0.000310574	1.35268
1399579657713103347	0.0291004	-0.000547942	1.35502
1399579657749141856	0.0232918	-0.00388977	1.35845
1399579657817059004	0.0156997	-0.0065963	1.36225
1399579657924836409	0.00417414	-0.00236358	1.36515
1399579657931800379	-0.00759758	0.0057158	1.36723
1399579658069772596	-0.0132004	0.00487755	1.36867
1399579658075801633	-0.0125783	-0.00770069	1.37033
1399579658126781227	-0.0102289	-0.0197299	1.37243
1399579658168808556	-0.0094651	-0.0187761	1.37449
1399579658243654209	-0.0128317	-0.00762147	1.37822
1399579658386600925	-0.0179278	-0.000741847	1.38333
1399579658392644734	-0.0186603	0.000918627	1.38821
1399579658490580237	-0.0179278	0.00691516	1.39345
1399579658496526415	-0.0230596	0.00965597	1.39788
1399579658553496598	-0.0308415	0.0108558	1.40008
1399579658589509420	-0.0319796	0.0111361	1.39997
1399579658657510432	-0.0265708	0.009053	1.39735
1399579658806381922	-0.0210935	0.00457409	1.39345
1399579658812434033	-0.0234826	0.00232027	1.38919
1399579658870397399	-0.0308334	0.00227571	1.38611
1399579658905368604	-0.0325186	0.00132001	1.38472
1399579658977274834	-0.0303051	-0.00331455	1.38466
1399579659010312388	-0.0289276	0.000287395	1.38552
1399579659078277012	-0.0259523	0.00409586	1.38622
1399579659231148288	-0.0143816	-0.00167512	1.38643
1399579659237151350	-0.000613491	-0.00639869	1.38527
1399579659250197994	0.00774061	-0.00870786	1.38353
1399579659327110506	0.0136139	-0.0156506	1.38132
1399579659395121127	0.0162168	-0.0263225	1.37865
1399579659431013335	0.0177804	-0.0319784	1.37658
1399579659515059601	0.0233293	-0.0292846	1.37509
1399579659647988756	0.036039	-0.030184	1.37292
1399579659653961285	0.0488731	-0.0269499	1.37077
1399579659711022545	0.0575937	-0.0236988	1.36924
1399579659747043472	0.0579615	-0.0193107	1.36951
1399579659814913183	0.0565467	-0.0136907	1.37033
1399579659850972066	0.0475141	-0.000715535	1.37134
1399579659913155615	0.0397175	0.015519	1.37304
1399579660024020539	0.0427805	0.0290392	1.37492
1399579660030979062	0.0456207	0.0393539	1.37708
1399579660127042235	0.0376312	0.0499367	1.37907
1399579660163988314	0.0226111	0.0563886	1.38049
1399579660238003218	0.00879144	0.0539782	1.3811
1399579660267995278	-0.00813239	0.0408099	1.38189
1399579660335984282	-0.0279614	0.0235991	1.38311
1399579660439978434	-0.0409491	0.00647816	1.38441
1399579660447924519	-0.0487236	-0.00336826	1.38482
1399579660543858200	-0.0573009	-0.00859837	1.38427
1399579660580825929	-0.0587798	-0.012078	1.38324
1399579660635827273	-0.0536951	-0.0136075	1.38135
1399579660692548018	-0.050926	-0.0125186	1.38004
1399579660756583678	-0.0533714	-0.0105707	1.38116
1399579660853489671	-0.0534118	-0.00929499	1.3832
1399579660868520858	-0.0501304	-0.0133293	1.38658
1399579660964489534	-0.0420892	-0.0248731	1.39049
1399579661000563005	-0.0234502	-0.0326254	1.39264
1399579661077434004	-0.0119327	-0.0317089	1.39372
1399579661210504733	-0.0110772	-0.0331803	1.39463
1399579661216438486	-0.0172206	-0.0355878	1.39554
1399579661323469133	-0.0208403	-0.0280439	1.39589
1399579661329324158	-0.0134752	-0.0193481	1.39552
1399579661386373019	-0.00326117	-0.0106608	1.39387
1399579661422384557	0.01148	-0.000991032	1.39087
1399579661499226138	0.0303848	0.00183238	1.38672
1399579661592180127	0.0439171	-0.00931605	1.38108
1399579661608959422	0.0517802	-0.0260534	1.37399
1399579661699106071	0.0533049	-0.031553	1.36704
1399579661736149743	0.0474937	-0.0175488	1.36085
1399579661791122473	0.0333204	0.001124	1.35582
1399579661840093713	0.0232056	0.00851836	1.35031
1399579661895067951	0.0218796	0.00759209	1.34418
1399579661952076253	0.0206931	0.00368532	1.33796
1399579662049020431	0.010892	-0.00173011	1.33185
1399579662104004376	0.00403008	-0.0112874	1.32643
1399579662153105675	0.00882704	-0.0191841	1.32164
1399579662211966628	0.0167449	-0.0196925	1.31698
1399579662257915082	0.0152735	-0.0144908	1.31271
1399579662361870331	0.00839796	-0.00642174	1.30846
1399579662369856010	0.00145708	0.00208546	1.30383
1399579662465830628	-0.00764164	0.00708862	1.29963
1399579662524807629	-0.0149379	0.00486538	1.29615
1399579662570761022	-0.016831	0.00185891	1.2925
1399579662625765712	-0.0181996	0.00397091	1.28856
1399579662674759524	-0.0204126	0.00572042	1.28483
1399579662730731863	-0.0215662	0.00299335	1.28252
1399579662786687092	-0.0219051	3.41237e-05	1.28209
1399579662883606949	-0.023303	0.00278472	1.28176
1399579662938551464	-0.025687	0.0037953	1.28143
1399579662987509142	-0.0258284	-0.00164068	1.28193
1399579663046502021	-0.025137	-0.00626089	1.28215
1399579663092509233	-0.0256847	-0.00386769	1.28263
1399579663147495287	-0.0290605	0.00089936	1.28431
1399579663258389207	-0.0347492	-0.00276126	1.28689
1399579663301414668	-0.0346539	-0.00839321	1.28998
1399579663356348361	-0.0275703	-0.0076382	1.29281
1399579663405325329	-0.0231269	-0.00353178	1.29594
1399579663460298979	-0.023513	0.000219323	1.29843
1399579663509258472	-0.022369	0.00788615	1.29938
1399579663568271304	-0.020039	0.012756	1.29889
1399579663669150862	-0.0167035	0.00973269	1.29639
1399579663718100672	-0.0121121	0.00258549	1.2928
1399579663774142558	-0.00586552	-0.00253649	1.28882
1399579663823108353	-0.00201072	-0.00391372	1.28542
1399579663878034612	-0.00103087	-0.007753	1.28265
1399579663926993736	0.00529957	-0.013538	1.28056
1399579664031008340	0.0123986	-0.0163685	1.27986
1399579664089982134	0.0145596	-0.0146019	1.28009
1399579664136015375	0.0101305	-0.00954104	1.28056
1399579664190974589	0.0069172	-0.00211163	1.28286
1399579664245871701	0.00637756	0.00398683	1.28644
1399579664295903568	0.00282416	0.00633578	1.29058
1399579664352953412	-0.00210553	0.00639111	1.2941
1399579664449803376	-0.00418626	0.00708124	1.29666
1399579664467820505	0.00171958	0.00720413	1.29815
1399579664553769190	0.00638776	0.00699895	1.2994
1399579664612778841	-0.00288059	0.0111086	1.30057
1399579664657751565	-0.0155793	0.0155245	1.30239
1399579664713697522	-0.0195377	0.0177153	1.30532
1399579664769693317	-0.0165957	0.018864	1.30837
1399579664866626137	-0.0134795	0.0146669	1.31098
1399579664922600722	-0.0164098	0.00972063	1.31367
1399579664971567858	-0.0266076	0.00794053	1.3165
1399579665026595149	-0.0382504	0.0104002	1.31988
1399579665075567435	-0.0504435	0.0175411	1.32381
1399579665133552105	-0.0611702	0.0292294	1.32792
1399579665187546042	-0.069804	0.0450587	1.33214
1399579665284588831	-0.0734357	0.0643329	1.33673
1399579665340478249	-0.0707184	0.0860795	1.34186
1399579665388444726	-0.0590358	0.10866	1.34803
1399579665444425852	-0.0350082	0.129281	1.35532
1399579665493420214	-0.000168656	0.144921	1.36353
1399579665548439710	0.0432135	0.152111	1.37149
1399579665656330617	0.0935615	0.148742	1.37833
1399579665701338367	0.152252	0.135218	1.38372
1399579665757282360	0.220086	0.112981	1.38604
1399579665806226316	0.297707	0.0878238	1.38555
