#Time	 Roll 	 Pitch 	 Yaw
1399871704571277228	0.00267046	-0.00502985	0.456108
1399871704617440936	0.00275766	-0.00480776	0.45614
1399871704672349335	0.00281143	-0.00465216	0.456073
1399871704777217910	0.00288793	-0.00453058	0.455967
1399871704826226674	0.00293425	-0.00427885	0.456115
1399871704881162850	0.00296859	-0.00404285	0.456572
1399871704930156501	0.00310878	-0.00391163	0.456876
1399871704986116021	0.00315194	-0.00372373	0.456882
1399871705035106048	0.00314479	-0.00345912	0.457179
1399871705093279374	0.00327423	-0.00332738	0.457437
1399871705195140196	0.00334315	-0.00319982	0.457505
1399871705243058339	0.00332921	-0.00290943	0.457702
1399871705298948371	0.00350039	-0.00279496	0.457961
1399871705347931281	0.00350535	-0.0026007	0.457988
1399871705452007490	0.00355406	-0.002357	0.458289
1399871705465859238	0.00365357	-0.00232461	0.458367
1399871705557838662	0.00374153	-0.00208856	0.458549
1399871705572897035	0.00378599	-0.00195105	0.458741
1399871705661794005	0.00383764	-0.00181135	0.458918
1399871705716770788	0.00399102	-0.00165321	0.458973
1399871705765768966	0.00401609	-0.00145408	0.459231
1399871705821714331	0.00403477	-0.00135186	0.459379
1399871705878587687	0.00416423	-0.00119278	0.459476
1399871705974638318	0.00417534	-0.00100262	0.459701
1399871706030592039	0.00423133	-0.000919268	0.459936
1399871706079525930	0.00435694	-0.000768125	0.460121
1399871706137580532	0.00442958	-0.000581682	0.460333
1399871706183493762	0.00444771	-0.000459049	0.460556
1399871706239460184	0.00458571	-0.000364371	0.46067
1399871706295412488	0.00466381	-0.000179622	0.460803
1399871706392367654	0.00468088	-5.48661e-05	0.461035
1399871706448321849	0.00478617	-4.35114e-06	0.4611
1399871706503302294	0.00485014	0.000171375	0.461382
1399871706552302784	0.00484177	0.000321787	0.461571
1399871706601334468	0.00494151	0.00043989	0.461683
1399871706660331521	0.00497849	0.000642382	0.461852
1399871706713325575	0.00497424	0.000740882	0.461991
1399871706810296271	0.0050957	0.000902936	0.462106
1399871706865189719	0.00508522	0.00105444	0.462177
1399871706914159390	0.00519651	0.00115548	0.462278
1399871706970175448	0.00526199	0.00135584	0.462489
1399871707019155654	0.00529535	0.00143089	0.462598
1399871707074078475	0.00539209	0.00160199	0.462792
1399871707182059532	0.00542539	0.00167855	0.462927
1399871707227064846	0.00548787	0.00182657	0.463005
1399871707283078914	0.00549979	0.00189406	0.46301
1399871707332025931	0.00560346	0.00201525	0.463114
1399871707387041033	0.00562537	0.00213458	0.463271
1399871707436021340	0.00570459	0.00229512	0.463426
1399871707539987624	0.00575659	0.00240716	0.463602
1399871707555983606	0.00581559	0.00255471	0.463776
1399871707644913828	0.00589778	0.00265652	0.463816
1399871707702860375	0.00591245	0.00276473	0.463969
1399871707748852984	0.0059828	0.00287045	0.464096
1399871707803810183	0.00601337	0.00296924	0.464233
1399871707908799277	0.00606237	0.00308732	0.464397
1399871707957907851	0.00604002	0.00313015	0.464482
1399871707972895446	0.00603595	0.00321434	0.464528
1399871708061787649	0.0060675	0.00328722	0.464611
1399871708120619844	0.00607099	0.00335943	0.464742
1399871708166648659	0.00608584	0.00343848	0.464747
1399871708221622920	0.0061502	0.00347612	0.465008
1399871708278575347	0.00614023	0.00353005	0.465133
1399871708374533884	0.0061623	0.00364481	0.465227
1399871708430602513	0.00621198	0.00374541	0.465334
1399871708485630259	0.00623629	0.00380587	0.465481
1399871708535605103	0.00627242	0.00386545	0.465579
1399871708584490475	0.00629788	0.00394809	0.4657
1399871708643479200	0.00633467	0.00404638	0.46582
1399871708696383338	0.00633086	0.00412906	0.465824
1399871708792413162	0.00634962	0.00420519	0.465828
1399871708848407680	0.00635454	0.00426524	0.465859
1399871708897383684	0.00636733	0.00431287	0.465938
1399871708952524914	0.00638372	0.0043805	0.466044
1399871709001503792	0.00640524	0.00440523	0.466088
1399871709057485302	0.006399	0.0044523	0.466157
1399871709113367141	0.00641823	0.00453219	0.466223
1399871709210333652	0.00644376	0.00461596	0.466239
1399871709265272812	0.00645474	0.00467542	0.466298
1399871709314401891	0.00646971	0.0047601	0.466351
1399871709369336253	0.00644995	0.00479263	0.46647
1399871709418142044	0.00648123	0.00484904	0.466487
1399871709480115442	0.00651527	0.00489646	0.466558
1399871709533086764	0.00654422	0.00496182	0.466615
1399871709627138303	0.00654944	0.00500702	0.466655
1399871709686164032	0.00656827	0.00509614	0.466684
1399871709732088850	0.00658494	0.00516375	0.466755
1399871709787101762	0.00659746	0.00524026	0.466824
1399871709835971754	0.00658795	0.00529229	0.466932
1399871709940973542	0.00656366	0.00537515	0.466952
1399871709955992742	0.0065711	0.00545139	0.467023
1399871710018990331	0.00652904	0.00546284	0.467246
1399871710116980492	0.00643299	0.00537972	0.467566
1399871710152903010	0.00635889	0.00528309	0.467876
1399871710265763655	0.00610364	0.00417008	0.469268
1399871710271851735	0.00603381	0.00443141	0.469848
1399871710363768674	0.00591689	0.00437374	0.471363
1399871710378767834	0.00732189	0.00434176	0.472755
1399871710470724470	0.00809826	0.00493716	0.474147
1399871710580632264	0.00908441	0.00588468	0.475649
1399871710586688562	0.0097903	0.00522214	0.476462
1399871710679553543	0.00960941	0.0060881	0.478203
1399871710784545286	0.00974717	0.00539676	0.479623
1399871710852537500	0.00910214	0.00565954	0.480869
1399871710859607662	0.00922217	0.00624974	0.482354
1399871710956604683	0.0108053	0.00679527	0.484075
1399871710992506719	0.0136797	0.00815212	0.485267
1399871711104331982	0.018356	0.0107048	0.486837
1399871711111404577	0.0265602	0.0100005	0.488366
1399871711205410547	0.0319875	0.0138331	0.49041
1399871711213456916	0.0251064	0.0223404	0.498544
1399871711310453525	0.0144769	0.0247758	0.509382
1399871711421318037	0.0155495	0.0114743	0.519352
1399871711428270700	0.0218807	0.00258433	0.524862
1399871711491266999	0.0223807	0.00953329	0.525438
1399871711521308432	0.0115595	0.0159205	0.5265
1399871711626190308	0.00522402	0.0265978	0.529362
1399871711634141036	0.00895203	0.039812	0.532614
1399871711731133453	0.0105478	0.0349073	0.53623
1399871711799099918	0.0127081	0.0256181	0.538233
1399871711814949777	0.0100875	0.0211938	0.539331
1399871711904070771	0.00575044	0.0227318	0.539259
1399871711939993653	0.00811345	0.0300927	0.5386
1399871712007989941	0.00990872	0.0359735	0.53852
1399871712112854098	-0.00314226	0.035651	0.538156
1399871712119866113	-0.0175377	0.0328943	0.538341
1399871712259913944	-0.0138033	0.030641	0.537709
1399871712265769332	0.000771165	0.0256979	0.536976
1399871712366881388	0.011424	0.0219982	0.53595
1399871712372815049	0.0139492	0.0151501	0.535772
1399871712429770724	0.0132243	0.010076	0.536134
1399871712540736338	0.00721911	0.0119895	0.53672
1399871712548120016	0.0015104	0.0105814	0.538111
1399871712625675842	0.00260073	0.000928767	0.539028
1399871712673696544	0.00424791	-0.00102145	0.539235
1399871712742609284	0.00634642	0.00315387	0.538572
1399871712778564833	0.00517405	0.00896949	0.53731
1399871712882610589	0.00477061	0.0157593	0.53671
1399871712950584932	0.00714385	0.0252496	0.537062
1399871712958572052	0.00857164	0.0307543	0.537629
1399871713054523740	0.00789266	0.0321927	0.537833
1399871713091557485	0.00724646	0.0332133	0.538221
1399871713183437166	0.00764371	0.0325327	0.53966
1399871713196441894	0.0104951	0.0309843	0.541479
1399871713301451902	0.0116092	0.0347277	0.543612
1399871713317455881	0.00980604	0.0423747	0.545685
1399871713405346794	0.0093707	0.0478718	0.547559
1399871713521317667	0.0144527	0.0447935	0.549799
1399871713530252419	0.0160866	0.0365345	0.551802
1399871713585304980	0.0124006	0.0309776	0.553509
1399871713620289754	0.0136678	0.0239266	0.554694
1399871713711270264	0.0163382	0.0181419	0.554974
1399871713732252416	0.016974	0.0180697	0.555067
1399871713830143857	0.0169141	0.0155982	0.555425
1399871713892168631	0.0197369	0.0102177	0.555988
1399871713934136640	0.0170355	0.0112278	0.556956
1399871714046141274	0.01108	0.015993	0.558534
1399871714053092042	0.0119657	0.023149	0.560315
1399871714119013830	0.0181786	0.0300186	0.562111
1399871714219982438	0.0238912	0.037534	0.563252
1399871714226998033	0.0263131	0.0374806	0.563518
1399871714361733807	0.0241024	0.0305454	0.563076
1399871714367893521	0.00949836	0.0237532	0.56397
1399871714421796270	-0.00683882	0.0172157	0.566904
1399871714464741990	-0.006896	0.0247505	0.570713
1399871714563816094	0.00331161	0.037103	0.574827
1399871714578781390	0.0114714	0.0443937	0.578252
1399871714635727192	0.0165332	0.0453152	0.580895
1399871714738626559	0.0130978	0.0370654	0.582808
1399871714753649820	0.006847	0.0283267	0.58403
1399871714852600478	0.00498221	0.0239423	0.585647
1399871714879569160	0.00873797	0.0163744	0.587187
1399871714947537175	0.00779095	0.0121679	0.589098
1399871715051600518	0.00148728	0.00992609	0.591744
1399871715059484742	-0.00299713	0.00677715	0.594898
1399871715155418259	0.00171636	0.00470121	0.598115
1399871715191520509	0.0113292	0.0069466	0.60093
1399871715304474521	0.0187665	0.00928232	0.604079
1399871715310404558	0.01873	0.00679129	0.607397
1399871715401351077	0.0172276	0.00285443	0.610788
1399871715416491593	0.0181184	-0.00195252	0.613701
1399871715479420322	0.0175162	0.00106851	0.616394
1399871715570390682	0.0151122	0.0177372	0.61898
1399871715612377084	0.0128556	0.0338719	0.621906
1399871715681167471	0.0136117	0.0364369	0.62482
1399871715717148498	0.0174056	0.0334957	0.626813
1399871715822243520	0.0195008	0.0356137	0.627581
1399871715838182776	0.0191253	0.0359942	0.627884
1399871715927231463	0.0172047	0.0358832	0.628394
1399871716040188679	0.0137612	0.0489665	0.629326
1399871716046144224	0.0121188	0.0623342	0.630962
1399871716146142471	0.0139886	0.0639564	0.632133
1399871716152093493	0.0112769	0.0618094	0.632848
1399871716210048165	0.000190498	0.0567121	0.635095
1399871716321067305	-0.00787053	0.0402183	0.638267
1399871716327000820	-0.0102892	0.0294764	0.641384
1399871716464903572	-0.0131651	0.0336575	0.643676
1399871716470908086	-0.0123191	0.0383409	0.645181
1399871716528938452	-0.00820504	0.0330984	0.646881
1399871716739800713	-0.0102702	-0.00277378	0.653218
1399871716846720107	-0.00194466	-0.0025746	0.654407
1399871716854704442	0.0124348	0.00990458	0.656085
1399871716991716945	0.0224488	0.0290135	0.662684
1399871717089643555	0.0319934	0.0251439	0.665969
1399871717202579717	0.0435363	0.0224366	0.673237
1399871717263447933	0.0457876	0.0283449	0.676548
1399871717278526737	0.0513922	0.030902	0.678247
1399871717367558511	0.0536066	0.0347358	0.677957
1399871717404539760	0.0494142	0.0332334	0.678078
1399871717515439813	0.0426087	0.0277261	0.677445
1399871717624510440	0.0371762	0.0277838	0.675416
1399871717630444540	0.0319562	0.0297422	0.672927
1399871717731349063	0.0271485	0.0303869	0.67
1399871717737359173	0.0217999	0.0287595	0.666662
1399871717781374393	0.015395	0.0278985	0.663823
1399871717830212006	0.00983564	0.0270334	0.662246
1399871717899207383	0.00265529	0.0299569	0.661609
1399871717935179877	-0.00590551	0.0341673	0.661918
1399871718002247311	-0.0102952	0.0361241	0.662748
1399871718107168618	-0.0123985	0.039721	0.663031
1399871718115259485	-0.0129757	0.0422816	0.663814
1399871718211177232	-0.0143134	0.0380867	0.665259
1399871718247140728	-0.013049	0.030759	0.667736
1399871718360073027	-0.00550288	0.0252961	0.671259
1399871718366160919	-0.00336062	0.0263638	0.675513
1399871718423120062	-0.00527317	0.0301806	0.680345
1399871718527000113	-0.00856355	0.0280171	0.685914
1399871718535015835	-0.0103465	0.0189679	0.691589
1399871718675028737	-0.00939563	0.0109337	0.696818
1399871718682015970	-0.00321961	0.00817132	0.701271
1399871718781988492	0.008278	0.00894619	0.705676
1399871718788959526	0.0160035	0.00970517	0.709807
1399871718845863199	0.0163038	0.00346825	0.713638
1399871718992688899	0.0170193	-0.00254283	0.71751
1399871718998675458	0.0156071	-0.00202475	0.721748
1399871719058156063	0.0172198	0.00500121	0.727898
1399871719073749921	0.0252156	0.017906	0.73489
1399871719161723151	0.034928	0.0319146	0.742157
1399871719197624553	0.0412625	0.035101	0.749309
1399871719303665961	0.043173	0.0321619	0.753893
1399871719318699081	0.0395583	0.0314512	0.754895
1399871719408617978	0.0355078	0.0324438	0.754493
1399871719501559656	0.0330622	0.0310954	0.753896
1399871719512521475	0.0264269	0.0307428	0.753311
1399871719580515386	0.018105	0.0301112	0.752625
1399871719616492259	0.0099725	0.0258759	0.752161
1399871719685486818	0.00165921	0.0233071	0.752475
1399871719776547677	-0.00416389	0.0230756	0.753303
1399871719825429420	-0.0103981	0.0241659	0.754294
1399871719938297634	-0.0187013	0.0241905	0.754369
1399871719944332247	-0.0280526	0.023591	0.754134
1399871719999243763	-0.0361045	0.0231772	0.753307
1399871720035283560	-0.0331587	0.0202674	0.752325
1399871720141310069	-0.0229221	0.0171994	0.750845
1399871720156261809	-0.0150066	0.0208685	0.750208
1399871720246232005	-0.00824658	0.0207763	0.751575
1399871720314218773	-0.00998027	0.0130673	0.753998
1399871720350194594	-0.0155739	0.00703447	0.75734
1399871720417990564	-0.0120424	0.0125927	0.762083
1399871720460070616	-0.00271842	0.0247844	0.768036
1399871720559962464	0.00203026	0.0332892	0.77487
1399871720574921699	0.00434149	0.0303324	0.781115
1399871720665019704	0.00914211	0.025261	0.7862
1399871720721031873	0.0139626	0.0217409	0.789625
1399871720769938236	0.0183772	0.0204054	0.792507
1399871720883141453	0.0241515	0.0252974	0.795827
1399871720888891088	0.0260525	0.0231357	0.799378
1399871720945937592	0.0279896	0.0177611	0.804077
1399871721049818104	0.0327893	0.019606	0.809921
1399871721057853020	0.0337815	0.0259337	0.815757
1399871721153740903	0.0270911	0.0308774	0.821835
1399871721190822286	0.022048	0.030473	0.826358
1399871721258792132	0.0237501	0.0264518	0.829683
1399871721294767553	0.0257884	0.0266446	0.832631
1399871721362730956	0.0246407	0.032361	0.835865
1399871721473743208	0.0267551	0.0345901	0.839565
1399871721482771261	0.0334886	0.040188	0.842328
1399871721574622554	0.0339402	0.0519005	0.844319
1399871721609528583	0.0339813	0.052765	0.845858
1399871721721542287	0.0361089	0.0386207	0.847153
1399871721727566242	0.0362064	0.02835	0.848464
1399871721784559294	0.0296422	0.0283349	0.850895
1399871721888506230	0.0217762	0.0256219	0.854322
1399871721896483678	0.0111014	0.0226855	0.856578
1399871721993501028	-0.00258293	0.0223151	0.857935
1399871722029383116	-0.0150473	0.0165662	0.860961
1399871722133498040	-0.0261132	0.00119256	0.862545
1399871722201354469	-0.0238159	-0.0108273	0.860931
1399871722310380531	-0.0254102	-0.0170746	0.858914
1399871722317497907	-0.0283781	-0.0126536	0.856769
1399871722413201592	-0.0294713	-0.00308107	0.854573
1399871722452370822	-0.0258189	0.00895471	0.85223
1399871722562254758	-0.0168491	0.0186581	0.848502
1399871722568216734	-0.001554	0.023315	0.843161
1399871722646190296	0.00908627	0.0181739	0.837379
1399871722728175088	0.0142395	0.0054311	0.832671
1399871722736117741	0.022516	-0.000354469	0.830382
1399871722836185472	0.0380151	0.00529083	0.830576
1399871722871178640	0.0446433	0.0127902	0.833022
1399871722981949983	0.0392855	0.0174353	0.837675
1399871722988139951	0.0387838	0.0206659	0.844224
1399871723081979928	0.0399823	0.0191805	0.852084
1399871723096998306	0.0309171	0.0218902	0.859918
1399871723152934212	0.0194455	0.0252217	0.867937
1399871723256985899	0.00834635	0.0321001	0.876808
1399871723292902706	-0.000321432	0.039274	0.886533
1399871723405870085	-0.00378553	0.0428153	0.896636
1399871723411832534	-0.00689427	0.0421407	0.906406
1399871723462711112	-0.00749434	0.0392423	0.914889
1399871723618141882	-0.00331947	0.0373238	0.92275
1399871723624737096	0.00613405	0.0394348	0.929252
1399871723638740083	0.0114612	0.0462999	0.933651
1399871723715756257	0.00935319	0.0552687	0.936873
1399871723783537849	0.00448354	0.0595162	0.937886
1399871723819637634	0.00830179	0.0591007	0.936965
1399871723924474616	0.0167374	0.0514489	0.935661
1399871723932411500	0.0180742	0.0405682	0.93432
1399871723992441336	0.0110792	0.0310799	0.932798
1399871724100546786	-0.00143458	0.0241829	0.931777
1399871724115508008	-0.0130733	0.0142535	0.932641
1399871724201360024	-0.0142722	0.0020738	0.933116
1399871724237451519	-0.00625912	-0.00726515	0.934177
1399871724343475613	0.000586604	-0.00937641	0.936313
1399871724358421514	-0.00059592	-0.0112648	0.938457
1399871724414481882	-0.00794202	-0.0183925	0.940429
1399871724518386118	-0.0133919	-0.0211302	0.941767
1399871724533426533	-0.0126014	-0.0140958	0.942941
1399871724622420263	-0.00769299	-0.00220235	0.945246
1399871724658268266	-0.00323603	0.00646975	0.949325
1399871724764273745	-0.00123606	0.0113564	0.955261
1399871724829081879	0.000879807	0.0211109	0.962078
1399871724841119543	0.0032945	0.0333127	0.970382
1399871724941065362	0.00610159	0.0416237	0.979009
1399871724956163576	0.0138351	0.0450579	0.985978
1399871725087978121	0.0188851	0.0453819	0.990367
1399871725094062866	0.0179149	0.0469811	0.991935
1399871725169910127	0.016392	0.0501315	0.991236
1399871725191911799	0.016224	0.0543122	0.988939
1399871725255857275	0.0189154	0.059431	0.985635
1399871725346967833	0.0277039	0.0554511	0.983315
1399871725395930130	0.0342413	0.0446762	0.980405
1399871725512828368	0.0336184	0.0403735	0.977687
1399871725521725851	0.0308093	0.0421322	0.974855
1399871725609877055	0.0281179	0.0411604	0.971447
1399871725617841220	0.0219235	0.0309522	0.968526
1399871725677879371	0.0158912	0.0186525	0.965551
1399871725781622501	0.0145801	0.00849995	0.962701
1399871725796638969	0.0157222	0.00133107	0.960381
1399871725885595191	0.0149443	-0.00197374	0.958935
1399871725922658205	0.00927061	-0.0062245	0.958762
1399871726027616671	0.00197683	-0.0125292	0.959549
1399871726035675704	0.000105854	-0.0158257	0.961555
1399871726115527830	0.00250038	-0.0178471	0.964509
1399871726244539292	-0.000585547	-0.01062	0.967576
1399871726250488383	-0.00672622	0.00176278	0.971122
1399871726294522388	-0.00847599	0.00907911	0.973747
1399871726343497454	-0.00742074	0.0154825	0.97641
1399871726452431191	-0.000591669	0.0220192	0.979372
1399871726561471815	0.0175029	0.0211325	0.987675
1399871726576272636	0.0123872	0.0249578	0.994211
1399871726658128044	0.0119093	0.0308312	1.00432
1399871726770150611	0.0165066	0.044523	1.01583
1399871726777143527	0.0140581	0.060524	1.02767
1399871726834131155	0.00680175	0.0697049	1.03906
1399871726949048460	0.00411749	0.0679169	1.04929
1399871726955062929	0.00732557	0.0592465	1.05725
1399871727044085819	0.00877815	0.0474341	1.06146
1399871727051980753	0.0100266	0.0417583	1.06459
1399871727193005811	0.00964413	0.0512611	1.0676
1399871727198946233	0.0126697	0.0653246	1.07097
1399871727257020556	0.0179902	0.0693057	1.0741
1399871727292021193	0.0181308	0.0597449	1.0748
1399871727396863370	0.0148619	0.040084	1.0723
1399871727411878868	0.0100763	0.0283809	1.06849
1399871727508801957	0.00826735	0.0249757	1.06399
1399871727615754825	0.0052163	0.0180445	1.05951
1399871727621752701	0.00385332	0.015885	1.0544
1399871727676749174	0.00700973	0.0232707	1.04976
1399871727712700266	0.0134317	0.0269985	1.04792
1399871727817783236	0.0154364	0.0185841	1.04866
1399871727832762200	0.00937785	0.00672815	1.05278
1399871727922735374	0.00144905	0.00083606	1.06087
1399871728035698009	-0.00248398	-0.00121844	1.07157
1399871728041621906	-0.00274531	-0.000250056	1.08354
1399871728085651883	-0.00346818	0.00391215	1.09624
1399871728134594805	-0.00286521	0.00428593	1.10793
1399871728239443378	-0.00072813	-0.00323639	1.11738
1399871728254462413	0.00165729	-0.0163743	1.12433
1399871728344412701	-0.000168495	-0.0186575	1.12907
1399871728460324219	-0.00630519	-0.00281065	1.13133
1399871728466310912	-0.0078917	0.0118375	1.13169
1399871728521306124	0.00140045	0.0166224	1.12789
1399871728557359429	0.0196037	0.0128401	1.1205
1399871728649229493	0.0370381	0.00339896	1.11086
1399871728731267542	0.044525	-0.00249563	1.09949
1399871728738231799	0.0387828	0.00555116	1.08836
1399871728835186782	0.030735	0.0253166	1.07907
1399871728871154228	0.0272088	0.0360855	1.07107
1399871728939095401	0.0227072	0.0326216	1.06433
1399871728975110545	0.0195684	0.0296941	1.05948
1399871729053074739	0.0136464	0.0360596	1.05701
1399871729192002295	0.0142147	0.0400199	1.05718
1399871729197970032	0.0176137	0.0478017	1.05985
1399871729213019362	0.00928776	0.0548569	1.06493
1399871729289976171	0.000361373	0.0542457	1.07251
1399871729357931680	-0.000859837	0.0461261	1.08142
1399871729394908611	0.00407838	0.035211	1.08961
1399871729478916911	0.0103873	0.0332793	1.09701
1399871729611795546	0.0170147	0.0346858	1.10466
1399871729617775808	0.0205542	0.0312915	1.1109
1399871729699758045	0.0226721	0.0193139	1.11596
1399871729710692483	0.0264185	0.00694668	1.1196
1399871729772683746	0.0266041	0.00897246	1.12394
1399871729815690267	0.018954	0.0111055	1.13149
1399871729920641912	0.0106697	0.00853954	1.14053
1399871729935784594	0.00291147	0.00763706	1.15048
1399871730025601979	0.000774405	0.00390792	1.16016
1399871730093466892	0.00123844	-0.00555301	1.16773
1399871730129603712	-0.000374388	-0.0120884	1.17329
1399871730198435955	-0.00338537	-0.0135076	1.17665
1399871730234440248	-0.00588258	-0.012474	1.17864
1399871730339379288	-0.0109591	-0.0100173	1.18046
1399871730354463792	-0.010816	-0.00524079	1.18263
1399871730445348740	-0.0081998	-0.0159765	1.18532
1399871730514277502	-0.00562125	-0.0154736	1.18843
1399871730550271114	-0.003992	-0.000132374	1.19191
1399871730663427927	-0.00657977	0.00247231	1.19524
1399871730669456900	-0.0141111	-0.0121637	1.19784
1399871730726481928	-0.0180613	-0.00909698	1.19841
1399871730830418925	-0.0100765	2.09771e-05	1.19783
1399871730838335508	0.00413221	0.00409158	1.19765
1399871730928257238	0.0108791	0.00644663	1.19834
1399871730971269095	0.00985689	0.00969222	1.19969
1399871731083181509	0.0108926	0.0159576	1.20187
1399871731089204162	0.0156045	0.0218711	1.20311
1399871731146125960	0.0183957	0.0250271	1.20352
1399871731294157406	0.0129499	0.027659	1.20453
1399871731301129714	0.0067828	0.0314938	1.2047
1399871731315146618	0.00337377	0.0371083	1.20316
1399871731392140164	0.00263308	0.0405025	1.20012
1399871731463085666	0.00779678	0.0474876	1.19473
1399871731496089744	0.0129423	0.0538505	1.18798
1399871731601986231	0.00981276	0.0541667	1.18037
1399871731617151057	-0.00844647	0.0529998	1.17287
1399871731707985911	-0.0240804	0.051007	1.16676
1399871731775979665	-0.0225722	0.0403533	1.16112
1399871731811945252	-0.0106962	0.0296089	1.15605
1399871731879903476	-0.00327007	0.0269982	1.15334
1399871731915903180	-0.00716075	0.026246	1.15452
1399871731993875605	-0.0112128	0.0232437	1.15877
1399871732099846743	-0.00931524	0.0154058	1.16504
1399871732105629090	-0.00792362	0.0101135	1.17147
1399871732195809412	-0.0108619	0.024828	1.17956
1399871732233190940	-0.0129224	0.0720064	1.19086
1399871732323702889	-0.0111072	0.0764218	1.20061
1399871732337793574	-0.00683603	0.0402507	1.20736
1399871732405760898	-0.00662553	0.00595923	1.21135
1399871732527499497	-0.0133717	0.000554267	1.21344
1399871732533482198	-0.0156125	0.0134625	1.21692
1399871732664501227	-0.0098027	0.0346574	1.2225
1399871732670416715	0.00492398	0.0351564	1.23038
1399871732727374476	0.023929	0.00939245	1.23858
1399871732763424914	0.0340813	-0.00768718	1.24623
1399871732868414909	0.0362574	-0.00338649	1.2538
1399871732876418483	0.035424	0.00950541	1.26132
1399871733044419129	0.0417732	0.041448	1.27269
1399871733052421083	0.0471275	0.0545912	1.27471
1399871733191301790	0.048304	0.0588432	1.27265
1399871733197447612	0.0415599	0.0599065	1.26653
1399871733291329197	0.0317224	0.0602327	1.25776
1399871733299300883	0.0292437	0.0511641	1.24743
1399871733396313278	0.0270225	0.0425105	1.23626
1399871733468248653	0.0158621	0.0456905	1.22687
1399871733477188853	-0.00157581	0.0557279	1.22006
1399871733568174915	-0.00939838	0.060857	1.21611
1399871733604205079	-0.010789	0.0525984	1.2157
1399871733710058686	-0.0160672	0.0379644	1.21804
1399871733718041501	-0.0227204	0.0287333	1.22195
1399871733778053706	-0.0245093	0.0427489	1.22852
1399871733882044189	-0.0229249	0.0510386	1.23658
1399871733897920296	-0.0200149	0.0404543	1.24542
1399871733986965350	-0.0177189	0.0347149	1.25425
1399871734022939523	-0.0125908	0.0259557	1.26288
1399871734128859501	-0.00247838	0.0153949	1.27019
1399871734135830292	0.00366551	0.0112449	1.27575
1399871734232769087	0.00556321	0.0169071	1.28044
1399871734301830928	0.00652428	0.0264485	1.28414
1399871734316820654	0.00956759	0.0246265	1.28557
1399871734405770988	0.0130676	0.0119993	1.28436
1399871734441699866	0.00981132	0.00494683	1.28066
1399871734509735505	0.00652423	0.00490591	1.27567
1399871734620532056	0.00434883	0.0132954	1.27054
1399871734626665478	0.00642151	0.0353735	1.26648
1399871734762649682	0.0125195	0.0401641	1.2629
1399871734768614632	0.0136916	0.0206221	1.25895
1399871734866556979	0.00219452	0.00163438	1.25625
1399871734872489405	-0.0170095	-0.00278551	1.25486
1399871734929431342	-0.0284801	-0.00245341	1.25494
1399871735040380361	-0.0211485	-0.00225097	1.25561
1399871735047438647	-0.000584818	0.00429047	1.25683
1399871735141407697	0.0177738	0.0198254	1.25909
1399871735156396512	0.0291423	0.0308094	1.26238
1399871735244450114	0.0301053	0.0313584	1.26582
1399871735280333799	0.0213341	0.0251346	1.26968
1399871735385402461	0.0183115	0.0194186	1.2731
1399871735393367122	0.024611	0.0201736	1.27617
1399871735459182135	0.0240795	0.0209555	1.27888
1399871735602047978	0.0127804	0.0166126	1.28157
1399871735608247630	0.00302843	0.0108482	1.28342
1399871735665195096	-0.00404578	0.00851026	1.28423
1399871735701160328	-0.00920094	0.0105521	1.28433
1399871735806120447	-0.00568541	0.0106094	1.28522
1399871735814065907	0.00688645	0.012115	1.28675
1399871735911007996	0.0178792	0.0155259	1.28818
1399871735981067897	0.0205774	0.019139	1.29052
1399871735992054739	0.0165438	0.0268574	1.29269
1399871736084013824	0.012553	0.0320912	1.29354
1399871736119943897	0.00986523	0.0248528	1.29295
1399871736225948778	0.010746	-0.00407376	1.29186
1399871736233916933	0.0167264	-0.0178321	1.29062
1399871736330933000	0.0180298	-0.00379418	1.29114
1399871736441850374	0.0154668	0.0132184	1.29247
1399871736448801460	0.0104989	0.0201793	1.29402
1399871736511813001	0.00600922	0.0111821	1.29532
1399871736541763989	0.00564256	-0.00167903	1.29636
1399871736647718432	0.0118408	-0.00172484	1.2975
1399871736654644822	0.0176929	0.0101873	1.29861
1399871736715777916	0.0170041	0.0214491	1.2999
1399871736813569282	0.014699	0.0210537	1.30149
1399871736855675779	0.0117935	-0.000374485	1.3021
1399871736923549857	0.00388081	0.00312277	1.30154
1399871736959527823	-0.00320311	0.0126257	1.30101
1399871737052591297	-0.0143611	0.01707	1.3017
1399871737073549793	-0.0299307	0.0266325	1.30437
1399871737133540256	-0.0399011	0.0289797	1.30967
1399871737237463151	-0.0351188	-0.0310539	1.31721
1399871737252406261	-0.0222064	-0.0862026	1.32597
1399871737386422752	-0.0116987	-0.0625185	1.3341
1399871737392402214	-0.0118292	0.00286636	1.34286
1399871737447309192	-0.0172611	0.0451896	1.35257
1399871737545382318	-0.0139712	0.0127818	1.36199
1399871737552370140	0.00395646	-0.0576969	1.3691
1399871737699171488	0.028246	-0.0722911	1.3735
1399871737706272330	0.0313321	-0.0257311	1.37513
1399871737806275781	0.0126798	0.0347958	1.37403
1399871737812238956	-0.00277886	0.0876649	1.36836
1399871737856215185	-0.00643726	0.116746	1.3596
1399871737920226920	-0.00930149	0.128644	1.3502
1399871738012162554	-0.00664592	0.124857	1.34162
1399871738080176340	0.00506217	0.100803	1.33385
1399871738095175060	0.0109577	0.0900244	1.32802
1399871738184118840	0.00616742	0.0997844	1.32565
1399871738220133295	0.00394556	0.110175	1.32682
1399871738288932510	0.00945188	0.103599	1.33159
1399871738435957810	0.0149414	0.0769207	1.33875
1399871738442899150	0.0185885	0.0523098	1.34766
1399871738463935729	0.0208931	0.038504	1.3572
1399871738534785321	0.01934	0.0457572	1.36669
1399871738603117219	0.0193908	0.119603	1.37726
1399871738646809770	0.0157718	0.191938	1.38921
1399871738716879697	0.00828875	0.164748	1.39559
1399871738856778382	0.0109384	0.058857	1.39578
1399871738863039608	0.0265463	-0.0479854	1.3902
1399871738878015293	0.0402474	-0.114246	1.38264
1399871738954670992	0.0428183	-0.108557	1.37659
1399871739022640511	0.0222688	-0.0736309	1.37173
1399871739058719790	0.00080361	-0.0542465	1.36758
1399871739164604542	-0.0102154	-0.0403615	1.36451
1399871739171560401	-0.0152138	-0.066091	1.36177
1399871739232563644	-0.0186526	-0.0909707	1.359
1399871739336512219	-0.019138	-0.0849594	1.35621
1399871739351549588	-0.0241065	-0.0693215	1.35269
1399871739441481082	-0.0310593	-0.0536516	1.34987
1399871739477483998	-0.0331266	-0.0277694	1.34788
1399871739545499862	-0.0322934	-0.00276468	1.34728
1399871739650284142	-0.031008	0.0183893	1.34808
1399871739657405417	-0.0250987	0.0377882	1.35025
1399871739754304645	-0.012724	0.0610191	1.3535
1399871739790390563	-0.000361313	0.0867399	1.35853
1399871739858335830	0.000982842	0.0959206	1.36371
1399871739894230521	-0.00468043	0.0997633	1.36772
1399871739999127710	-0.00630489	0.110636	1.3704
1399871740014131200	0.00293488	0.113184	1.37122
1399871740104214640	0.0181486	0.105148	1.37009
1399871740216046317	0.0248941	0.0888909	1.36709
1399871740222044971	0.0191595	0.0712923	1.36331
1399871740324033666	0.0149753	0.0581611	1.35958
1399871740330010459	0.0168695	0.0440719	1.35588
1399871740423222949	0.0235909	0.025223	1.35296
1399871740538106542	0.0291972	0.0124136	1.35131
1399871740547970455	0.03435	0.00656862	1.35153
1399871740558091146	0.0397862	3.21381e-05	1.35219
1399871740744788030	0.0253812	-0.029312	1.3583
1399871740842879810	0.0088197	-0.036902	1.36098
1399871740909811894	-0.0032652	-0.0414795	1.36512
1399871740920873410	-0.0102579	-0.0404333	1.37052
1399871741025836857	-0.0236076	-0.0360009	1.3759
1399871741033735607	-0.0388316	-0.0309311	1.38134
1399871741124759127	-0.0478693	-0.0236639	1.38623
1399871741159714772	-0.0509318	-0.0132411	1.39127
1399871741237558897	-0.0506131	-0.00678117	1.39716
1399871741342690986	-0.0472233	-0.00418641	1.40231
1399871741348576212	-0.04551	0.00165159	1.40578
1399871741432558255	-0.043807	0.011391	1.40799
1399871741481428162	-0.0385959	0.0115941	1.4091
1399871741543439405	-0.0294675	-0.0231751	1.40931
1399871741579488051	-0.0129002	-0.016543	1.40772
1399871741684486902	0.0055891	0.0240666	1.40818
1399871741692500409	0.0219898	0.0558396	1.41055
1399871741790419435	0.0390785	0.0676825	1.41307
1399871741859396050	0.0511286	0.0586116	1.41425
1399871741874270995	0.0580413	0.0477523	1.41339
1399871741950336529	0.0625019	0.0476333	1.41194
1399871742000204706	0.0591977	0.0576853	1.41032
1399871742067340010	0.0522088	0.0683262	1.40832
1399871742178319359	0.0401597	0.0693236	1.40622
1399871742185231069	0.0271917	0.0580669	1.40377
1399871742275223703	0.0203252	0.0393687	1.40145
1399871742312081075	0.0186088	0.0199031	1.39895
1399871742424212439	0.0150483	0.00674952	1.39593
1399871742431162683	-0.000608194	-0.000119623	1.39334
1399871742494063124	-0.0191586	-0.0066822	1.39064
1399871742614938219	-0.0310293	-0.0108342	1.38819
1399871742621082588	-0.0345273	-0.0135921	1.38612
1399871742698035917	-0.0374505	-0.0191563	1.38506
1399871742713063395	-0.0436296	-0.02456	1.38429
1399871742801988095	-0.0494637	-0.0272351	1.38488
1399871742838938678	-0.0596278	-0.0205589	1.38651
1399871742944018028	-0.0686947	-0.00727597	1.38834
1399871743055889894	-0.0702355	0.0128877	1.39067
1399871743061925668	-0.0641335	0.0279727	1.39446
1399871743125764756	-0.0507867	0.0283465	1.39859
1399871743133902026	-0.0416865	0.0162729	1.40154
1399871743267844688	-0.0365878	0.000380259	1.40362
1399871743273851049	-0.0228223	-0.011756	1.40523
1399871743330696587	-0.000355884	-0.0184027	1.40661
1399871743441643472	0.0201488	-0.0362536	1.40863
1399871743447657440	0.0331867	-0.0316258	1.41166
1399871743538559208	0.0313486	0.00389129	1.4172
1399871743553698491	0.0213174	0.0289081	1.42421
1399871743642619295	0.0217721	0.0153646	1.43161
1399871743679564673	0.0327316	0.000979986	1.43936
1399871743747599831	0.0400905	0.00848032	1.44717
1399871743858530623	0.036382	0.028194	1.45379
1399871743865549599	0.0269576	0.0461658	1.45908
1399871743955315644	0.0263758	0.05386	1.46217
1399871743991355982	0.0293989	0.0475246	1.46299
1399871744059507925	0.0306419	0.0327498	1.46192
1399871744096380375	0.026314	0.0289865	1.46007
1399871744164452377	0.0186292	0.036058	1.458
1399871744268365826	0.0120185	0.0509007	1.45346
1399871744276262932	0.00373726	0.065084	1.44757
1399871744366333306	-0.00473476	0.0677098	1.44098
1399871744409272470	-0.0089066	0.0626268	1.43343
1399871744528078156	-0.00827307	0.0535344	1.42475
1399871744534319478	-0.0100971	0.0491829	1.41564
1399871744620202217	-0.0107302	0.0488192	1.40759
1399871744636172837	-0.0076475	0.0422792	1.40041
1399871744726224113	-0.00581266	0.0342662	1.3952
1399871744839063689	-0.00685623	0.0280927	1.39093
1399871744845093079	-0.00980325	0.0177855	1.38788
1399871744902037701	-0.0155028	0.00728228	1.38582
1399871744938103887	-0.027773	0.00278226	1.38512
1399871745005969463	-0.0348326	-0.00323028	1.38508
1399871745129813926	-0.0362796	-0.0121661	1.38616
1399871745135788936	-0.0372042	-0.0131862	1.3875
1399871745216769724	-0.0410071	-0.00650787	1.3887
1399871745232771163	-0.0489016	0.000334904	1.38956
1399871745314685082	-0.0582821	0.008801	1.3902
1399871745357691055	-0.0671952	0.017688	1.39128
1399871745466654420	-0.0759723	0.0382104	1.39219
1399871745577574756	-0.0794978	0.0450752	1.39365
1399871745584572923	-0.0706742	0.0475679	1.39537
1399871745598599567	-0.0566656	0.0549501	1.39874
1399871745675725291	-0.0467075	0.0608768	1.40432
1399871745787640707	-0.0360351	0.0595139	1.41074
1399871745794625311	-0.0217701	0.0561001	1.41721
1399871745850435648	-0.00458959	0.0557409	1.42285
1399871745962403423	0.011737	0.0590714	1.42783
1399871745968372921	0.0208541	0.0628863	1.43149
1399871746059481577	0.0259904	0.0609486	1.43345
1399871746074561192	0.0221671	0.0499554	1.43246
1399871746207383339	0.0127155	0.0304532	1.43011
1399871746213342071	0.00743521	0.00949152	1.428
1399871746270453900	0.00439872	-0.00304504	1.42634
1399871746362403226	-0.0036785	-0.00241419	1.4251
1399871746411395757	-0.00777608	0.00224709	1.42353
1399871746482185332	-0.00726395	0.00660476	1.42105
1399871746500211061	-0.00549847	0.0032313	1.41783
1399871746571189059	-0.00708168	-0.000794593	1.41387
1399871746620139285	-0.0152218	-0.00181	1.40982
1399871746725065080	-0.0235387	-0.00533098	1.40715
1399871746733054031	-0.0256504	-0.0075964	1.40682
1399871746793101833	-0.0268965	0.0131303	1.40738
1399871746901103484	-0.0226865	0.0298667	1.41004
1399871746916075963	-0.0155751	0.0314629	1.41507
1399871747004025932	-0.00435366	0.0539004	1.42148
1399871747039968191	0.00500728	0.0932609	1.42941
1399871747108036042	0.00593545	0.0855086	1.43746
1399871747235047280	0.0026697	0.0498237	1.44537
1399871747240946907	-3.69182e-05	0.0215943	1.45237
1399871747318874885	-0.00256844	0.00876891	1.45796
1399871747431016150	-0.00699047	0.0377378	1.46381
1399871747465911445	-0.00362209	0.0383291	1.46478
1399871747528962388	0.00401871	0.0218222	1.46279
1399871747675823257	0.00701308	4.48599e-05	1.45846
1399871747682743817	0.00603625	-0.0178168	1.45332
1399871747726775048	0.00529409	-0.0281088	1.4485
1399871747775651792	0.000838652	-0.0207428	1.44428
1399871747888565420	-0.00686515	-0.0120316	1.44045
1399871747894521162	-0.0113826	-0.0082141	1.43562
1399871747988561830	-0.012513	-0.0124586	1.42988
1399871747996526516	-0.0123633	-0.0287298	1.42336
1399871748056458080	-0.0130335	-0.0465434	1.41709
1399871748264386680	-0.0335918	-0.0469908	1.40721
1399871748301341223	-0.0297561	-0.0375948	1.40519
1399871748406298893	-0.0289764	-0.0283934	1.40384
1399871748414272703	-0.0220189	-0.0260285	1.40396
1399871748481258482	-0.01042	-0.0438782	1.40542
1399871748582210281	-0.00693829	-0.0524275	1.40731
1399871748617169919	-0.017292	-0.0307009	1.41105
1399871748729145431	-0.0271273	-0.00485502	1.41587
1399871748735167868	-0.0341489	0.0166879	1.41971
1399871748801183793	-0.0414288	0.0426613	1.42285
1399871748907181186	-0.0448841	0.0619373	1.426
1399871748913238695	-0.0521651	0.0699506	1.42948
1399871749003060069	-0.0603292	0.068804	1.43346
1399871749011067665	-0.0588501	0.0622408	1.43827
1399871749111054695	-0.0487695	0.0585259	1.44259
1399871749146048543	-0.0386462	0.061514	1.44551
1399871749251009744	-0.0394349	0.0425449	1.44936
1399871749258968609	-0.046922	0.0149471	1.45276
1399871749354939229	-0.0502518	0.0262247	1.45333
1399871749423855077	-0.0427104	0.045067	1.45158
1399871749530845325	-0.00520912	0.0325671	1.44478
1399871749679796205	0.0047979	-0.0128887	1.43257
1399871749685796950	0.00429148	-0.0141109	1.42695
1399871749765763083	0.00247066	-0.0100837	1.42378
1399871749844694870	0.00654856	-0.00628638	1.42288
1399871749852773216	0.01612	-0.00598225	1.42349
1399871749936660006	0.0251854	-0.0124274	1.42514
1399871749985606460	0.0223732	-0.00279368	1.42965
1399871750097534362	0.0137915	0.00796621	1.43637
1399871750103486041	0.00381937	0.00715985	1.44415
1399871750196648485	-0.000221026	0.00378006	1.4515
1399871750211677635	-0.00113309	0.0101537	1.45896
1399871750300518641	-0.00739099	0.0236265	1.46704
1399871750369426450	-0.0185	0.0338875	1.47462
1399871750405544820	-0.0259822	0.0345838	1.48096
1399871750501339760	-0.0308493	0.0297948	1.48626
1399871750623347261	-0.0296815	0.0201824	1.49008
1399871750629203203	-0.0257037	0.014191	1.49187
1399871750639306684	-0.0253641	0.0250664	1.49228
1399871750723227490	-0.0294472	0.0412463	1.49339
1399871750791182269	-0.0334921	0.0497349	1.49616
1399871750827181268	-0.0390888	0.0477693	1.49984
1399871751000249962	-0.0313496	0.0326787	1.50795
1399871751104041000	-0.0164442	0.036047	1.50957
1399871751111101742	-0.000100164	0.040634	1.51033
1399871751208020939	0.00827061	0.0502779	1.51034
1399871751244041519	0.0134698	0.0526042	1.50943
1399871751312996562	0.0169739	0.0445798	1.50727
1399871751424056634	0.0198735	0.0333062	1.50434
1399871751429991684	0.0238269	0.0252087	1.50031
1399871751565073470	0.0300345	0.025867	1.49604
1399871751571034231	0.0397557	0.0658299	1.49435
1399871751627937356	0.0446755	0.164971	1.49818
1399871751678817490	0.0353904	0.245632	1.50417
1399871751768804617	0.0136804	0.215742	1.50631
1399871751776966605	-0.0125971	0.103666	1.50871
1399871751836949859	-0.025281	-0.000953287	1.50996
1399871751984710849	-0.0340548	-0.0617517	1.51219
1399871751991723378	-0.0495123	-0.0699674	1.51306
1399871752047821096	-0.0715698	-0.0551802	1.51368
1399871752084659724	-0.0919599	-0.0178676	1.51369
1399871752197735428	-0.108633	0.047457	1.51269
1399871752203637152	-0.119877	0.0460126	1.51602
1399871752294596082	-0.110916	-0.0139281	1.52075
1399871752362569730	-0.0874235	-0.0816691	1.52297
1399871752398538001	-0.061202	-0.111698	1.51826
1399871752470483597	-0.0404863	-0.0946037	1.50754
1399871752503475130	-0.0284245	-0.0656998	1.49651
1399871752608533774	-0.0163718	-0.0559388	1.48594
1399871752616471302	-0.000226392	-0.0662521	1.47513
1399871752694416415	0.0174153	-0.0833583	1.4637
1399871752825378253	0.0302519	-0.0820018	1.4535
1399871752831343901	0.0374418	-0.0575501	1.44674
1399871752888479170	0.0494907	-0.0199274	1.44438
1399871752925379235	0.0555602	0.0100157	1.44629
1399871753037367181	0.0474378	0.024829	1.45113
1399871753043403060	0.0353986	0.0300077	1.45791
1399871753100259436	0.0340629	0.0366532	1.46628
1399871753249193961	0.0360572	0.0562312	1.47543
1399871753255276174	0.0224834	0.0777327	1.48518
1399871753310272320	0.000641475	0.109117	1.49456
1399871753346217140	-0.0199204	0.147178	1.50336
1399871753414324552	-0.0353213	0.13654	1.51014
1399871753456333081	-0.0448862	0.0905525	1.51554
1399871753556241012	-0.0561491	0.0508911	1.51913
1399871753571203192	-0.0721899	0.0344371	1.52157
1399871753663157749	-0.0824374	0.0377649	1.52327
1399871753775990931	-0.082459	0.0395361	1.52574
1399871753781926841	-0.0755963	0.0325942	1.5294
1399871753836945382	-0.0666964	0.0237156	1.53277
1399871753871965410	-0.0527569	0.00841252	1.53564
1399871753940879429	-0.0447733	-0.00332834	1.53786
1399871754044881679	-0.0432141	-0.00937895	1.53987
1399871754051874387	-0.0346895	-0.00883224	1.54135
1399871754148830739	-0.0195413	-0.00859534	1.54303
1399871754184701554	-0.00619448	-0.00894428	1.54307
1399871754289772136	-0.00329133	-0.00984144	1.54154
1399871754297749623	-0.00333209	-0.0104162	1.53936
1399871754358880581	-0.00290389	-0.0100362	1.53656
1399871754469648652	-0.00452916	-0.00843381	1.53402
1399871754478820666	-0.00163208	-0.0093438	1.53053
1399871754568748459	0.00550246	-0.0109225	1.52464
1399871754605740336	0.00336349	-0.00849935	1.51851
1399871754673669369	-0.00745695	-0.00536388	1.51234
1399871754784653249	-0.0176457	-0.00305822	1.50701
1399871754790576345	-0.0262234	-0.00436789	1.50194
1399871754924554009	-0.0329515	-0.00435794	1.49681
1399871754931506254	-0.0365264	0.00225129	1.49222
1399871755031440481	-0.038327	0.0134462	1.48927
1399871755037360025	-0.0451264	0.0270985	1.49029
1399871755094446446	-0.0513693	0.0374718	1.49483
1399871755130442329	-0.042809	0.0454582	1.50192
1399871755236386112	-0.0286122	0.0281756	1.51249
1399871755251392465	-0.0115566	0.0136146	1.52305
1399871755343403384	0.00049517	0.0184518	1.53153
1399871755411283106	0.00416724	0.0304887	1.53729
1399871755451173142	0.00782761	0.0387252	1.54014
1399871755563075677	0.013228	0.0475304	1.54138
1399871755569140156	0.017754	0.0558827	1.54093
1399871755626127158	0.0118737	0.0570513	1.53852
1399871755736934183	-0.0027362	0.0491516	1.53588
1399871755744126102	-0.0166224	0.0360474	1.53371
1399871755822118489	-0.0262532	0.0210531	1.53208
1399871755871109120	-0.0379459	0.0121062	1.53093
1399871755939105724	-0.0499263	0.0129154	1.52971
1399871755975123236	-0.0542945	0.0117679	1.52917
1399871756068037709	-0.048437	-0.0177911	1.5303
1399871756148964259	-0.031271	-0.0509744	1.53227
1399871756156857473	-0.0210322	-0.0433394	1.53132
1399871756252965208	-0.0347253	-0.0124782	1.53021
1399871756289965962	-0.0561304	0.0169792	1.52768
1399871756401876775	-0.0646624	0.0308778	1.5236
1399871756407744897	-0.0556383	0.0257086	1.52035
1399871756470755891	-0.0386687	0.0150645	1.51533
1399871756568666172	-0.0225182	0.0146221	1.50861
1399871756576662244	-0.0108984	0.0253012	1.50194
1399871756672686015	0.00099638	0.0303323	1.49492
1399871756709517661	0.00974131	0.0337511	1.48771
1399871756821525034	0.00894952	0.0347462	1.48127
1399871756827558203	0.0101916	0.0301079	1.47611
1399871756918613328	0.0133582	0.0272172	1.47281
1399871756933580967	0.00783923	0.0277414	1.4716
1399871757023567452	-0.00385801	0.0257174	1.47207
1399871757136395209	-0.0223672	0.0213893	1.47472
1399871757142445340	-0.037151	0.0193237	1.47937
1399871757199393945	-0.0426503	0.0190308	1.48534
1399871757235517795	-0.0471291	0.01809	1.49226
1399871757340468868	-0.0482885	0.0150684	1.50007
1399871757355474853	-0.0352192	0.0124976	1.50685
1399871757445285332	-0.0143302	0.0115644	1.51286
1399871757470380364	0.00160095	0.0135955	1.51817
1399871757550200738	0.00285305	0.0245775	1.52322
1399871757663244254	-0.00932587	0.0398006	1.52833
1399871757670289462	-0.022279	0.0492589	1.53245
1399871757727155227	-0.0271761	0.0498408	1.53503
1399871757875240816	-0.0312377	0.0451991	1.53726
1399871757881264256	-0.0353803	0.0407997	1.5385
1399871757896316724	-0.0371179	0.0363522	1.53878
1399871757974338508	-0.0442142	0.0419925	1.53839
1399871758035281203	-0.0510788	0.0507258	1.53794
1399871758077988334	-0.0545091	0.0504344	1.53798
1399871758184103397	-0.0476197	0.0459626	1.53785
1399871758191016393	-0.0399275	0.040293	1.53765
1399871758288040929	-0.0373059	0.0304553	1.53803
1399871758356085716	-0.0345326	0.0213833	1.53814
1399871758371078762	-0.0330375	0.0164603	1.53697
1399871758454040500	-0.0331161	0.0236543	1.5343
1399871758496972537	-0.0378712	0.0367539	1.52851
1399871758601864619	-0.0357668	0.0393537	1.52217
1399871758616920532	-0.025755	0.0324083	1.51653
1399871758707921348	-0.0185766	0.0462192	1.51231
1399871758775911621	-0.0233656	0.0487498	1.5089
1399871758790803494	-0.0347767	0.0252562	1.5054
1399871758880754834	-0.0386979	0.00361217	1.50259
1399871758916628560	-0.0284813	-0.00887736	1.50089
1399871759020623135	-0.015596	-0.0146769	1.50043
1399871759035615230	-0.00309062	-0.0137473	1.50078
1399871759124690415	0.00760259	-0.011246	1.50103
1399871759237475743	0.0120365	-0.0116514	1.50069
1399871759243450265	0.0148343	-0.00683801	1.49854
1399871759300467372	0.0195956	0.00483006	1.49516
1399871759336549334	0.0230725	0.0187089	1.49079
1399871759441552251	0.0253593	0.0293355	1.48592
1399871759463314062	0.0245911	0.0300647	1.48039
1399871759548286607	0.0204064	0.0267697	1.47453
1399871759660363014	0.0142698	0.0286863	1.46948
1399871759667250529	0.00599048	0.0304789	1.46551
1399871759723271147	-0.00455366	0.0266765	1.46321
1399871759760214007	-0.0155404	0.022134	1.46281
1399871759865170268	-0.028673	0.0118272	1.46358
1399871759873179182	-0.0376134	0.000963841	1.465
1399871759970115628	-0.0420979	-0.00059858	1.46647
1399871760038056782	-0.0479941	0.00363376	1.46945
1399871760053093323	-0.0494785	0.0118056	1.4736
1399871760143169964	-0.0453771	0.0153827	1.47838
1399871760179026140	-0.04359	0.0126365	1.48349
1399871760247033469	-0.0417044	0.00552584	1.4876
1399871760358022825	-0.0464624	-0.00172987	1.49086
1399871760365035464	-0.0549797	-0.00645071	1.49266
1399871760462091620	-0.0584658	-0.00916195	1.49319
1399871760479084987	-0.0591863	-0.0116447	1.49215
1399871760603885714	-0.0590844	-0.0111882	1.48983
1399871760610101091	-0.0563334	-0.015515	1.48692
1399871760667085205	-0.0529121	-0.0183984	1.48331
1399871760777928055	-0.0436353	-0.0139852	1.47986
1399871760783845315	-0.0351782	-0.0118926	1.47707
1399871760874982686	-0.0345075	-0.0110579	1.47546
1399871760889783012	-0.0341611	-0.00759916	1.47566
1399871760979944870	-0.0339735	-0.00378428	1.47775
1399871761015877736	-0.0246613	-0.00846154	1.48109
1399871761120764104	-0.00857841	-0.0171011	1.4848
1399871761135794918	0.00408142	-0.0187639	1.4883
1399871761213746218	0.0116241	-0.0133332	1.492
1399871761294790427	0.0190517	-0.00411718	1.49536
1399871761309715750	0.0267414	0.00828632	1.49847
1399871761392712426	0.0266498	0.00408559	1.50125
1399871761435608659	0.0234363	0.00133716	1.5019
1399871761539588164	0.0240038	0.0074661	1.50169
1399871761554671010	0.0278984	0.0169561	1.50151
1399871761644661823	0.0307166	0.0212169	1.50072
1399871761758582794	0.0284283	0.0230181	1.49987
1399871761764554467	0.0177621	0.0187802	1.50009
1399871761821530079	0.00814231	0.00996623	1.50056
1399871761857496127	0.00320477	0.00778513	1.50048
1399871761962477038	-0.000953177	0.0116505	1.50007
1399871761970404846	-0.00857494	0.0117543	1.49983
1399871762067419066	-0.0169874	0.00876491	1.50004
1399871762178397013	-0.0257858	0.0108263	1.49995
1399871762184420372	-0.0301844	0.0145609	1.49961
1399871762286394079	-0.027517	0.0142381	1.50023
1399871762292323275	-0.0214813	0.00915535	1.50157
1399871762385284397	-0.0207301	0.00418033	1.50351
1399871762393308672	-0.0254109	-0.0018866	1.50578
1399871762462310397	-0.0282577	-0.00641203	1.5079
1399871762603158587	-0.0263452	-0.00672272	1.50921
1399871762609147369	-0.0225307	-0.0421204	1.50958
1399871762666094617	-0.0228463	-0.113506	1.50994
1399871762701969266	-0.0274984	-0.121057	1.50923
1399871762808212978	-0.0312377	-0.0551226	1.50845
1399871762816058157	-0.030655	0.025336	1.50932
1399871762901060202	-0.0238794	0.0657916	1.51222
1399871762981878162	-0.0145339	0.061804	1.51544
1399871762996989842	-0.00808726	0.0419659	1.51794
1399871763089059960	-0.0044413	0.0420757	1.51957
1399871763121957769	-0.00565454	0.059953	1.52292
1399871763212831259	-0.00047535	0.0837813	1.5276
1399871763234854094	0.00480131	0.105562	1.53435
1399871763331812295	0.00243695	0.103309	1.54105
1399871763401824250	-0.00171375	0.0841051	1.54626
1399871763413727487	-0.00619167	0.0646732	1.55017
1399871763511701950	-0.0117071	0.0536772	1.55158
1399871763654626834	-0.0357389	0.0240561	1.54604
1399871763718583671	-0.0410523	0.0147406	1.54281
1399871763821630237	-0.0427248	0.00504957	1.53948
1399871763858585641	-0.0392699	-0.00222439	1.53679
1399871763970535797	-0.0342574	-0.00215915	1.53591
1399871763976502746	-0.0294261	-0.00793692	1.53688
1399871764034499677	-0.0290228	-0.0225597	1.53761
1399871764147279603	-0.0321097	-0.0311759	1.537
1399871764153300014	-0.0314219	-0.0208196	1.53509
1399871764242271433	-0.0261034	-0.00350926	1.53294
1399871764257255606	-0.0150511	0.00538107	1.53196
1399871764390220261	-0.00361373	0.00628179	1.53205
1399871764396269734	0.00229539	0.00017887	1.53139
1399871764501148720	0.00139348	-0.00392708	1.53014
1399871764510079516	-0.00243131	-0.00502289	1.5282
1399871764597233960	-0.00468542	-0.00948899	1.52563
1399871764709173749	-0.00734539	-0.0104892	1.52205
1399871764715252979	-0.0113683	-0.00445282	1.51713
1399871764772113637	-0.016511	0.000475589	1.51257
1399871764809023746	-0.0196333	0.00197842	1.50991
1399871764877051166	-0.0152497	0.0031534	1.50975
1399871764913175029	-0.00865054	0.00733967	1.5104
1399871765019121384	-0.00522201	0.0262468	1.51198
1399871765034009580	-0.00368903	0.0353112	1.51403
1399871765090021532	-0.00163637	0.0284238	1.51519
1399871765236811228	-0.00254281	0.0234817	1.51595
1399871765243887873	-0.00851458	0.0367025	1.51826
1399871765287895653	-0.0174201	0.0983108	1.52102
1399871765336924113	-0.0256384	0.119348	1.52487
1399871765441750800	-0.027881	0.0802617	1.5286
1399871765463647448	-0.0245825	0.0358326	1.52983
1399871765545786949	-0.0211553	0.0130562	1.52895
1399871765657606873	-0.0185374	0.0023268	1.5278
1399871765663741468	-0.0172165	-0.00660843	1.52754
1399871765764739180	-0.020198	0.011817	1.52836
1399871765771693546	-0.0286313	0.0109963	1.52919
1399871765864591117	-0.0338097	-0.0248406	1.52898
1399871765872552213	-0.0258378	-0.0537388	1.52767
1399871765969671690	-0.00977054	-0.0632046	1.52644
1399871766037616309	-0.000181982	-0.0703441	1.52683
1399871766052545986	0.000311569	-0.0705993	1.52879
1399871766186455347	-0.00545952	-0.0607338	1.53242
1399871766192317419	-0.0125173	-0.0503907	1.53593
1399871766249373034	-0.0119935	-0.0419893	1.53847
1399871766351359981	-0.00195478	-0.0302921	1.54087
1399871766362454678	0.00945958	-0.0125457	1.54348
1399871766466321082	0.0146369	0.00857983	1.5457
1399871766475401111	0.0166016	0.024649	1.5474
1399871766553439371	0.0170429	0.0288663	1.54845
1399871766602395792	0.0130015	0.0289709	1.54906
1399871766706257710	0.00852989	0.0204502	1.54911
1399871766714255669	0.00476744	-0.026881	1.54764
1399871766777237078	0.00727881	-0.0664665	1.54627
1399871766885167751	0.013378	-0.0489728	1.54409
1399871766893098487	0.0124557	-0.00862952	1.54261
1399871766988131723	0.00752857	0.0430887	1.54255
1399871767024134130	0.000791574	0.072197	1.54156
1399871767092026717	-0.0102233	0.0549026	1.54136
1399871767239000418	-0.019686	0.0324637	1.54095
1399871767246039201	-0.0285273	0.0293086	1.54125
1399871767303059767	-0.043565	0.0318856	1.54264
1399871767310018742	-0.0559734	0.0416209	1.5439
1399871767410873389	-0.0583468	0.0486094	1.5451
1399871767445919149	-0.0518307	0.03985	1.5475
1399871767513938217	-0.0436472	0.00332251	1.55195
1399871767552919954	-0.0354079	-0.013989	1.55465
1399871767653915211	-0.0333506	-0.00562561	1.55594
1399871767722943045	-0.0359736	0.00409109	1.55727
1399871767758866954	-0.0336004	0.0148928	1.55753
1399871767826893846	-0.0266604	0.0252353	1.55566
1399871767862974406	-0.0216194	0.0269003	1.55181
1399871767930827322	-0.0201271	0.0258064	1.54546
1399871768042670897	-0.0147043	0.0242932	1.53832
1399871768048585880	-0.00918505	0.0225912	1.53147
1399871768139691911	-0.00888847	0.019029	1.52517
1399871768154660857	-0.0103398	0.0138703	1.51998
1399871768233543949	-0.0112943	0.00505547	1.51554
1399871768279555972	-0.00966875	-0.00865472	1.5117
1399871768385505073	-0.00889651	-0.0185332	1.50798
1399871768392550218	-0.00972323	-0.0232782	1.50498
1399871768497481940	-0.00972563	-0.0292184	1.50372
1399871768603440957	-0.00907154	-0.0405786	1.50385
1399871768609422048	-0.01293	-0.0475008	1.50468
1399871768667407453	-0.0199726	-0.0464853	1.50533
1399871768703313566	-0.02111	-0.04233	1.50561
1399871768787350687	-0.0143195	-0.0279818	1.50643
1399871768886272052	-0.00188043	-0.0110552	1.50899
1399871768892268888	0.00242453	-0.000895012	1.51253
1399871768976307700	-0.00324712	0.00397215	1.5165
1399871768991215029	-0.00860936	0.00818626	1.5205
1399871769090283731	-0.00714246	0.019777	1.5247
1399871769125211059	0.00211895	0.0362598	1.52865
1399871769206143791	0.0112037	0.0342013	1.53227
1399871769295177795	0.00935988	0.0238851	1.53465
1399871769306111300	-0.00563294	0.0318729	1.53621
1399871769403105695	-0.0208005	0.0480955	1.53683
1399871769410074196	-0.0276791	0.0623321	1.5375
1399871769558044835	-0.0245674	0.06721	1.5379
1399871769563989540	-0.0152967	0.0622846	1.53736
1399871769659960925	-0.00880693	0.0620466	1.53689
1399871769665939913	-0.0138431	0.0549937	1.53735
1399871769725992377	-0.0280748	0.0443343	1.53934
1399871769837846422	-0.0376252	0.0318935	1.54326
1399871769844999149	-0.0380315	0.0117828	1.5483
1399871769934793969	-0.0339933	-0.00869268	1.55204
1399871769970723765	-0.0354271	-0.0172406	1.55327
1399871770038608470	-0.0358005	-0.0196745	1.5536
1399871770074645752	-0.0328707	-0.0205052	1.55319
1399871770179666630	-0.0328723	-0.0226489	1.55192
1399871770194660100	-0.0358882	-0.0256282	1.55053
1399871770284612247	-0.0342391	-0.0231075	1.54865
1399871770396763633	-0.0252223	-0.0132567	1.54579
1399871770402772487	-0.0155325	-0.00443422	1.54248
1399871770450602682	-0.0149316	-0.0076742	1.53944
1399871770495670893	-0.016789	-0.0148924	1.53746
1399871770564478867	-0.012046	-0.0136686	1.53497
1399871770684445591	-0.00535149	-0.00696724	1.53141
1399871770690614656	0.00475776	0.0195161	1.52609
1399871770818630471	0.0189127	0.0440227	1.52088
1399871770824548752	0.0251377	0.0455472	1.51595
1399871770881548633	0.0230006	0.0400072	1.51144
1399871770917486094	0.0201582	0.0367638	1.50687
1399871770986516274	0.0180388	0.0380141	1.5022
1399871771097387501	0.0122552	0.0363292	1.4984
1399871771103421682	0.00433077	0.0318632	1.49474
1399871771204345840	0.00458823	0.0285955	1.49196
1399871771211398032	0.00856682	0.0242019	1.49057
1399871771342330203	0.00646906	0.022516	1.49229
1399871771349334920	-0.00354814	0.020297	1.49719
1399871771405275277	-0.0191904	0.0157514	1.50446
1399871771523155919	-0.0254172	0.00886081	1.51311
1399871771529198295	-0.0241752	0.00294993	1.52182
1399871771658242140	-0.0260899	0.0166013	1.53042
1399871771664188015	-0.0357576	0.0272296	1.53809
1399871771719131083	-0.0469639	0.0251055	1.5452
1399871771755120238	-0.0520833	0.0141054	1.55135
1399871771860175025	-0.0522562	0.0030447	1.55602
1399871771875086630	-0.0523322	-0.00487122	1.55917
1399871771931161715	-0.0560233	-0.00673575	1.56089
1399871772036136261	-0.0602921	-0.00376114	1.56133
1399871772051048141	-0.0561356	-0.00226604	1.56062
1399871772127135921	-0.0452234	-0.00147441	1.55803
1399871772176068296	-0.0358415	-0.000569638	1.55397
1399871772280678631	-0.0341319	-0.000396755	1.54933
1399871772295963905	-0.0316504	-0.00160045	1.54362
1399871772501774265	-0.00305733	-0.00316907	1.53176
1399871772510593498	0.00783162	-0.00391907	1.52805
1399871772606744969	0.0142761	-0.00835122	1.52605
1399871772613119225	0.0149612	-0.00778673	1.52479
1399871772662691228	0.0110752	-0.00286648	1.52466
1399871772780461555	0.00785863	0.000576053	1.52574
1399871772786455973	0.00919841	0.00105899	1.52772
1399871772921490220	0.0139582	-0.000498544	1.52949
1399871772927418227	0.0152576	-0.00439434	1.53094
1399871772984429858	0.014927	-0.017467	1.53208
1399871773020403290	0.0155582	-0.0360091	1.53143
1399871773126520985	0.0126661	-0.0336587	1.52987
1399871773133509614	0.00807317	-0.0246792	1.52905
1399871773231416801	0.00650399	-0.0229771	1.52827
1399871773250314989	0.00376215	-0.0197709	1.52731
1399871773336426075	-0.00723653	-0.0198356	1.52622
1399871773404384652	-0.0180772	-0.0222257	1.52381
1399871773440342028	-0.0200037	-0.0198327	1.51946
1399871773546176348	-0.0239967	-0.015269	1.5149
1399871773553263492	-0.0302248	-0.0136071	1.51143
1399871773614219603	-0.0306201	-0.0155721	1.50947
1399871773718182259	-0.0265653	-0.0185501	1.50876
1399871773733229594	-0.0208198	-0.0324974	1.51033
1399871773822096280	-0.0146883	-0.0415051	1.51308
1399871773858104283	-0.0126566	-0.0291098	1.51639
1399871773964051869	-0.0122737	-0.00451157	1.52061
1399871773972063672	-0.0104325	0.0108903	1.52444
1399871774068934636	-0.00626608	0.0123493	1.52642
1399871774136955767	-0.00314665	0.00675448	1.52654
1399871774151913850	-0.00541788	0.000879884	1.52595
1399871774244981203	-0.0104936	-0.000298187	1.52476
1399871774279991569	-0.0143525	0.000709198	1.5237
1399871774347767993	-0.0172442	-0.00200666	1.52312
1399871774454950908	-0.023032	-0.00812796	1.52258
1399871774464861151	-0.0281291	-0.0108576	1.5223
1399871774599663409	-0.026164	-0.00954497	1.52121
1399871774606794812	-0.0201618	-0.00934242	1.52034
1399871774706792724	-0.0168452	-0.0130724	1.5198
1399871774712738461	-0.0162241	-0.0180096	1.51957
1399871777727731634	-0.0108619	-0.0157066	1.51976
1399871777727756788	-0.0125662	-0.0209212	1.5162
1399871777727775898	-0.00942766	-0.0111852	1.51043
1399871777727800140	-0.00237611	0.00288618	1.50607
1399871777727837849	0.0102515	0.0213027	1.50115
1399871777727859895	0.0271236	0.0435384	1.49666
1399871777727878508	0.0463087	0.0707306	1.49207
1399871777727896672	-0.0270245	-0.041327	1.47854
1399871777727914680	-0.0240287	-0.0412909	1.46876
1399871777727932868	-0.0130806	-0.016303	1.46537
1399871777727951256	-0.0155635	-0.0197007	1.46166
1399871777727995383	-0.015082	-0.0199983	1.45733
1399871777728015225	-0.014428	-0.0187671	1.45342
1399871777728032815	-0.0143072	-0.0190722	1.44586
1399871777728049733	-0.0144952	-0.0191823	1.44173
1399871777728066444	-0.0144442	-0.0191078	1.43793
1399871777728083406	-0.0145183	-0.0192772	1.43405
1399871777728100538	-0.0144719	-0.0192952	1.43002
1399871777728117223	-0.0145237	-0.0193374	1.42645
1399871777728134472	-0.0145598	-0.0192647	1.42262
1399871777728151364	-0.0145216	-0.0193763	1.41901
1399871777728168650	-0.0144997	-0.0195623	1.41505
1399871777728185421	-0.0146177	-0.0195943	1.40799
1399871777728202212	-0.0145748	-0.0196748	1.40011
1399871777728218864	-0.0145686	-0.0198389	1.39645
1399871777728240586	-0.0147127	-0.0199146	1.38535
1399871777728258283	-0.0146568	-0.0201277	1.3817
1399871777728275639	-0.0147078	-0.0201052	1.37811
1399871777728292634	-0.0154349	-0.0198031	1.29223
1399871777728309894	-0.0154437	-0.0200084	1.26314
1399871777728327433	-0.0154346	-0.0202632	1.2345
1399871777728344489	-0.0154271	-0.0204538	1.20631
1399871777728361654	-0.0153482	-0.0207189	1.18092
1399871777728378446	-0.0153071	-0.0209258	1.15354
1399871777728395297	-0.0152096	-0.0211901	1.12877
1399871777728412146	-0.0151465	-0.0213854	1.10447
1399871777728429141	-0.0150949	-0.0215662	1.08044
1399871777728446283	-0.0148669	-0.0219792	1.0351
1399871777728462938	-0.0147241	-0.0221458	1.01401
1399871777728479605	-0.0145433	-0.0223596	0.993318
1399871777728496544	-0.0143702	-0.0225808	0.973141
1399871777889184628	-0.0138232	-0.0232524	0.918092
1399871777996371872	-0.0135426	-0.0236089	0.884613
1399871778049196713	-0.0133289	-0.0238003	0.869609
1399871778146198788	-0.0131491	-0.0239943	0.853974
1399871778251190501	-0.0127254	-0.0244384	0.825898
1399871778306167878	-0.0125518	-0.0246271	0.812325
1399871778354930784	-0.0123713	-0.0248644	0.800175
1399871778410156575	-0.012193	-0.025018	0.787247
1399871778518076793	-0.0119854	-0.0252402	0.775515
1399871778562991451	-0.0118182	-0.0254401	0.764003
1399871778618968053	-0.0116408	-0.0256343	0.752887
1399871778667985986	-0.0114685	-0.0258322	0.742967
1399871778722992703	-0.011323	-0.0259546	0.732434
1399871778771877947	-0.0111677	-0.0260811	0.722982
1399871778876833503	-0.0110004	-0.0262216	0.713881
1399871778891828034	-0.0108485	-0.0263857	0.704843
1399871778980770143	-0.0107175	-0.0265784	0.696665
1399871779036771394	-0.0106225	-0.0267493	0.687793
1399871779084759709	-0.0105042	-0.0269457	0.679824
1399871779140750741	-0.0103415	-0.027156	0.672066
1399871779189840636	-0.0101894	-0.0273281	0.664277
1399871779301634572	-0.0100498	-0.0275142	0.657239
1399871779316490221	-0.00989551	-0.0276916	0.650006
1399871779398623706	-0.00973969	-0.0278523	0.643471
1399871779460640691	-0.0095317	-0.0280332	0.637063
1399871779502631241	-0.00935969	-0.028179	0.630691
1399871779558527299	-0.00920117	-0.0283127	0.624963
1399871779614553284	-0.00904553	-0.0284516	0.618665
1399871779711269766	-0.00891767	-0.0286145	0.613133
1399871779767315837	-0.00879295	-0.02877	0.607827
1399871779871360258	-0.00860022	-0.0290979	0.598351
1399871779920373847	-0.0084962	-0.0292302	0.593297
1399871779978321469	-0.00840841	-0.0293618	0.58885
1399871780032313991	-0.00832008	-0.0294812	0.584694
1399871780128280629	-0.00823696	-0.0295723	0.580465
1399871780184319923	-0.00817479	-0.0296672	0.576628
1399871780288237894	-0.0079974	-0.0298784	0.568943
1399871780337208505	-0.00789108	-0.0300007	0.565397
1399871780442205525	-0.00775476	-0.030104	0.561934
1399871780456163255	-0.00763728	-0.030201	0.558827
