#Time	 Roll 	 Pitch 	 Yaw
1399407576771287582	-0.00419889	0.0174462	0.366444
1399407576841187586	-0.0042472	0.0174153	0.366415
1399407576858101513	-0.00426409	0.0173891	0.366393
1399407576875215293	-0.00430463	0.0173728	0.36638
1399407576942086462	-0.00435729	0.0173398	0.366347
1399407576959031947	-0.00438482	0.0173115	0.366317
1399407576975141049	-0.00440543	0.0172882	0.36629
1399407577020900779	-0.00441981	0.0172741	0.366278
1399407577115991950	-0.00442421	0.0172535	0.36625
1399407577173953797	-0.00449756	0.0172379	0.366246
1399407577189925470	-0.0045328	0.0172001	0.366207
1399407577230926401	-0.00454561	0.0171825	0.36617
1399407577267845251	-0.00458652	0.0171436	0.366163
1399407577329961609	-0.0046135	0.0171397	0.366164
1399407577372608603	-0.00463785	0.0171201	0.366176
1399407577389544201	-0.00465081	0.0170818	0.36619
1399407577442635758	-0.00468289	0.017056	0.3662
1399407577459478573	-0.00469373	0.0170164	0.366188
1399407577485379870	-0.00470933	0.0169796	0.366197
1399407577576318944	-0.00478798	0.016947	0.366141
1399407577675294458	-0.00482562	0.0169411	0.366123
1399407577695259900	-0.00484097	0.0169414	0.366093
1399407577714251201	-0.00485911	0.0169355	0.366064
1399407577780291140	-0.00489886	0.0169129	0.366014
1399407577820150522	-0.00493575	0.0168856	0.366012
1399407577885309233	-0.00495043	0.0168664	0.366002
1399407577901159141	-0.00495713	0.0168387	0.365977
1399407577918214376	-0.00499346	0.0168208	0.365976
1399407577940209712	-0.00502904	0.0167992	0.365963
1399407578011093252	-0.00506939	0.016776	0.365975
1399407578027979039	-0.00509271	0.0167283	0.365968
1399407578093945921	-0.00510496	0.0167036	0.365976
1399407578110922514	-0.00512146	0.0166751	0.365983
1399407578138947343	-0.00515537	0.0166605	0.365971
1399407578209878976	-0.00515456	0.0166333	0.365965
1399407578252857242	-0.00515559	0.0166292	0.365929
1399407578269733813	-0.00515537	0.0166195	0.365908
1399407578286773725	-0.00518664	0.0165955	0.36588
1399407578374726041	-0.00518586	0.0165938	0.365906
1399407578391666253	-0.00520323	0.0165649	0.365943
1399407578441627021	-0.00518374	0.0165582	0.36596
1399407578464646111	-0.00517812	0.0165412	0.365993
1399407578492641940	-0.00518348	0.0165318	0.365983
1399407578524602614	-0.00518112	0.0165056	0.365992
1399407578618526887	-0.00519812	0.0164768	0.365994
1399407578635502475	-0.00520283	0.0164654	0.366035
1399407578678481948	-0.00522187	0.0164431	0.366048
1399407578699485830	-0.00524048	0.0164215	0.366098
1399407578775463808	-0.0052445	0.0164218	0.366123
1399407578793435200	-0.00525962	0.0164007	0.366144
1399407578810404457	-0.0052824	0.0163725	0.366168
1399407578924304727	-0.00529446	0.0163434	0.366194
1399407578950304557	-0.00533051	0.016282	0.366274
1399407578969392765	-0.00533148	0.0162625	0.36628
1399407579050289199	-0.00531012	0.0162492	0.366319
1399407579067228274	-0.00531697	0.0162259	0.366336
1399407579112184922	-0.00533664	0.0162311	0.366311
1399407579129104336	-0.00535426	0.0162103	0.366285
1399407579252256528	-0.00536475	0.0161856	0.366267
1399407579268230240	-0.00537784	0.016179	0.366261
1399407579285206596	-0.00538773	0.0161571	0.366293
1399407579378947335	-0.00540423	0.0161467	0.36631
1399407579394952360	-0.00541751	0.0161159	0.366351
1399407579411884259	-0.0054361	0.0161126	0.366371
1399407579437855309	-0.00545056	0.0160787	0.366353
1399407579451857888	-0.00544928	0.016029	0.366355
1399407579567862608	-0.00548342	0.016024	0.366348
1399407579608763772	-0.00549245	0.0160079	0.366345
1399407579626787976	-0.00550942	0.0159785	0.366364
1399407579648758916	-0.00551395	0.01595	0.366354
1399407579665727838	-0.0055369	0.0159293	0.366331
1399407579698675053	-0.00559172	0.0158962	0.366341
1399407579761636053	-0.00558761	0.0158719	0.366347
1399407579788631066	-0.00559027	0.0158383	0.366351
1399407579820576385	-0.00560186	0.0158374	0.366357
1399407579894532935	-0.00559982	0.0158089	0.366351
1399407579911502423	-0.00560154	0.0157871	0.366362
1399407579956618797	-0.005619	0.0157774	0.366367
1399407580000506631	-0.00564162	0.0157488	0.366356
1399407580016472887	-0.00565391	0.0157116	0.366386
1399407580094540591	-0.00565826	0.0156981	0.366405
1399407580111375699	-0.00567567	0.015678	0.36641
1399407580139443927	-0.0056874	0.0156495	0.366349
1399407580236466095	-0.00569243	0.0156007	0.366302
1399407580252423492	-0.00572288	0.01559	0.366252
1399407580269335424	-0.00572286	0.0155712	0.366247
1399407580286435832	-0.00571785	0.015566	0.366249
1399407580410245757	-0.00572374	0.0155632	0.366264
1399407580427277124	-0.00575517	0.0155611	0.36626
1399407580479224171	-0.00578761	0.0155349	0.36624
1399407580496152948	-0.00578051	0.0155131	0.366247
1399407580530171216	-0.00579085	0.0154916	0.366236
1399407580633593651	-0.00578516	0.0154685	0.366222
1399407580662926481	-0.00581411	0.0154494	0.366249
1399407580681018479	-0.0058274	0.0154307	0.366257
1399407580701986130	-0.00582841	0.0153903	0.366269
1399407580779040533	-0.0058464	0.0153783	0.366312
1399407580796939610	-0.00584907	0.0153386	0.366358
1399407580812927279	-0.00584063	0.0153114	0.366384
1399407580869862498	-0.00583861	0.015305	0.366409
1399407580937947748	-0.00585269	0.0152836	0.366459
1399407580954883359	-0.00584855	0.0152426	0.366523
1399407580970691666	-0.00587869	0.0152179	0.366546
1399407581052616535	-0.00587983	0.0152083	0.366561
1399407581112813212	-0.00589149	0.0151577	0.366601
1399407581129684694	-0.00591163	0.0151203	0.366588
1399407581253444837	-0.00592742	0.0150984	0.366576
1399407581269436151	-0.00596721	0.0150953	0.366589
1399407581286400682	-0.00599412	0.0150729	0.366562
1399407581334364456	-0.00598951	0.0150611	0.366579
1399407581350386980	-0.0059925	0.0150396	0.366602
1399407581364339035	-0.00603307	0.0149876	0.366635
1399407581420426309	-0.00603753	0.0149568	0.366643
1399407581451413271	-0.00606852	0.0149487	0.366642
1399407581555363662	-0.00610638	0.0149278	0.366643
1399407581573326494	-0.00608929	0.0149091	0.366656
1399407581590260939	-0.00609831	0.0148846	0.366667
1399407581623291355	-0.00610996	0.0148812	0.366647
1399407581650203966	-0.00613681	0.0148603	0.366633
1399407581777138570	-0.00613887	0.0148357	0.366649
1399407581817075119	-0.00614392	0.0148326	0.366652
1399407581835102843	-0.00617198	0.0147942	0.366643
1399407581858068155	-0.00616185	0.014793	0.366649
1399407581873890878	-0.00619359	0.0147933	0.366665
1399407581887973221	-0.00620455	0.0147789	0.366664
1399407581976860577	-0.00620731	0.0147586	0.366699
1399407581996817938	-0.00621575	0.0147279	0.366727
1399407582013827897	-0.00622676	0.0147127	0.366723
1399407582091727984	-0.00623932	0.0146853	0.366719
1399407582108721045	-0.0062506	0.014666	0.366752
1399407582141697113	-0.00623927	0.0146491	0.366782
1399407582188660480	-0.00625682	0.0146295	0.366797
1399407582221666925	-0.00626938	0.0146353	0.366818
1399407582301648561	-0.00625898	0.0146431	0.366844
1399407582317624904	-0.00623847	0.0146389	0.366815
1399407582334591891	-0.0062502	0.0146346	0.366783
1399407582441502745	-0.00626471	0.0146159	0.366792
1399407582458506217	-0.00624721	0.0145947	0.366797
1399407582485467078	-0.00627176	0.0145917	0.366807
1399407582501435768	-0.00628574	0.0145839	0.366792
1399407582530569197	-0.00630803	0.0145941	0.366779
1399407582616531500	-0.00632267	0.014581	0.366788
1399407582656441035	-0.00632028	0.0145614	0.366786
1399407582674474423	-0.00633819	0.014553	0.366791
1399407582695337069	-0.00634404	0.0145307	0.366792
1399407582771321342	-0.0063753	0.0145179	0.366764
1399407582789273714	-0.0063756	0.0145175	0.366766
1399407582847221455	-0.00639337	0.0144878	0.366763
1399407582864191969	-0.00640614	0.0144946	0.366775
1399407582885210843	-0.00638877	0.0144724	0.3668
1399407582942167215	-0.00639646	0.014442	0.366795
1399407582980125633	-0.00641326	0.0144408	0.366793
1399407583047081623	-0.00642792	0.0144399	0.366794
1399407583090036204	-0.00644693	0.014434	0.366826
1399407583107023845	-0.00645456	0.0144085	0.366799
1399407583132006192	-0.00644372	0.0143981	0.366798
1399407583160054333	-0.0064419	0.0143874	0.366778
1399407583200956811	-0.00645663	0.014381	0.366792
1399407583279887383	-0.00644995	0.0143363	0.366811
1399407583353915559	-0.00642067	0.0143296	0.366842
1399407583369807761	-0.00643141	0.0143115	0.366865
1399407583386787059	-0.00644016	0.0143443	0.366875
1399407583458780347	-0.00645644	0.0143349	0.366861
1399407583475728976	-0.00647312	0.0143165	0.36684
1399407583570721264	-0.0064736	0.0142945	0.366844
1399407583587655048	-0.00647477	0.0142815	0.366812
1399407583603654249	-0.00649401	0.0142582	0.366791
1399407583675599259	-0.00651918	0.0142502	0.366774
1399407583701592508	-0.0065072	0.0142448	0.366778
1399407583800512049	-0.006467	0.0142875	0.366858
1399407583816490995	-0.0064018	0.0141847	0.367027
1399407583885482357	-0.00640708	0.0142723	0.366936
1399407583902392961	-0.00635519	0.0141648	0.366965
1399407583919477467	-0.00617673	0.0140861	0.367683
1399407583995476964	-0.00619349	0.0137576	0.367945
1399407584035403709	-0.00635966	0.0137267	0.369278
1399407584111396234	-0.00654838	0.0138159	0.370022
1399407584127385638	-0.00668686	0.0139108	0.371202
1399407584144348538	-0.00614762	0.0140592	0.371946
1399407584223311900	-0.00568527	0.0138673	0.372919
1399407584323409194	-0.00562459	0.0134086	0.373945
1399407584340084357	-0.00589206	0.0123168	0.374799
1399407584433166806	-0.00174535	0.00212687	0.375265
1399407584449115676	0.000665532	-0.0035953	0.374669
1399407584466056975	-0.00336216	-0.00713784	0.373452
1399407584565874699	-0.00999839	-0.0102775	0.37225
1399407584639986271	-0.0129928	-0.0118408	0.371275
1399407584655928224	-0.00965859	-0.0108529	0.370518
1399407584672880520	-0.00594531	-0.0127831	0.369481
1399407584750136730	-0.00676599	-0.0169228	0.368186
1399407584789976956	-0.0117137	-0.0193591	0.367009
1399407584860720041	-0.0177794	-0.0180701	0.366743
1399407584880752095	-0.0242752	-0.0180311	0.36712
1399407584958763088	-0.0285629	-0.0198913	0.367547
1399407584975720723	-0.0313188	-0.0223644	0.368324
1399407584991570718	-0.0332274	-0.024253	0.36924
1399407585089479125	-0.0344901	-0.0252905	0.370144
1399407585105447906	-0.0359692	-0.0249719	0.370949
1399407585176442804	-0.0365388	-0.0223042	0.371578
1399407585198417624	-0.0350724	-0.0192758	0.37226
1399407585215427481	-0.0342384	-0.0170441	0.373119
1399407585318422173	-0.0358096	-0.0163431	0.373799
1399407585388458123	-0.0390529	-0.0161958	0.373955
1399407585404317782	-0.042733	-0.0152647	0.373564
1399407585421365363	-0.0459719	-0.0132099	0.373278
1399407585494392965	-0.0489079	-0.0116969	0.372678
1399407585511345208	-0.0505312	-0.0116413	0.371605
1399407585607279952	-0.0517159	-0.0124955	0.370358
1399407585623292337	-0.0531425	-0.0128449	0.369097
1399407585640125184	-0.0536436	-0.0118905	0.368223
1399407585709059450	-0.0524659	-0.00938217	0.367501
1399407585727180447	-0.0502179	-0.00593527	0.366908
1399407585821967111	-0.047329	-0.00154261	0.366567
1399407585837938616	-0.042609	0.00411635	0.366169
1399407585854946407	-0.0372399	0.00974626	0.365788
1399407585931037559	-0.0331678	0.0133441	0.365377
1399407585948045388	-0.0312894	0.014772	0.365227
1399407585964146684	-0.0316929	0.0136517	0.365135
1399407586067912325	-0.0324557	0.0105221	0.364899
1399407586142923605	-0.0330619	0.00715078	0.364724
1399407586158816368	-0.0335264	0.00606223	0.364298
1399407586175869306	-0.0340762	0.00769545	0.364086
1399407586250756941	-0.033454	0.010247	0.364055
1399407586290742734	-0.0319656	0.0115254	0.363981
1399407586362670456	-0.0313807	0.0115977	0.363652
1399407586378646860	-0.0313195	0.0113604	0.36306
1399407586395654173	-0.0311971	0.0113106	0.362442
1399407586470515911	-0.0295236	0.0110037	0.361881
1399407586487606610	-0.0271562	0.00976691	0.361187
1399407586587565047	-0.0219762	0.00804056	0.359903
1399407586603490758	-0.0175052	0.00857992	0.359236
1399407586674431952	-0.0132293	0.0123563	0.35957
1399407586691409191	-0.00909885	0.0157631	0.360191
1399407586787201385	-0.00675284	0.0161159	0.360963
1399407586803311257	-0.00508152	0.0173942	0.361375
1399407586820289710	-0.00199956	0.0168009	0.361169
1399407586897238027	-0.00366276	0.0109596	0.360547
1399407587000194660	-0.0118434	0.00047976	0.360311
1399407587019085020	-0.0159519	-0.00525072	0.359917
1399407587035068534	-0.014217	-0.00355286	0.35942
1399407587109977430	-0.0105118	0.000447722	0.359243
1399407587209079858	-0.0089969	0.00363621	0.359094
1399407587226013750	-0.00764074	0.00494912	0.359037
1399407587241961298	-0.00504891	0.00265986	0.359602
1399407587318905949	-0.00401754	0.000362203	0.360484
1399407587358848331	-0.00488549	0.00121703	0.361566
1399407587431787753	-0.00934841	-0.000924343	0.362857
1399407587448741431	-0.0173588	-0.00268104	0.364239
1399407587465210716	-0.0257719	0.000827799	0.364619
1399407587567750500	-0.027392	0.00265417	0.365627
1399407587642743197	-0.0257996	-0.00331002	0.366846
1399407587659582603	-0.0180771	-0.00956168	0.368444
1399407587675721651	-0.0120506	-0.012024	0.370107
1399407587781461880	-0.0191733	-0.0156342	0.371359
1399407587855359363	-0.027057	-0.0150022	0.374633
1399407587874453618	-0.0317276	-0.0113242	0.377866
1399407587891366602	-0.0418598	-0.00987682	0.380713
1399407587988473722	-0.0516962	-0.00300289	0.382206
1399407588004359235	-0.0530448	0.00783057	0.382827
1399407588076389995	-0.0517866	0.0130517	0.383559
1399407588093272149	-0.0427352	0.012769	0.383281
1399407588195265060	-0.0312748	0.0108879	0.381716
1399407588211251270	-0.0280474	0.00752063	0.378933
1399407588285155288	-0.0331364	0.00476335	0.376642
1399407588301959251	-0.0459298	0.00506636	0.374498
1399407588397161168	-0.0574522	0.0111863	0.373012
1399407588412985166	-0.0612908	0.0181199	0.372668
1399407588504979743	-0.0497102	0.0244705	0.373406
1399407588521832357	-0.0316355	0.0253919	0.375584
1399407588630200606	-0.0242814	0.0120261	0.380615
1399407588723911891	-0.0194565	0.0054998	0.382088
1399407588742832227	-0.0118731	-0.00416608	0.382858
1399407588838743101	-0.00552889	-0.00545253	0.382545
1399407588855737426	-0.00127739	-0.000367736	0.382335
1399407588931750070	0.00165741	0.00410373	0.382592
1399407588948666269	0.00283593	0.00600244	0.383185
1399407588964658114	0.00200881	0.00533946	0.383922
1399407589067549409	0.00120518	0.00418738	0.384697
1399407589136522912	0.00226155	0.00427652	0.384934
1399407589153580391	0.00551276	0.00524801	0.385184
1399407589170449943	0.00899725	0.00629738	0.385216
1399407589245410248	0.0123698	0.00664626	0.385112
1399407589263465532	0.015726	0.00702427	0.385136
1399407589360379683	0.0165632	0.00727785	0.38547
1399407589376423184	0.0125556	0.00725519	0.386175
1399407589393289015	0.00536211	0.00721689	0.387651
1399407589467245506	-0.00289518	0.00875161	0.38979
1399407589483238165	-0.0114536	0.0121773	0.392744
1399407589584222302	-0.0187081	0.0149442	0.395978
1399407589601203677	-0.0235178	0.0164356	0.398341
1399407589671129719	-0.0265256	0.0165981	0.399728
1399407589687167065	-0.027425	0.0158538	0.400571
1399407589704030447	-0.025516	0.0146328	0.400529
1399407589775220986	-0.0211889	0.0134899	0.39991
1399407589823037042	-0.0176821	0.0128551	0.399033
1399407589895989738	-0.017766	0.0137429	0.398171
1399407589911988103	-0.0201676	0.0157166	0.397517
1399407589928930836	-0.0231153	0.0162548	0.396964
1399407590004816598	-0.025321	0.015086	0.397127
1399407590104798656	-0.0265035	0.0139958	0.397028
1399407590120747811	-0.028415	0.0141283	0.396155
1399407590136775620	-0.0334767	0.0141573	0.394886
1399407590212693707	-0.0405054	0.0131549	0.39385
1399407590229713026	-0.0436668	0.0118275	0.393617
1399407590245716631	-0.0399768	0.011959	0.393527
1399407590349613757	-0.0341443	0.0148523	0.393297
1399407590419542262	-0.0294516	0.0179751	0.392833
1399407590436444562	-0.0276878	0.0185609	0.392208
1399407590452557341	-0.0274796	0.0160987	0.391966
1399407590529374892	-0.0267427	0.0118156	0.392007
1399407590569293317	-0.0250975	0.00835695	0.392496
1399407590645362837	-0.0250353	0.00797809	0.393009
1399407590661386332	-0.025941	0.00990769	0.393417
1399407590678282412	-0.0278911	0.0110451	0.394099
1399407590756390931	-0.0306221	0.00884053	0.394338
1399407590774252609	-0.0319291	0.00364354	0.394155
1399407590872192920	-0.0314849	-0.00129671	0.393821
1399407590888224636	-0.0295465	-0.00399035	0.39353
1399407590959273013	-0.0271412	-0.00433377	0.393307
1399407590985068453	-0.0257233	-0.00403878	0.393299
1399407591063047694	-0.0235369	-0.0054304	0.394313
1399407591102942453	-0.0198161	-0.00815275	0.396017
1399407591175099029	-0.01637	-0.00989868	0.397748
1399407591192010337	-0.0152128	-0.00950782	0.398995
1399407591207976789	-0.0149131	-0.00801795	0.399961
1399407591283941055	-0.0146234	-0.00770378	0.401174
1399407591301927422	-0.0163656	-0.00809814	0.402752
1399407591403695231	-0.0207393	-0.00651678	0.40381
1399407591420712615	-0.0255039	-0.00233867	0.404478
1399407591496812624	-0.029587	0.00115918	0.40461
1399407591513780265	-0.0320581	0.000984667	0.404542
1399407591530588749	-0.0328703	-0.00068347	0.403825
1399407591627715306	-0.0315194	0.000450617	0.402199
1399407591643680677	-0.0286433	0.00414249	0.400262
1399407591715657445	-0.0268378	0.00773422	0.397783
1399407591732656197	-0.0255437	0.00938429	0.394998
1399407591748641940	-0.0233065	0.0110407	0.392146
1399407591822555358	-0.021534	0.0128615	0.389135
1399407591919417867	-0.0202096	0.015454	0.386547
1399407591936414594	-0.0177338	0.0184669	0.384002
1399407591952471431	-0.0174908	0.0190356	0.381567
1399407592026208665	-0.0213451	0.0169613	0.379494
1399407592043333070	-0.0276616	0.0142379	0.377777
1399407592139285891	-0.0336657	0.0108934	0.377209
1399407592158185254	-0.0385063	0.00712903	0.377128
1399407592178172896	-0.0438221	0.0025062	0.37758
1399407592251280304	-0.050073	-0.00205015	0.378612
1399407592267261785	-0.0562532	-0.00420029	0.380263
1399407592284225051	-0.0615347	-0.00388084	0.38233
1399407592492875928	-0.0446186	-0.00363186	0.387712
1399407592569840634	-0.0332595	0.00104796	0.387239
1399407592609821234	-0.0247907	0.00797458	0.386126
1399407592680791373	-0.0210754	0.0144171	0.384076
1399407592696796794	-0.0215346	0.018037	0.38129
1399407592713788623	-0.0235839	0.0193745	0.378262
1399407592787901558	-0.0268703	0.0203907	0.376012
1399407592883709194	-0.0335631	0.0209183	0.37266
1399407592906738303	-0.0356457	0.0177537	0.369979
1399407592922696680	-0.0373425	0.0147133	0.367033
1399407592998498120	-0.0373438	0.0139999	0.364083
1399407593038524987	-0.0362089	0.00632259	0.361491
1399407593109503344	-0.040886	-0.00457799	0.358404
1399407593129490420	-0.0490545	-0.00466498	0.356105
1399407593207492940	-0.0552712	0.00482877	0.35564
1399407593248397597	-0.0531137	0.00515958	0.356691
1399407593319397507	-0.04141	-0.00449486	0.358216
1399407593336449113	-0.0302097	-0.00841071	0.359713
1399407593353445044	-0.0113494	-0.00312347	0.361257
1399407593450337952	0.00250137	0.00435582	0.363469
1399407593467370198	0.000689278	0.0108185	0.366009
1399407593539234030	-0.00765682	0.0141819	0.368645
1399407593555245282	-0.0149827	0.0131348	0.370796
1399407593657098403	-0.0208978	0.0148532	0.37245
1399407593673037890	-0.0209355	0.00513611	0.37217
1399407593749104871	-0.0261932	-0.00168678	0.369956
1399407593849024160	-0.023625	0.00157914	0.366974
1399407593866092591	-0.00741757	0.0193684	0.36453
1399407593883032902	0.00347855	0.0319967	0.362715
1399407593960845059	0.0013484	0.0345873	0.36216
1399407594000795732	0.00257826	0.0411373	0.36246
1399407594072750057	-0.00291647	0.0376158	0.362937
1399407594089816412	-0.0109297	0.0265109	0.363406
1399407594190695451	-0.0195514	0.0205594	0.365249
1399407594207635361	-0.0227788	0.0128397	0.368225
1399407594285737711	-0.0100841	0.0132001	0.369408
1399407594389694441	-0.00517771	0.014312	0.367745
1399407594406616421	-0.00882281	0.0172434	0.363503
1399407594499606744	-0.0265853	0.00880129	0.356482
1399407594728485918	-0.0328429	0.00363361	0.328729
1399407594821334964	-0.0461768	0.0015753	0.326088
1399407594924278785	-0.0536512	-0.00224248	0.327532
1399407594941270869	-0.0518664	0.00102994	0.330097
1399407595031151814	-0.0399546	0.00746751	0.33342
1399407595048147754	-0.0324777	0.00860955	0.338739
1399407595153000153	-0.0330066	0.00873894	0.345007
1399407595170152120	-0.0349886	0.00961211	0.351676
1399407595246861769	-0.0411199	0.0084586	0.357734
1399407595344972528	-0.049404	0.00568305	0.36412
1399407595384967670	-0.0482281	0.00666167	0.371593
1399407595460863723	-0.0327129	0.0158001	0.378985
1399407595477838636	-0.0186791	0.0240009	0.385827
1399407595569766450	-0.00609713	0.0244734	0.391652
1399407595670720878	0.00717753	0.0245439	0.39529
1399407595690768325	0.0158219	0.0258723	0.398275
1399407595709642326	0.0120176	0.0242856	0.400545
1399407595783665683	0.00173808	0.0155758	0.402398
1399407595879636591	-0.00132158	0.0106967	0.402944
1399407595896671031	-0.00267413	0.0104902	0.402043
1399407595912484128	-0.00532182	0.014267	0.40103
1399407595986409807	-0.00983942	0.0177737	0.399868
1399407596003445293	-0.0150258	0.0181853	0.39845
1399407596098438280	-0.0186366	0.0167588	0.396434
1399407596115408993	-0.0205956	0.0140979	0.395577
1399407596131425029	-0.0234566	0.00923511	0.3949
1399407596208390793	-0.0281078	0.00280437	0.394562
1399407596225297226	-0.0332359	-0.00425966	0.39437
1399407596241270183	-0.0374515	-0.0109711	0.394099
1399407596345159350	-0.04088	-0.0149717	0.394459
1399407596415191759	-0.0434419	-0.0137354	0.394542
1399407596432179577	-0.0432678	-0.0061984	0.394717
1399407596448099641	-0.0389681	0.00545723	0.395207
1399407596524117017	-0.0318533	0.0156663	0.395686
1399407596565235616	-0.0238073	0.0200255	0.396517
1399407596640139961	-0.0175844	0.0180575	0.396804
1399407596656036614	-0.0159357	0.0113951	0.396508
1399407596673006018	-0.0178994	0.00592753	0.395828
1399407596751920826	-0.0197938	0.00496856	0.395381
1399407596768980089	-0.0224251	0.00627535	0.395758
1399407596869900191	-0.0280071	0.00609067	0.395982
1399407596889806642	-0.0349529	0.00385829	0.395592
1399407596960776163	-0.0404092	0.00415484	0.394459
1399407596977673883	-0.0428581	0.00894498	0.393949
1399407596993735061	-0.0423751	0.0157421	0.395263
1399407597096626064	-0.0396566	0.0225706	0.39736
1399407597168593620	-0.0357879	0.0271452	0.400106
1399407597185689607	-0.0309076	0.0288586	0.40276
1399407597201605072	-0.025148	0.029488	0.404829
1399407597277505184	-0.0225625	0.028877	0.406284
1399407597294554365	-0.0255721	0.0260823	0.407692
1399407597399474046	-0.0321628	0.0234626	0.409081
1399407597415451820	-0.0379247	0.0244066	0.410388
1399407597489395377	-0.0417083	0.0280844	0.411369
1399407597506431475	-0.0429992	0.0314269	0.41285
1399407597523327608	-0.0434441	0.0332597	0.413449
1399407597620329702	-0.0437814	0.0340035	0.413273
1399407597637239047	-0.0424286	0.0355049	0.412838
1399407597709233528	-0.0364339	0.0367454	0.412583
1399407597726242516	-0.0284577	0.0356242	0.412663
1399407597742171040	-0.022167	0.0335894	0.412194
1399407597816160510	-0.0150846	0.0310949	0.410486
1399407597912084061	-0.00508288	0.0267381	0.407651
1399407597928082114	0.00587061	0.0210647	0.404301
1399407597945064649	0.0132544	0.0171448	0.401488
1399407598021016532	0.0155515	0.0169164	0.398789
1399407598040991589	0.0149408	0.0195467	0.396066
1399407598135805220	0.0122295	0.0234636	0.393412
1399407598151776896	0.00776445	0.0257356	0.390427
1399407598168756287	0.00115123	0.0273202	0.387871
1399407598243831937	-0.00596573	0.0278746	0.384705
1399407598260744487	-0.0118865	0.0260787	0.381741
1399407598276776990	-0.0161106	0.0229656	0.379158
1399407598376737921	-0.016351	0.0184623	0.377086
1399407598449663593	-0.0109889	0.0125893	0.375405
1399407598465602432	-0.00454685	0.0112573	0.373641
1399407598482564035	-0.00312083	0.0187137	0.371829
1399407598582628731	3.01807e-05	0.0239124	0.369899
1399407598599599607	0.0121018	0.0241149	0.367175
1399407598669480049	0.0198126	0.0245817	0.36231
1399407598686513282	0.0168746	0.0224452	0.356387
1399407598787475293	0.00988815	0.0196495	0.350634
1399407598803392585	-0.00233372	0.0192732	0.345292
1399407598872415361	-0.0216794	0.0151633	0.342612
1399407598890275790	-0.0483706	0.00820807	0.343318
1399407598988379441	-0.0664248	0.00779326	0.346565
1399407599008106467	-0.066283	0.0111458	0.351402
1399407599024303123	-0.0531538	0.00926901	0.356653
1399407599098146437	-0.0466136	0.00510004	0.360978
1399407599195185724	-0.0393314	0.00630926	0.363878
1399407599210959710	-0.0265341	0.0134916	0.365844
1399407599227958106	-0.0243376	0.0111719	0.367879
1399407599301924597	-0.0281686	0.000640627	0.369774
1399407599341876264	-0.0309564	-0.00645663	0.370154
1399407599412970458	-0.0465761	-0.00964045	0.368562
1399407599430213355	-0.0682888	-0.00829685	0.365695
1399407599446881326	-0.0723052	-0.00358211	0.363684
1399407599544832583	-0.0635774	-0.00283501	0.362536
1399407599560806242	-0.0559372	-0.00465476	0.361606
1399407599632790780	-0.050478	-0.00403023	0.360494
1399407599649784954	-0.0366723	6.47027e-05	0.359257
1399407599751624771	-0.0298527	0.00051879	0.358408
1399407599770656508	-0.0356676	0.00553097	0.357319
1399407599841506532	-0.0506804	0.00572911	0.35763
1399407599858575366	-0.0649075	0.00182268	0.358854
1399407599875545068	-0.0687957	0.00346077	0.359688
1399407599972565500	-0.0679043	0.00761802	0.360311
1399407599989665789	-0.0619502	0.00952762	0.361629
1399407600066367619	-0.0460137	0.00700324	0.363193
1399407600083394508	-0.0257009	0.00341622	0.364719
1399407600160295188	-0.0102871	0.00378898	0.365914
1399407600201441352	-0.0028368	0.00915964	0.366807
1399407600276221599	-0.0010626	0.0159302	0.368202
1399407600293281071	-0.00333741	0.0190645	0.369367
1399407600310166260	-0.00736857	0.0186695	0.370275
1399407600389295674	-0.0101005	0.0186154	0.37107
1399407600405180747	-0.00826648	0.0212824	0.37126
1399407600506114416	-0.00350959	0.0242184	0.371696
1399407600523160658	0.000775116	0.0236513	0.371969
1399407600596951252	0.00188598	0.0205077	0.371963
1399407600615223917	0.00302227	0.0199888	0.37151
1399407600631031715	0.00817492	0.024485	0.370531
1399407600731750220	0.0157406	0.0294167	0.369519
1399407600800750564	0.0226268	0.0306785	0.367833
1399407600817653710	0.0225775	0.0294184	0.365572
1399407600834685024	0.0174865	0.0298102	0.363327
1399407600912598727	0.0140699	0.0336888	0.361317
1399407600930621588	0.0135041	0.0359144	0.360127
1399407601025563310	0.0127852	0.0338838	0.358317
1399407601041558540	0.0102865	0.03076	0.356172
1399407601058485960	0.00530399	0.0279363	0.354049
1399407601134405905	-0.000778348	0.0254935	0.352707
1399407601150401606	-0.00532584	0.023106	0.352004
1399407601250357800	-0.00708054	0.0207881	0.351637
1399407601267310993	-0.00687549	0.0192837	0.351628
1399407601343308243	-0.00590363	0.0192749	0.351606
1399407601360314756	-0.00278794	0.0200381	0.351495
1399407601376266061	0.0041201	0.0210381	0.351626
1399407601448275093	0.0111176	0.022266	0.351841
1399407601552187402	0.013309	0.0228243	0.352441
1399407601569123355	0.0100583	0.0209648	0.353596
1399407601585153117	0.00577739	0.0179817	0.355698
1399407601661088722	0.00286576	0.0165006	0.358739
1399407601678040646	-0.00075087	0.0166807	0.361947
1399407601776111923	-0.00464031	0.0185332	0.365001
1399407601792090548	-0.00794446	0.0206525	0.367607
1399407601808041260	-0.0105587	0.0202401	0.369499
1399407601885023691	-0.0119176	0.0171047	0.371416
1399407601900963858	-0.0115629	0.0132699	0.372946
1399407601917925504	-0.0105266	0.0118254	0.373745
1399407602016884216	-0.00970499	0.0120568	0.373866
1399407602092746788	-0.00991635	0.0113949	0.373996
1399407602109705806	-0.0123787	0.00917386	0.3747
1399407602126662299	-0.0156943	0.00553598	0.375217
1399407602198611873	-0.0154705	0.00328365	0.375982
1399407602302549038	-0.0143	0.00186572	0.376723
1399407602318569873	-0.0143511	-0.00271943	0.377067
1399407602335528532	-0.0143546	-0.00740257	0.377607
1399407602411606316	-0.011884	-0.00815073	0.37776
1399407602427498577	-0.00731889	-0.00509356	0.377439
1399407602444411028	-0.00455819	-0.000397205	0.376444
1399407602544411167	-0.00523927	0.00407018	0.37424
1399407602560452130	-0.0081674	0.00694041	0.371426
1399407602633513963	-0.0123305	0.0085967	0.367888
1399407602649484408	-0.0174299	0.00907466	0.363962
1399407602666428570	-0.0225142	0.00874222	0.360362
1399407602766250126	-0.0272132	0.0097544	0.356412
1399407602837254355	-0.0297647	0.0114089	0.352523
1399407602853210802	-0.0299209	0.0122298	0.348521
1399407602870294364	-0.029267	0.0128861	0.345093
1399407602945230928	-0.0283669	0.0123879	0.342268
1399407602962536797	-0.025245	0.0108737	0.339707
1399407603056993672	-0.0183311	0.0113562	0.337586
1399407603072999367	-0.0111355	0.0146531	0.335645
1399407603089988210	-0.0089062	0.016479	0.334198
1399407603163988432	-0.0116886	0.0152647	0.333531
1399407603185980391	-0.0172286	0.0138659	0.333112
1399407603287057273	-0.022189	0.0160706	0.333548
1399407603304064199	-0.0270045	0.0213774	0.334601
1399407603372788727	-0.0328247	0.026008	0.336523
1399407603389925016	-0.0386883	0.0274598	0.340078
1399407603406722321	-0.0412875	0.0269433	0.344721
1399407603482789961	-0.0392729	0.026885	0.348886
1399407603597623017	-0.0268566	0.0299724	0.359608
1399407603614689171	-0.0219211	0.030424	0.365979
1399407603630588966	-0.0170504	0.0294042	0.372229
1399407603705552032	-0.0131763	0.0261325	0.37849
1399407603801500335	-0.0108188	0.0243131	0.383895
1399407603823476310	-0.00781873	0.0241159	0.388296
1399407603840424515	-0.0016733	0.0253918	0.393258
1399407603916417141	0.00681979	0.0267253	0.39723
1399407604015318624	0.0130458	0.0300749	0.400235
1399407604032281910	0.00465456	0.0336677	0.403125
1399407604048260697	-0.00456114	0.0320792	0.405148
1399407604125245971	-0.00157899	0.0284313	0.407113
1399407604165203950	0.00128511	0.0322866	0.407381
1399407604240156464	-0.00491247	0.0384144	0.405862
1399407604257129751	-0.013033	0.0413133	0.402252
1399407604273135011	-0.0084988	0.0485971	0.398442
1399407604375257638	0.00331688	0.0470802	0.394278
1399407604448147050	0.00558697	0.0394633	0.39067
1399407604465030875	0.00504075	0.026817	0.386161
1399407604481078851	0.00789486	0.0233081	0.383969
1399407604580106078	0.0126392	0.0226464	0.381509
1399407604596051402	0.00929279	0.0147755	0.377442
1399407604670168664	0.00416692	0.00719091	0.372694
1399407604685844058	0.00341383	0.00700151	0.365152
1399407604784876952	-0.00243859	0.00892034	0.357199
1399407604801988842	-0.0140023	0.00346235	0.350684
1399407604871900917	-0.0192395	0.00520174	0.344339
1399407604911759322	-0.0201106	0.0177865	0.341041
1399407604989681311	-0.0277999	0.027878	0.340687
1399407605006660127	-0.0318424	0.0287845	0.340692
1399407605107697299	-0.0214072	0.0192418	0.340304
1399407605123606933	-0.0169229	0.00567608	0.338301
1399407605197640597	-0.0176479	0.00307108	0.335879
1399407605214591890	-0.028883	0.00654154	0.334154
1399407605309493664	-0.057523	0.00785477	0.333742
1399407605326576529	-0.067733	0.0142666	0.33559
1399407605416470342	-0.0614066	0.0250612	0.340083
1399407605512414895	-0.0342928	0.0344817	0.345666
1399407605529413238	-0.0114776	0.0246768	0.351182
1399407605627349028	-0.00667965	0.0209518	0.353644
1399407605746263111	-0.0189434	0.0323777	0.356706
1399407605766232635	-0.025795	0.0412218	0.361596
1399407605843175259	-0.0152761	0.0477922	0.36569
1399407605951981975	-0.00631374	0.0448645	0.367427
1399407606046833403	0.00479768	0.0363327	0.368257
1399407606069804286	0.011609	0.0314923	0.36684
1399407606086791242	0.0127889	0.0374732	0.363411
1399407606165896529	0.0111222	0.0444155	0.359481
1399407606262865012	0.00777184	0.0400361	0.354819
1399407606280209541	0.0102514	0.0333697	0.34952
1399407606378755854	0.0115656	0.0266032	0.344956
1399407606395767858	0.0152342	0.0199118	0.342445
1399407606497646110	0.019778	0.0199334	0.342859
1399407606513566750	0.0178447	0.0253453	0.34558
1399407606590514574	0.0104487	0.0302182	0.350242
1399407606622477240	0.00283878	0.0295325	0.354952
1399407606723393066	-0.00139252	0.0213454	0.35898
1399407606799478130	-0.0013353	0.0147869	0.361459
1399407606816405952	-0.00365601	0.013758	0.362816
1399407606832350794	-0.00759812	0.0152688	0.363923
1399407606937278961	-0.0138939	0.0157944	0.364987
1399407607007146156	-0.0205717	0.0158814	0.365821
1399407607024245318	-0.0263892	0.0168497	0.366113
1399407607040160516	-0.0301279	0.017082	0.365799
1399407607116009298	-0.0310439	0.0160358	0.36575
1399407607132987019	-0.0314329	0.0155437	0.365849
1399407607232956474	-0.0341636	0.0159592	0.365889
1399407607248920521	-0.0372196	0.0166263	0.366165
1399407607265924113	-0.039094	0.0169438	0.366104
1399407607338866695	-0.0401807	0.016719	0.36613
1399407607355886488	-0.0416563	0.0186789	0.365941
1399407607456751572	-0.0441136	0.0243091	0.365698
1399407607472759229	-0.04592	0.0302176	0.365979
1399407607542818322	-0.0454115	0.0320509	0.36684
1399407607558732059	-0.0445138	0.0283661	0.368263
1399407607575712219	-0.0438114	0.0224815	0.369935
1399407607651666593	-0.0423935	0.0205867	0.371407
1399407607692628076	-0.0366438	0.0227507	0.372513
1399407607767565374	-0.0261987	0.0255764	0.373591
1399407607784558338	-0.0170362	0.024706	0.374854
1399407607800525534	-0.0164115	0.0186365	0.375987
1399407607880547210	-0.0218235	0.0114042	0.37785
1399407607976442124	-0.0285473	0.0100079	0.380091
1399407607993419687	-0.0325488	0.0144249	0.382089
1399407608009347488	-0.0320719	0.0193241	0.384316
1399407608081430451	-0.0289054	0.0217655	0.386413
1399407608103427919	-0.0260121	0.0236139	0.388347
1399407608120403942	-0.0246384	0.0257183	0.39013
1399407608221236044	-0.0226596	0.030079	0.391545
1399407608292243485	-0.0146155	0.0347705	0.392446
1399407608309180175	-0.00414807	0.0352545	0.393051
1399407608325177725	0.00667055	0.0283875	0.393671
1399407608436231000	0.0219567	0.0121729	0.395373
1399407608506285062	0.0195867	0.00795906	0.39539
1399407608523186090	0.0138239	0.00662287	0.395828
1399407608539172664	0.00928718	0.0104969	0.397413
1399407608615988415	0.00803943	0.0170186	0.399634
1399407608633130718	0.00757377	0.0196841	0.401255
1399407608731954113	0.00582429	0.0183396	0.402639
1399407608748001012	0.00513538	0.0168419	0.404099
1399407608763955475	0.00833594	0.0165627	0.405494
1399407608837915549	0.0134151	0.0177044	0.406827
1399407608855053562	0.0187682	0.0184214	0.40795
1399407608955873613	0.0249323	0.0179162	0.40814
1399407608972838006	0.0332574	0.0179844	0.407896
1399407609047834855	0.0412586	0.0197388	0.407478
1399407609063837281	0.0432561	0.0183807	0.406663
1399407609080761205	0.0351513	0.0104343	0.405148
1399407609154670916	0.0190569	-0.000874233	0.404475
1399407609194532732	0.00527594	-0.00743415	0.404093
1399407609266493933	0.00242763	-0.00597618	0.40336
1399407609282506386	0.00558181	0.00170476	0.40166
1399407609299417908	0.00271164	0.0104539	0.399334
1399407609372474054	-0.00768585	0.0170717	0.39735
1399407609468409187	-0.0199656	0.0234899	0.394475
1399407609491346983	-0.0261074	0.0271071	0.390911
1399407609507279314	-0.0239311	0.0257294	0.387578
1399407609583299088	-0.0176618	0.0207831	0.384522
1399407609600204951	-0.0108043	0.0173937	0.381252
1399407609616226758	-0.00552847	0.0170909	0.378423
1399407609714160153	-0.00506652	0.0173828	0.376664
1399407609730204291	-0.00602687	0.0158919	0.375499
1399407609862314274	-0.00885559	0.012524	0.374618
1399407609879178725	-0.0152043	0.00933429	0.374781
1399407609939212209	-0.0244989	0.00579972	0.377099
1399407610011178704	-0.0208852	0.00624585	0.37888
1399407610028110306	-0.0139857	0.0130342	0.38029
1399407610044034241	-0.0100791	0.0248404	0.38134
1399407610117960113	-0.0108195	0.0337838	0.382625
1399407610140134108	-0.0143503	0.0383275	0.384124
1399407610241927939	-0.0166279	0.0395895	0.385491
1399407610258857022	-0.0181779	0.0385376	0.386291
1399407610332667851	-0.0216235	0.038141	0.386529
1399407610349780662	-0.0256804	0.0379557	0.386589
1399407610366625505	-0.0287892	0.0348211	0.386808
1399407610463606778	-0.0295694	0.0287943	0.387254
1399407610479540703	-0.0286601	0.0223765	0.387463
1399407610554527748	-0.0259844	0.0179253	0.387712
1399407610571516805	-0.0229357	0.0165541	0.387548
1399407610649427735	-0.0196482	0.0168393	0.387093
1399407610667434553	-0.0161768	0.0145476	0.386482
1399407610765387745	-0.0156148	0.00730829	0.385695
1399407610782350466	-0.0257558	-0.00801857	0.38499
1399407610798373482	-0.0360069	-0.0135938	0.385168
1399407610875310125	-0.0331222	-0.00631637	0.386052
1399407610976316732	-0.0275601	0.00213316	0.386335
1399407610992298081	-0.0249627	0.015214	0.385746
1399407611009244739	-0.0204326	0.035325	0.386923
1399407611079208013	-0.0150083	0.0513756	0.388317
1399407611221156025	-0.0137205	0.0568784	0.389829
1399407611294986874	-0.0141558	0.0562848	0.39113
1399407611310977229	-0.0117322	0.0514642	0.392635
1399407611327930656	-0.00545372	0.0378475	0.394981
1399407611425947881	-0.000665181	0.0185812	0.397667
1399407611441867286	0.00372677	0.00758191	0.399455
1399407611513859108	0.00641922	0.00577419	0.401536
1399407611530784526	0.00923188	0.00776905	0.403218
1399407611632801738	0.00904326	0.0108333	0.404424
1399407611649891483	0.00463659	0.0171933	0.404308
1399407611718692532	-0.00206225	0.0394475	0.404016
1399407611735634853	-0.00810505	0.0746899	0.406524
1399407611831602579	-0.00997069	0.0683947	0.408161
1399407611848577144	-0.0137315	0.0474827	0.405616
1399407611864555261	-0.0112936	0.0404931	0.398506
1399407611963627920	-0.00407721	0.0379557	0.393991
1399407612040510683	0.00596633	0.0249631	0.386614
1399407612057363002	0.00460569	0.017556	0.376748
1399407612153476234	-0.00126601	0.0159426	0.366352
1399407612170429196	-0.014743	0.0100069	0.356295
1399407612186315976	-0.0354252	0.0219849	0.347734
1399407612283292586	-0.0441011	0.0309282	0.340529
1399407612300254385	-0.0521452	0.00687638	0.337946
1399407612372288799	-0.0493885	-0.000457315	0.338188
1399407612403234203	-0.0317076	0.00547777	0.339048
1399407612691998658	-0.0234809	0.000659281	0.34959
1399407612795823323	-0.0228558	0.000713075	0.350328
1399407612811892072	-0.0195986	0.00819772	0.351122
1399407612907832004	-0.013929	0.0116848	0.354025
1399407612924863338	-0.0118139	0.017063	0.356986
1399407613024643740	-0.0129173	0.0270224	0.360906
1399407613040658851	-0.011509	0.0288203	0.365336
1399407613122575896	-0.00438677	0.0247254	0.369443
1399407613219526053	0.00216984	0.0273552	0.372108
1399407613259494063	0.0056012	0.0299066	0.37394
1399407613334416126	0.00599174	0.0313388	0.375065
1399407613351391687	0.00143457	0.0375075	0.375199
1399407613443308989	-2.14174e-05	0.0408343	0.375484
1399407613544261632	0.00666008	0.0408943	0.376166
1399407613561208535	0.0125127	0.0424844	0.375317
1399407613577205703	0.0120861	0.0426738	0.372794
1399407613655184537	0.00901935	0.0388288	0.37047
1399407613761113415	0.00313266	0.0370613	0.368506
1399407613778066823	0.00109263	0.0349162	0.365513
1399407613859185080	-0.00204149	0.0329831	0.363849
1399407613876134481	-0.0058685	0.0317377	0.363111
1399407613892095766	-0.00574867	0.0332556	0.362769
1399407613988886608	-0.00236183	0.0375354	0.362902
1399407614005960680	-0.000363485	0.0410897	0.363938
1399407614074906898	6.24697e-05	0.0413064	0.365474
1399407614097945599	0.00165017	0.0407842	0.367157
1399407614114859587	0.00335547	0.0421829	0.368712
1399407614215927245	0.00186923	0.0449356	0.370169
1399407614286821122	-0.00271213	0.0468133	0.371321
1399407614303810826	-0.0088567	0.0450544	0.37207
1399407614320769787	-0.0163003	0.0385924	0.373404
1399407614395752917	-0.0244474	0.0314088	0.374588
1399407614413731085	-0.0356744	0.0254271	0.375817
1399407614512710600	-0.0479001	0.0202772	0.377041
1399407614528755228	-0.0534851	0.0175913	0.377935
1399407614545677905	-0.0488354	0.0176172	0.378802
1399407614618594044	-0.0408994	0.0173778	0.379609
1399407614635559324	-0.0368246	0.0152421	0.380141
1399407614736495952	-0.0373658	0.0127601	0.380258
1399407614752504528	-0.0416264	0.0115025	0.379844
1399407614822536691	-0.0475238	0.0109956	0.379306
1399407614842543960	-0.0517717	0.0094364	0.378435
1399407614861422370	-0.0535587	0.00733154	0.377993
1399407614935386341	-0.0540486	0.00682286	0.377403
1399407614975467550	-0.0536725	0.0061508	0.376508
1399407615046405744	-0.0522347	0.00485286	0.375956
1399407615063350619	-0.0507573	0.00423179	0.375503
1399407615079155748	-0.0493403	0.00448158	0.375134
1399407615154179696	-0.045249	0.00650113	0.374932
1399407615250287259	-0.0385731	0.00957078	0.374723
1399407615267071038	-0.031917	0.011006	0.375004
1399407615283062521	-0.0274761	0.00957328	0.375147
1399407615359137319	-0.026251	0.00654129	0.375081
1399407615376126322	-0.0254122	0.00510923	0.374804
1399407615392114131	-0.0218419	0.0073012	0.374511
1399407615495018296	-0.0178088	0.0122349	0.374315
1399407615511918561	-0.0163763	0.0170775	0.373977
1399407615588965682	-0.0175587	0.0207537	0.373782
1399407615604848579	-0.0184835	0.0246067	0.373466
1399407615681845610	-0.0191076	0.0279471	0.37254
1399407615721778553	-0.0196762	0.0293358	0.371745
1399407615793851553	-0.0188795	0.0308284	0.371156
1399407615810651147	-0.0158097	0.0341794	0.370662
1399407615826756336	-0.0104822	0.0367455	0.370104
1399407615899652621	-0.0042235	0.0363517	0.369217
1399407615917689881	0.00157017	0.0319373	0.36853
1399407616015569594	0.0062337	0.0260447	0.368112
1399407616034644776	0.00941202	0.0247409	0.368113
1399407616109553831	0.0130197	0.0297479	0.368939
1399407616126545739	0.0166146	0.0405675	0.370807
1399407616143530835	0.0168987	0.0530789	0.373579
1399407616240399449	0.0139218	0.0599475	0.375474
1399407616256405186	0.00946191	0.0607725	0.376636
1399407616327285834	0.0045998	0.0610368	0.377444
1399407616350298241	0.000892276	0.062145	0.377905
1399407616366315327	-0.000531681	0.060579	0.378141
1399407616441211507	0.000227245	0.0579696	0.378034
1399407616536268876	0.00104355	0.0555399	0.377681
1399407616559110039	0.000429996	0.0533251	0.377739
1399407616576187487	-0.000251493	0.0513488	0.378362
1399407616651155059	0.000701207	0.0461063	0.379098
1399407616669136246	0.00249563	0.0355208	0.379231
1399407616763882130	0.00617993	0.0254277	0.378714
1399407616781021633	0.010609	0.0210271	0.377804
1399407616797038078	0.0149293	0.0221091	0.377372
1399407616873958747	0.0192228	0.0269787	0.377146
1399407616890055990	0.0196526	0.0326415	0.376456
1399407616906843182	0.0153285	0.0336181	0.375134
1399407617005895368	0.00802316	0.0287528	0.373779
1399407617073819215	0.00295404	0.0220463	0.37253
1399407617096753523	0.00212628	0.0190211	0.371548
1399407617115686767	0.000536216	0.0204688	0.370688
1399407617188529524	-0.0072247	0.0246594	0.370331
1399407617229673587	-0.0189607	0.0271137	0.36993
1399407617299722988	-0.0267531	0.0269793	0.36898
1399407617316690877	-0.0272617	0.0267141	0.36813
1399407617332622660	-0.0234482	0.0253624	0.366984
1399407617406541347	-0.0219313	0.0180863	0.365739
1399407617423496755	-0.0243503	0.00708985	0.364348
1399407617525580347	-0.0287264	-0.00312083	0.363355
1399407617542547482	-0.0326582	-0.0093909	0.36261
1399407617616564689	-0.0329813	-0.0110816	0.362345
1399407617633465605	-0.0286159	-0.00914761	0.362699
1399407617649420619	-0.0231886	-0.00457869	0.363745
1399407617747188249	-0.0210092	0.00121146	0.365083
1399407617763206771	-0.0249696	0.00907491	0.367611
1399407617840178081	-0.0260349	0.0101889	0.369683
1399407617857181195	-0.0194951	0.0113668	0.370108
1399407617956026921	-0.0125675	0.0181262	0.368485
1399407617972166682	-0.0144427	0.0228891	0.366313
1399407618042091318	-0.0243605	0.0260713	0.365827
1399407618065103569	-0.0322979	0.0281087	0.366984
1399407618170048230	-0.0305834	0.0317464	0.369652
1399407618188987543	-0.0272695	0.0265266	0.371755
1399407618258951728	-0.0249418	0.0164776	0.373326
1399407618276970298	-0.0189165	0.0111798	0.374739
1399407618371803366	-0.00916622	0.00986931	0.374872
1399407618387902525	-0.00418585	0.0160815	0.373116
1399407618405108818	-0.00894187	0.0250788	0.369887
1399407618480624161	-0.00864691	0.0325506	0.366183
1399407618576531830	-0.00486025	0.0359868	0.362711
1399407618592563815	-0.0108293	0.0349912	0.359458
1399407618608568867	-0.0177679	0.0329974	0.356285
1399407618683612220	-0.0194313	0.0285252	0.353489
1399407618723567039	-0.0259738	0.030125	0.350382
1399407618795442409	-0.0370574	0.0342345	0.347279
1399407618812445301	-0.0426805	0.0328488	0.344588
1399407618828442238	-0.0412738	0.027261	0.34251
1399407618935390820	-0.0358634	0.0212789	0.34052
1399407619004435322	-0.0258966	0.0264162	0.339907
1399407619021368288	-0.0113536	0.036493	0.340876
1399407619037329446	0.00304597	0.0401818	0.344348
1399407619135285584	0.00916441	0.0441855	0.350331
1399407619152291846	0.00712754	0.0445418	0.357472
1399407619223096285	0.00688322	0.0376877	0.364154
1399407619245188109	0.00107759	0.0391329	0.369134
1399407619348065103	-0.0133591	0.0425369	0.37296
1399407619363978882	-0.026158	0.038166	0.376796
1399407619432870843	-0.0311696	0.0319863	0.381773
1399407619451109593	-0.0203951	0.0256028	0.386404
1399407619547030107	-0.00131832	0.0259951	0.388575
1399407619562955371	0.0139031	0.0328411	0.390707
1399407619579952323	0.0235853	0.0383298	0.391668
1399407619656723560	0.0219795	0.0328551	0.39216
1399407619755669622	0.0116156	0.0235072	0.392576
1399407619775668915	0.000887037	0.0239894	0.392007
1399407619794627879	-0.0146838	0.0266028	0.391991
1399407619867608972	-0.0310953	0.0222947	0.392662
1399407619907700741	-0.0359023	0.015281	0.392638
1399407619978659689	-0.0322797	0.0120308	0.392566
1399407619995650664	-0.0263525	0.0111168	0.392205
1399407620011587914	-0.0207475	0.0116711	0.391558
1399407620084480470	-0.014929	0.0128155	0.391129
1399407620101498361	-0.00831236	0.013992	0.392029
1399407620201379404	-0.00428826	0.0142812	0.392942
1399407620218481516	-0.00365835	0.0150493	0.393293
1399407620296419879	-0.0061531	0.0159612	0.393083
1399407620312412108	-0.0126392	0.0143871	0.39239
1399407620329442987	-0.0226511	0.0103604	0.391585
1399407620426273854	-0.028841	0.00695295	0.390385
1399407620443286582	-0.0274505	0.00566701	0.388928
1399407620520191118	-0.0222152	0.00538242	0.386995
1399407620537217313	-0.0178872	0.00487989	0.384769
1399407620614008123	-0.0168846	0.00329336	0.382332
1399407620630985800	-0.0180015	0.00195847	0.380026
1399407620725953892	-0.0187397	0.00434289	0.378266
1399407620742909360	-0.0206356	0.00947769	0.377345
1399407620758910205	-0.0231186	0.0141422	0.377061
1399407620834888187	-0.0265039	0.0164725	0.377653
1399407620855816378	-0.0310641	0.016332	0.378597
1399407620956750993	-0.036391	0.0159052	0.379564
1399407620973722923	-0.0415196	0.0161106	0.380583
1399407621044710329	-0.0454933	0.0159528	0.381301
1399407621061638447	-0.0465942	0.0140324	0.381851
1399407621077609166	-0.0423575	0.010294	0.382004
1399407621155567403	-0.035486	0.00505163	0.382038
1399407621254435120	-0.0295802	-0.000290707	0.382265
1399407621271457143	-0.0234298	-0.00341709	0.382611
1399407621287420194	-0.0177031	-0.00167154	0.382857
1399407621361414246	-0.0127161	0.00697006	0.383195
1399407621379321219	-0.00793795	0.0175726	0.383915
1399407621474305812	-0.00422282	0.0271208	0.384639
1399407621490266812	-0.00211505	0.0358452	0.384585
1399407621507395794	-0.00158808	0.0417068	0.384102
1399407621581364164	-0.00410732	0.0431174	0.382813
1399407621598354025	-0.00760943	0.0426406	0.380794
1399407621615285791	-0.0104272	0.040407	0.378513
1399407621712153204	-0.0119257	0.0351277	0.376396
1399407621729120563	-0.0133287	0.0283306	0.374506
1399407621806129528	-0.0147764	0.0230884	0.372925
1399407621823203116	-0.015009	0.0200458	0.371651
1399407621901112953	-0.0118778	0.0187292	0.370797
1399407621941068801	-0.00536329	0.0218065	0.370685
1399407622016860752	0.000820554	0.0285058	0.371744
1399407622036869612	0.00419975	0.0328745	0.373132
1399407622113839580	0.00580243	0.0369058	0.374371
1399407622129823337	0.00748126	0.0435673	0.375425
1399407622146837260	0.00966049	0.0496834	0.376
1399407622243706060	0.0104767	0.0514079	0.376064
1399407622260671502	0.00908392	0.0499931	0.37567
1399407622330660749	0.00334142	0.0455665	0.375299
1399407622353638669	-0.00495698	0.0397487	0.375385
1399407622369582326	-0.0132148	0.0322423	0.375456
1399407622471509553	-0.0203054	0.0214567	0.375701
1399407622541503149	-0.0258995	0.0105378	0.375857
1399407622564398904	-0.0281461	0.00349081	0.375899
1399407622581419316	-0.0199738	0.00725903	0.375678
1399407622686472987	-0.00669725	0.0141446	0.376175
1399407622756412187	0.00249811	0.0192624	0.376357
1399407622773328157	0.00513374	0.025508	0.375887
1399407622790271811	0.00306346	0.0376521	0.37638
1399407622890255894	-0.00358356	0.0507796	0.377183
1399407622907197518	-0.0144537	0.0560683	0.379659
1399407622982136565	-0.0247843	0.0513601	0.382295
1399407623001151460	-0.032918	0.0372023	0.38518
1399407623100098313	-0.037214	0.023438	0.387215
1399407623116991370	-0.0347704	0.0123891	0.388638
1399407623186065717	-0.0307758	0.00606921	0.389668
1399407623202984178	-0.0243171	0.011162	0.391439
1399407623298855817	-0.0148965	0.0167142	0.393666
1399407623314896135	-0.00501591	0.0154151	0.395095
1399407623331835017	-0.00632793	0.0103675	0.395017
1399407623408776107	-0.0204103	0.0128176	0.392685
1399407623506765500	-0.0367017	0.0169926	0.390821
1399407623523713665	-0.0500871	0.0164691	0.390425
1399407623539861410	-0.0521019	0.0168833	0.389064
1399407623616648769	-0.0465742	0.0165946	0.38698
1399407623656551487	-0.0368745	0.00837624	0.384385
1399407623726600487	-0.0273543	-0.00203193	0.380964
1399407623742529532	-0.0179856	-0.00387229	0.377566
1399407623759586297	-0.0147047	-0.00176671	0.375928
1399407623865516222	-0.0133754	-0.00244838	0.375614
1399407623935419700	-0.0117782	-0.00435488	0.377056
1399407623952328540	-0.0139739	-0.00146769	0.378987
1399407623969390284	-0.0274493	0.00232763	0.381218
1399407624067290761	-0.0373795	0.00686367	0.383934
1399407624083340549	-0.0302217	0.0122511	0.385692
1399407624155252987	-0.0148468	0.0141362	0.385833
1399407624173397144	-0.00485234	0.0169605	0.385737
1399407624267296820	0.000917396	0.0234897	0.385669
1399407624284257821	0.00444383	0.027973	0.385806
1399407624301206271	0.00306748	0.032953	0.38506
1399407624376172919	-0.000567605	0.036254	0.383278
1399407624493072725	-0.00271189	0.0383249	0.379505
1399407624510046202	-0.000516294	0.0362708	0.375
1399407624587949936	0.00254523	0.0317003	0.371074
1399407624604067222	0.00430949	0.032067	0.36754
1399407624723751306	0.00586554	0.0356827	0.363953
1399407624800662159	0.00400165	0.0349358	0.360974
1399407624817675094	-0.00167344	0.0327356	0.359094
1399407624833654004	-0.0034687	0.0338864	0.358571
1399407624907577622	-0.00371374	0.0358974	0.358718
1399407625003612518	-0.00379196	0.0370719	0.359958
1399407625026507281	-0.00421413	0.0367117	0.360525
1399407625043485752	-0.00570838	0.0367726	0.361916
1399407625118464205	-0.00888757	0.038001	0.363878
1399407625134459632	-0.0132524	0.0393753	0.366024
1399407625151392849	-0.018897	0.0399529	0.36856
1399407625248301384	-0.0245876	0.0385665	0.370573
1399407625264297990	-0.0295008	0.0355489	0.372467
1399407625342356972	-0.0342155	0.0329526	0.373858
1399407625358300882	-0.0397021	0.0318913	0.374624
1399407625436221718	-0.045526	0.0321099	0.374938
1399407625476154729	-0.0501447	0.0326496	0.375377
1399407625548164355	-0.0532475	0.0321102	0.375881
1399407625564085486	-0.0552745	0.0296824	0.376211
1399407625581077076	-0.0555864	0.0278842	0.376244
1399407625657046157	-0.0528748	0.0274516	0.376623
1399407625674170177	-0.0461923	0.0272531	0.375675
1399407625778097924	-0.0376464	0.0264547	0.374968
1399407625795144317	-0.0310888	0.0248285	0.374512
1399407625866955196	-0.0287276	0.0228077	0.374686
1399407625888903525	-0.0297163	0.0210278	0.375362
1399407625905926527	-0.0317717	0.0200371	0.376653
1399407626007832296	-0.0358476	0.0198461	0.378016
1399407626076950111	-0.0424406	0.0187538	0.378702
1399407626099695341	-0.0491797	0.0168811	0.37877
1399407626116843090	-0.0522227	0.0163424	0.378908
1399407626190859569	-0.0507298	0.0177057	0.380557
1399407626207832276	-0.0450736	0.0206835	0.382439
1399407626303713585	-0.0352375	0.0235275	0.38427
1399407626319709135	-0.0239701	0.0254895	0.385734
1399407626336684038	-0.0134132	0.0274968	0.386503
1399407626410577713	-0.00328149	0.0298543	0.385819
1399407626427617772	0.00602886	0.032783	0.38555
1399407626529558564	0.0139019	0.036266	0.385646
1399407626546495023	0.0196489	0.0403384	0.385557
1399407626620417343	0.0226933	0.0445237	0.384975
1399407626637469057	0.0172291	0.0458317	0.383983
1399407626654394504	0.00542422	0.041969	0.383465
1399407626727360817	-0.00791196	0.0350384	0.3838
1399407626768289933	-0.0199095	0.0305561	0.384148
1399407626844352274	-0.026278	0.0301379	0.383778
1399407626861287297	-0.0260258	0.0315809	0.383113
1399407626937243444	-0.0224979	0.0303993	0.382233
1399407626955120507	-0.0185577	0.0259131	0.380656
1399407627053247040	-0.0128005	0.0196462	0.378563
1399407627072021616	-0.00518132	0.0135329	0.376654
1399407627089044868	0.00254547	0.00981376	0.373803
1399407627161959917	0.00874534	0.00833803	0.37105
1399407627178983001	0.013282	0.00738674	0.368565
1399407627195080750	0.0159792	0.00838341	0.366232
1399407627296806398	0.0166783	0.011976	0.364235
1399407627369894667	0.0117058	0.0161821	0.362084
1399407627386714910	0.00289889	0.0193604	0.35997
1399407627402748692	-0.0038127	0.0199261	0.358264
1399407627479856809	-0.0099405	0.0177189	0.357101
1399407627577687937	-0.021749	0.0143925	0.355918
1399407627593596535	-0.0439675	0.0105448	0.352959
1399407627610583874	-0.0570752	0.0100128	0.350285
1399407627686551043	-0.0533159	0.0129894	0.347634
1399407627726534696	-0.0375902	0.0147858	0.345414
1399407627800470831	-0.0181529	0.012442	0.343768
1399407627817389611	-0.00411446	0.0115239	0.341324
1399407627833447851	0.00238044	0.0146735	0.339657
1399407627936466588	0.00686408	0.0180315	0.338965
1399407628009480524	0.000447065	0.0271029	0.339432
1399407628028520872	-0.0144489	0.0400359	0.341093
1399407628044347798	-0.0251651	0.0473563	0.344393
1399407628142384753	-0.0307403	0.0437263	0.347745
1399407628159355618	-0.0450813	0.0302419	0.351017
1399407628230219466	-0.0602634	0.014989	0.355159
1399407628247119522	-0.0597811	0.0067716	0.359268
1399407628348969884	-0.0359107	0.0131928	0.361241
1399407628364950543	-0.00590286	0.0270539	0.362834
1399407628438944915	0.017114	0.0432215	0.364929
1399407628455865534	0.0279696	0.0559565	0.367168
1399407628550813876	0.0231979	0.0622398	0.366666
1399407628567821268	0.00416907	0.0651989	0.366242
1399407628583837780	-0.0226627	0.0662867	0.364149
1399407628657763156	-0.0455886	0.0543329	0.3615
1399407628755858424	-0.0652214	0.0339717	0.360691
1399407628771789681	-0.0686804	0.023237	0.360914
1399407628788789298	-0.062657	0.018962	0.359373
1399407628867773100	-0.0483836	0.0132601	0.358303
1399407628907693703	-0.0221207	0.0159012	0.357426
1399407628979705065	0.00191375	0.0298635	0.355849
1399407628995688310	0.00699495	0.0450751	0.354787
1399407629011605430	-0.00819856	0.0515005	0.355441
1399407629112581307	-0.0346073	0.0468974	0.356853
1399407629184545939	-0.0656845	0.0349529	0.358845
1399407629201429846	-0.0883757	0.0197628	0.361698
1399407629217409544	-0.0903426	0.0106469	0.363446
1399407629325303674	-0.0451989	0.00783249	0.361958
1399407629396407735	-0.0188799	0.0110827	0.360545
1399407629413331641	-0.0118384	0.0222965	0.359334
1399407629504264698	-0.0158338	0.0304083	0.359808
1399407629544160116	-0.0286679	0.0255494	0.361085
1399407629620099669	-0.0481688	0.0163692	0.362573
1399407629636099670	-0.0518624	0.0099185	0.364918
1399407629732105833	-0.0307081	0.00589894	0.367528
1399407629827951619	-0.00452695	0.010664	0.367995
1399407629843998714	0.0086309	0.0224319	0.369199
1399407629860824209	0.00937174	0.0266568	0.37006
1399407629932830591	0.0105945	0.0270389	0.370626
1399407629955802395	0.014004	0.0260784	0.371002
1399407630054711712	0.0188535	0.0251307	0.370276
1399407630071658118	0.0213147	0.0216597	0.368392
1399407630143684344	0.0201941	0.0168474	0.366115
1399407630160561757	0.0190518	0.0167926	0.363841
1399407630176598853	0.018371	0.0212223	0.361381
1399407630251551761	0.0148004	0.02693	0.358844
1399407630291511793	0.00963583	0.0316577	0.356763
1399407630362482239	0.00582975	0.0338575	0.354662
1399407630379422950	0.00370191	0.03244	0.352412
1399407630396462671	0.00270477	0.0291893	0.349704
1399407630472381588	0.00105242	0.0264206	0.346394
1399407630571320614	-0.00264872	0.025801	0.342914
1399407630588303358	-0.00823638	0.0270565	0.339555
1399407630604271848	-0.0141555	0.0275738	0.336139
1399407630680249303	-0.0191745	0.0277038	0.33315
1399407630697252282	-0.0216317	0.0292049	0.330027
1399407630714237795	-0.0213236	0.031898	0.327511
1399407630815147686	-0.0217323	0.0341338	0.325585
1399407630891056585	-0.0264089	0.0320169	0.32396
1399407630908084983	-0.0336773	0.0253518	0.322719
1399407630923965125	-0.0388901	0.0172399	0.321559
1399407630998048214	-0.041516	0.00932361	0.320191
1399407631041107119	-0.0417027	0.00354264	0.318525
1399407631111080972	-0.0402482	0.00227528	0.316522
1399407631127053692	-0.0401881	0.00578979	0.314794
1399407631143042367	-0.0425763	0.0126737	0.31382
1399407631219927017	-0.0447062	0.0231288	0.31416
1399407631236923324	-0.0418467	0.0345823	0.315436
1399407631339866345	-0.0329192	0.0425201	0.316625
1399407631355808800	-0.0233706	0.0429719	0.31745
1399407631425784011	-0.019682	0.0372933	0.3178
1399407631442723125	-0.0242095	0.0267911	0.31707
1399407631458797911	-0.0325465	0.0138183	0.315539
1399407631559739550	-0.0392048	0.00483301	0.313634
1399407631576672438	-0.0423354	0.000306353	0.312182
1399407631645605179	-0.0439433	-0.00316823	0.310702
1399407631661590087	-0.0465011	-0.00534145	0.308918
1399407631677624365	-0.0487851	0.00034304	0.306798
1399407631755548289	-0.0498454	0.0145361	0.305305
1399407631854577826	-0.04711	0.0332988	0.307008
1399407631871562426	-0.0375521	0.0517762	0.309967
1399407631887408779	-0.0263717	0.0660392	0.314144
1399407631962208180	-0.0199217	0.0731518	0.318594
1399407631989436431	-0.0196259	0.0711655	0.323239
1399407632088373934	-0.0222446	0.0649638	0.326872
1399407632105296069	-0.0233835	0.0585313	0.330745
1399407632176285714	-0.0226719	0.0511004	0.334534
1399407632199192614	-0.0206807	0.0401504	0.337941
1399407632215271526	-0.0197366	0.026212	0.341457
1399407632292151993	-0.0201923	0.0138333	0.344727
1399407632393137231	-0.0210085	0.00753026	0.348401
1399407632409089907	-0.0214136	0.00791344	0.352259
1399407632426052120	-0.0224148	0.0128985	0.356163
1399407632497104620	-0.0240595	0.021367	0.35976
1399407632520950692	-0.0255507	0.0307331	0.363518
1399407632712919185	-0.0233975	0.0368095	0.366883
1399407632729883838	-0.0159777	0.0448759	0.369938
1399407632745883161	-0.00750423	0.0595288	0.372979
1399407632821847893	-0.00150865	0.0765571	0.375766
1399407632838770477	0.00207915	0.0876613	0.378013
1399407632855781327	0.00627597	0.0909385	0.37967
1399407632956688401	0.0089897	0.0828625	0.380687
1399407632972605307	0.00660941	0.0654464	0.38089
1399407633044592623	-0.000259956	0.0475443	0.380566
1399407633061453218	-0.00694245	0.0333093	0.378784
1399407633077499380	-0.00846176	0.0246771	0.377365
1399407633178362496	-0.0050578	0.0211231	0.376812
1399407633253302441	-0.00267548	0.0202045	0.377198
1399407633275303226	-0.00377838	0.0193905	0.378429
1399407633291299922	-0.00724676	0.0183105	0.380125
1399407633364249832	-0.0105228	0.0176279	0.381453
1399407633381225051	-0.0137169	0.0156553	0.381991
1399407633482208336	-0.0162923	0.0110035	0.381722
1399407633499134295	-0.0173902	0.00505348	0.380776
1399407633568128178	-0.0180655	0.000756405	0.37952
1399407633585136257	-0.0203718	-0.000145448	0.378108
1399407633601056635	-0.0239019	0.00190625	0.376406
1399407633704951585	-0.0242446	0.00855495	0.374838
1399407633720936376	-0.0186332	0.0221304	0.373481
1399407633793960420	-0.00910255	0.0391408	0.373259
1399407633809891491	-0.000393711	0.0530672	0.373041
1399407633826923429	0.00461462	0.0610945	0.371991
1399407633900085126	0.00653969	0.0620342	0.370016
1399407633996824578	0.00653095	0.0569894	0.367085
1399407634012904240	0.00434159	0.0480876	0.363534
1399407634030190938	-0.0283105	0.0179395	0.35352
1399407634127735494	-0.0599397	0.00778169	0.346807
1399407634143743123	-0.0630203	0.00247307	0.345732
1399407634220615335	-0.0491686	-0.00698268	0.349017
1399407634316615557	-0.0243292	-0.00996211	0.355989
1399407634339677946	-0.0170731	-0.0148758	0.364987
1399407634356452015	-0.0135057	-0.0011725	0.373438
1399407634463426252	-0.00522309	0.0211113	0.380021
1399407634533365590	-0.00776251	0.0414751	0.38285
1399407634576329874	-0.0167026	0.031556	0.382045
1399407634646261396	-0.0541212	0.0118243	0.378229
1399407634663299630	-0.0871244	0.00534699	0.376329
1399407634761165482	-0.0768665	-0.00168768	0.376818
1399407634780118456	-0.0356333	-0.00479122	0.374461
1399407634866172325	-0.0268886	0.000987642	0.370673
1399407634985199552	-0.00200248	0.0145139	0.370479
1399407635001184690	0.00831804	0.0272001	0.373778
1399407635079148299	-0.025177	0.0272403	0.375311
1399407635212053014	-0.0351407	0.0125898	0.378718
1399407635283033817	-0.0243434	0.0100832	0.37854
1399407635300188419	-0.0068833	0.0167056	0.378001
1399407635402908985	0.0138059	0.0247845	0.37785
1399407635508802506	0.0152133	0.0377279	0.377801
1399407635605715413	0.0125793	0.0467448	0.378863
1399407635621678232	0.0117482	0.0427475	0.377257
1399407635746676973	0.0112538	0.0411406	0.373467
1399407635826623973	0.0206751	0.0385419	0.368159
1399407635842601163	0.0222451	0.044644	0.362881
1399407635931580078	0.0126738	0.0531668	0.35743
1399407636027291607	0.00138438	0.0524617	0.352592
1399407636044333003	-0.00774107	0.0441989	0.347015
1399407636136214397	-0.0184689	0.0301778	0.341263
1399407636153171946	-0.032402	0.0168466	0.336038
1399407636263134480	-0.0414768	0.0143668	0.332
1399407636280054809	-0.0415324	0.0199945	0.329137
1399407636357035147	-0.0390836	0.0192428	0.327438
1399407636373985049	-0.0419755	0.00810194	0.326641
1399407636489828001	-0.0528735	-0.003552	0.324927
1399407636557920774	-0.0631965	-0.00711761	0.323895
1399407636575823612	-0.0734275	-0.00757989	0.324884
1399407636671847494	-0.0771711	-0.00395482	0.328215
1399407636772915231	-0.0689849	0.000188401	0.333511
1399407636789833331	-0.0560376	0.00600766	0.338535
1399407636805610266	-0.0508091	0.00846775	0.342002
1399407636887678273	-0.0509376	0.00939291	0.344985
1399407636903695190	-0.0566691	0.0109052	0.34726
1399407637004626903	-0.064842	0.0151491	0.349089
1399407637021660573	-0.0713389	0.0212678	0.350959
1399407637090646557	-0.0731901	0.0261308	0.352746
1399407637106605351	-0.0712081	0.0263488	0.354516
1399407637123559462	-0.068945	0.0216011	0.356012
1399407637220511327	-0.0631613	0.0173925	0.356861
1399407637237472333	-0.0515481	0.0177179	0.357081
1399407637309435576	-0.0367603	0.0215937	0.357135
1399407637325413085	-0.0238717	0.025758	0.357057
1399407637342415499	-0.0161906	0.0279113	0.357479
1399407637417312204	-0.0132331	0.0301024	0.35882
1399407637457375067	-0.0130627	0.0348307	0.360883
1399407637527278390	-0.0125434	0.0407647	0.363436
1399407637544274446	-0.0087513	0.0440513	0.366442
1399407637561255796	-0.00248504	0.0443113	0.369107
1399407637636209801	0.0035481	0.041693	0.370869
1399407637732131044	0.00664723	0.0371368	0.371929
1399407637755153245	0.00761681	0.0332905	0.37308
1399407637771150506	0.0116038	0.032162	0.374468
1399407637845014641	0.0188568	0.0335416	0.376471
1399407637867078218	0.026951	0.0346355	0.37856
1399407637883997963	0.0314664	0.0330882	0.379921
1399407637985891011	0.0296255	0.0297227	0.380386
1399407638056718781	0.0232271	0.0275825	0.380112
1399407638072705032	0.0171061	0.0279503	0.379623
1399407638088694625	0.0141587	0.0288331	0.379308
1399407638165636515	0.0124754	0.0264495	0.379223
1399407638205606812	0.00990105	0.0188988	0.378575
1399407638280543646	0.00711486	0.0086056	0.377251
1399407638296536752	0.00609116	0.00101464	0.375839
1399407638313514411	0.0066793	-0.000389881	0.374512
1399407638390497490	0.00784292	0.0029038	0.373501
1399407638406569719	0.00852326	0.00889716	0.372601
1399407638505527237	0.00794118	0.0149298	0.372494
1399407638522542548	0.00497225	0.0214799	0.373167
1399407638597419859	-0.00212077	0.0290862	0.374504
1399407638613426101	-0.0112765	0.0362382	0.376315
1399407638630457462	-0.0191509	0.0422848	0.377842
1399407638728214751	-0.0257504	0.044264	0.379926
1399407638744367580	-0.0309155	0.0400672	0.381902
1399407638816272871	-0.0350972	0.0295521	0.383382
1399407638832270950	-0.0377344	0.0188713	0.384378
1399407638849262798	-0.0383701	0.0130702	0.385069
1399407638924239853	-0.0360293	0.011844	0.38415
1399407639022239832	-0.0312698	0.0118207	0.382645
1399407639045147357	-0.0278431	0.0098413	0.381556
1399407639061141816	-0.0262632	0.00588779	0.381088
1399407639139054905	-0.0244352	0.00191758	0.380877
1399407639154968165	-0.0219777	-0.00146513	0.38016
1399407639256004896	-0.0201843	-0.00468838	0.37992
1399407639272970646	-0.0197294	-0.00397425	0.380104
1399407639346841141	-0.0207059	0.00275097	0.380652
1399407639362905410	-0.0227393	0.0126151	0.381649
1399407639380080930	-0.0243909	0.0217045	0.383345
1399407639455863101	-0.0224528	0.0289644	0.385466
1399407639554731736	-0.0175964	0.0349879	0.388395
1399407639571763060	-0.0139291	0.0384967	0.391339
1399407639587739544	-0.0143037	0.0379405	0.393618
1399407639662710787	-0.0189405	0.0315281	0.394918
1399407639679628622	-0.0233826	0.022613	0.396197
1399407639775636323	-0.0235384	0.0176241	0.397403
1399407639791599123	-0.018247	0.0186625	0.397752
1399407639807630426	-0.0106834	0.0221282	0.397498
1399407639884624115	-0.00480181	0.0224888	0.396317
1399407639901612766	-0.00211407	0.017792	0.394055
1399407639917466789	-0.00273525	0.0110773	0.39108
1399407640022458868	-0.00582274	0.0068524	0.387833
1399407640092351987	-0.0115872	0.00594986	0.384991
1399407640109338320	-0.0181657	0.00670004	0.383375
1399407640125388090	-0.0221443	0.00628047	0.381989
1399407640206117221	-0.0244739	0.0043001	0.380307
1399407640306319463	-0.0273798	0.00356578	0.376488
1399407640323212854	-0.0281044	0.00585134	0.373341
1399407640339269275	-0.0267391	0.0113663	0.369771
1399407640415322783	-0.0225599	0.0195078	0.365703
1399407640432169461	-0.0166903	0.0256656	0.362354
1399407640529860331	-0.0105167	0.0266953	0.359317
1399407640547935133	-0.00440941	0.0225717	0.356266
1399407640563925938	0.00194484	0.0148773	0.353093
1399407640639922232	0.0049386	0.00713145	0.34983
1399407640656910443	0.00402699	0.00302684	0.346685
1399407640672950608	0.00216637	0.003349	0.344402
1399407640771790406	-0.00233647	0.00566202	0.34264
1399407640842961930	-0.00605569	0.00467364	0.342231
1399407640858886545	-0.00752456	0.00342887	0.343281
1399407640875825624	-0.0135846	0.00686037	0.345222
1399407640973764702	-0.0308038	0.00832471	0.347369
1399407640989755822	-0.0453455	0.00280711	0.351422
1399407641061668171	-0.0516653	0.00220603	0.356065
1399407641078593406	-0.0515525	0.00792958	0.359212
1399407641179556342	-0.0478605	0.0148023	0.36182
1399407641196413413	-0.0352396	0.0187025	0.36392
1399407641270681871	-0.0182762	0.0256345	0.364638
1399407641286583115	-0.00449996	0.0328741	0.3635
1399407641383489023	0.00355889	0.0307621	0.360439
1399407641399381711	0.00371851	0.0195714	0.357029
1399407641416486522	0.000744445	0.0174013	0.355366
1399407641492351437	-0.00662135	0.0225822	0.354978
1399407641591139523	-0.0200136	0.0196959	0.355487
1399407641608147717	-0.0342659	0.00718691	0.357217
1399407641624179277	-0.0582558	-0.00645852	0.359035
1399407641727123917	-0.0668969	-0.000926511	0.361919
1399407641744111370	-0.0498688	0.0145434	0.365912
1399407641816133427	-0.0308349	0.0259083	0.372193
1399407641915230082	-0.00499178	0.0290888	0.376768
1399407641935181109	0.0126182	0.0276587	0.379503
1399407641951127197	0.00869527	0.0269378	0.38061
1399407642026103483	-0.0078075	0.0199042	0.381715
1399407642065978999	-0.0381025	0.0115494	0.381646
1399407642136948110	-0.0549016	0.0100024	0.380578
1399407642154004417	-0.0461426	0.0125892	0.379879
1399407642255094131	-0.00568518	0.0169003	0.379668
1399407642340818838	0.0283213	0.0333425	0.376927
1399407642447739210	0.0169702	0.0272787	0.374381
1399407642490704341	-0.0108382	0.00755119	0.3738
1399407642555496019	-0.0294453	0.00748257	0.376065
1399407642662613365	-0.00746752	0.0143553	0.377992
1399407642769376351	0.00574056	0.0109682	0.380034
1399407642785422918	0.0121754	0.0168344	0.379227
1399407642877296094	-0.00339546	0.013416	0.378583
1399407642894259363	-0.0262548	0.00591776	0.378373
1399407643010221002	-0.0420358	0.000162622	0.37936
1399407643027202104	-0.0458974	0.00215664	0.379901
1399407643095255266	-0.0373006	0.0106605	0.378754
1399407643121090876	-0.0346743	0.0178732	0.377273
1399407643230058433	-0.0450556	0.0166935	0.375063
1399407643302094175	-0.0606038	0.0070471	0.371164
1399407643318083491	-0.0720302	0.00161736	0.366507
1399407643408037349	-0.0808793	0.00161965	0.362025
1399407643448017880	-0.080323	0.0046511	0.358884
1399407643523995997	-0.0748917	0.00932917	0.356393
1399407643541007779	-0.0753752	0.00931181	0.353935
1399407643623756231	-0.0753791	0.00560417	0.353157
1399407643743624795	-0.0666523	-0.00124976	0.354161
1399407643762592134	-0.0588388	-0.00936223	0.355615
1399407643836608436	-0.0501996	-0.0112471	0.357638
1399407643852565477	-0.0439463	-0.00612098	0.359367
1399407643868582105	-0.0368989	0.00426911	0.361597
1399407643972509396	-0.0284096	0.0181637	0.364452
1399407644044451690	-0.018224	0.0321375	0.36753
1399407644060399141	-0.00932962	0.0404652	0.37038
1399407644077369992	-0.00437051	0.0406799	0.372038
1399407644154344953	-0.000742339	0.0355571	0.372475
1399407644171266151	-0.000347133	0.0301367	0.372174
1399407644269207396	-0.00303596	0.0246581	0.371085
1399407644285240304	-0.00386207	0.0195184	0.369589
1399407644302231992	0.000883395	0.0157963	0.367826
1399407644381140453	0.00749909	0.0128755	0.365652
1399407644397215949	0.0117048	0.0120261	0.363006
1399407644502202705	0.0115992	0.0147093	0.359775
1399407644518065383	0.0112238	0.0217012	0.356802
1399407644592126235	0.0136428	0.0325869	0.354821
1399407644609014530	0.0173909	0.04346	0.352847
1399407644624964809	0.0183192	0.0498116	0.351254
1399407644697949879	0.015874	0.05027	0.349656
1399407644794026762	0.0114557	0.0438785	0.347881
1399407644816949955	0.0068917	0.033036	0.345799
1399407644835886886	0.00419898	0.0242506	0.344135
1399407644908907178	0.000791797	0.01937	0.342612
1399407644925900252	-0.00761241	0.0167371	0.341364
1399407645024897509	-0.0215325	0.0162806	0.340516
1399407645053373805	-0.0365453	0.01981	0.340201
1399407645117657756	-0.0457823	0.0254168	0.339609
1399407645134700587	-0.0468612	0.0322081	0.338612
1399407645151614627	-0.0427596	0.0398835	0.337051
1399407645224568956	-0.0393339	0.0456134	0.335327
1399407645271482875	-0.0404105	0.0453936	0.334341
1399407645342567017	-0.0470872	0.0396502	0.334332
1399407645359512498	-0.0547298	0.0303642	0.335594
1399407645375489150	-0.0573127	0.0200945	0.337929
1399407645450482817	-0.0549722	0.0109606	0.340996
1399407645545574568	-0.050991	0.00501283	0.342946
1399407645568284410	-0.0478441	0.00323999	0.344586
1399407645585274450	-0.047105	0.00477375	0.346086
1399407645661210997	-0.0500738	0.00621471	0.348234
1399407645678243555	-0.0559296	0.00488798	0.350996
1399407645694172837	-0.0611368	-0.00145121	0.354898
1399407645800164569	-0.0620789	-0.00847819	0.359297
1399407645870056986	-0.0579106	-0.00957935	0.362718
1399407645886083012	-0.0521946	-0.00310465	0.365291
1399407645903205912	-0.0459924	0.00630782	0.36814
1399407645980212796	-0.0404837	0.0123026	0.371554
1399407646020136773	-0.0393425	0.0113802	0.37495
1399407646099900041	-0.0424215	0.0052031	0.378225
1399407646115946241	-0.0447353	-0.000783859	0.381492
1399407646190887707	-0.0442163	-0.00284739	0.384626
1399407646206841371	-0.0397008	-0.00223074	0.386331
1399407646223846569	-0.0308596	-0.00122689	0.386969
1399407646321741046	-0.0188055	-6.81579e-05	0.386333
1399407646337671667	-0.00870804	0.00210385	0.385038
1399407646408600728	-0.00467347	0.00699894	0.383265
1399407646425666500	-0.00804047	0.0147363	0.380766
1399407646441619425	-0.0134348	0.0206456	0.377722
1399407646543600001	-0.0142366	0.0213683	0.374069
1399407646616574679	-0.0110893	0.0191497	0.36975
1399407646633430528	-0.0092011	0.0104651	0.361664
1399407646649496354	-0.0125376	-0.00229716	0.353218
1399407646752431120	-0.0158246	-0.0104256	0.346764
1399407646769423187	-0.0175768	-0.0115869	0.341848
1399407646840358957	-0.0206982	-0.0102489	0.337837
1399407646856343116	-0.023338	-0.00780177	0.33444
1399407646955286465	-0.019368	0.0057906	0.331818
1399407646972251260	-0.0136307	0.0215876	0.329238
1399407647049378691	-0.00941228	0.0349781	0.32653
1399407647065330829	-0.0122908	0.046911	0.32394
1399407647162363280	-0.0197254	0.0524009	0.321967
1399407647179315252	-0.0275558	0.0495612	0.3209
1399407647195247093	-0.0332965	0.044079	0.319203
1399407647266294286	-0.0332235	0.0371178	0.316327
1399407647362225331	-0.028476	0.031134	0.310916
1399407647379177555	-0.0224585	0.0284239	0.306676
1399407647395154943	-0.0176812	0.0282053	0.303785
1399407647470005354	-0.0121016	0.0249277	0.301278
1399407647513023690	-0.00826995	0.0161128	0.299689
1399407650572155933	-0.0113829	0.00313665	0.297914
1399407650572207420	-0.022097	-0.010128	0.297052
1399407650572228087	-0.030667	-0.0261113	0.297119
1399407650572250265	-0.0306856	-0.0433963	0.299412
1399407650572268042	-0.0274093	-0.0538596	0.304534
1399407650572285376	-0.0187397	0.0446253	0.304415
1399407650572306506	-0.00689541	0.108404	0.289461
1399407650572328686	0.012014	0.136703	0.280581
1399407650572353507	0.0338897	0.0945956	0.279224
1399407650572371799	0.0372064	0.0248063	0.282471
1399407650572389116	0.0100937	-0.0263237	0.284981
1399407650572410610	-0.0267356	-0.0464821	0.289788
1399407650572427916	-0.0566679	-0.0451288	0.296712
1399407650572445150	-0.0547952	0.00608443	0.301295
1399407650572462275	-0.00203302	0.0628657	0.290666
1399407650572483901	0.00625334	0.069508	0.296485
1399407650572506509	-0.0153507	0.0457491	0.283117
1399407650572523516	-0.0120902	0.0504695	0.279336
1399407650572545195	-0.0133898	0.0490038	0.275622
1399407650572562477	-0.0132489	0.0493404	0.271374
1399407650572579820	-0.0137383	0.0489996	0.267635
1399407650572596927	-0.013997	0.0487575	0.263878
1399407650572632543	-0.0141697	0.0488515	0.26003
1399407650572649767	-0.0143046	0.0484195	0.256508
1399407650572666281	-0.014321	0.0484764	0.252358
1399407650572683006	-0.0145731	0.0485519	0.24862
1399407650572703363	-0.0147847	0.0485114	0.244778
1399407650572719892	-0.0150026	0.048411	0.240823
1399407650572736418	-0.0151898	0.0483185	0.237276
1399407650572752919	-0.0154151	0.0483776	0.233349
1399407650572773648	-0.0156113	0.0482473	0.225812
1399407650572790711	-0.0158142	0.0482912	0.222043
1399407650572799496	-0.0158942	0.0481197	0.218668
1399407650572820221	-0.0161647	0.0480407	0.214609
1399407650572836565	-0.0162972	0.0480289	0.211
1399407650572853702	-0.0164272	0.0479566	0.207064
1399407650572870348	-0.016648	0.0478798	0.203362
1399407650572895604	-0.0170386	0.0478377	0.193832
1399407650572912252	-0.0171502	0.0476881	0.191133
1399407650572928545	-0.0172214	0.0477005	0.188793
1399407650572937086	-0.0179776	0.0477786	0.175448
1399407650572957863	-0.0201286	0.0474121	0.133093
1399407650572974412	-0.0213334	0.047298	0.110472
1399407650572990938	-0.0223783	0.0470352	0.0904656
1399407650573007320	-0.023295	0.046829	0.0702632
1399407650573027808	-0.024212	0.0466836	0.0499612
1399407650573044237	-0.0258085	0.0462355	0.0118049
1399407650573060798	-0.0265463	0.0459959	-0.00613596
1399407650573077028	-0.0271989	0.0457579	-0.0243717
1399407650573093322	-0.0278099	0.0455152	-0.042703
1399407650573114181	-0.0288939	0.0449753	-0.0772674
1399407650573130755	-0.0293807	0.0446548	-0.0935363
1399407650573147142	-0.0297929	0.0443374	-0.109776
1399407650573163586	-0.0301378	0.0440446	-0.125916
1399407650620511503	-0.0303443	0.0436862	-0.14015
1399407650636490785	-0.0306643	0.043375	-0.156127
1399407650691508226	-0.0308577	0.043031	-0.170162
