#Time	 SERVO_1	 SERVO_2	 SERVO_3	 SERVO_4
1399407576759305463	1175	1175	1175	1175
1399407576776252950	1175	1175	1175	1175
1399407576846209940	1175	1175	1175	1175
1399407576863153431	1175	1175	1175	1175
1399407576926064941	1175	1175	1175	1175
1399407576947142984	1175	1175	1175	1175
1399407576964123893	1175	1175	1175	1175
1399407577009017992	1175	1175	1175	1175
1399407577039039655	1175	1175	1175	1175
1399407577144923703	1175	1175	1175	1175
1399407577178949305	1175	1175	1175	1175
1399407577219925291	1175	1175	1175	1175
1399407577255870856	1175	1175	1175	1175
1399407577280885437	1175	1175	1175	1175
1399407577361619156	1175	1175	1175	1175
1399407577377645005	1175	1175	1175	1175
1399407577431688296	1175	1175	1175	1175
1399407577447544911	1175	1175	1175	1175
1399407577468547007	1175	1175	1175	1175
1399407577560380233	1175	1175	1175	1175
1399407577595343422	1175	1175	1175	1175
1399407577680292282	1175	1175	1175	1175
1399407577703269936	1175	1175	1175	1175
1399407577722254919	1175	1175	1175	1175
1399407577808207494	1175	1175	1175	1175
1399407577825160196	1175	1175	1175	1175
1399407577890170451	1175	1175	1175	1175
1399407577906072083	1175	1175	1175	1175
1399407577923221007	1175	1175	1175	1175
1399407578000156319	1175	1175	1175	1175
1399407578016086476	1175	1175	1175	1175
1399407578036974649	1175	1175	1175	1175
1399407578099906802	1175	1175	1175	1175
1399407578117911126	1175	1175	1175	1175
1399407578198939591	1175	1175	1175	1175
1399407578240797755	1175	1175	1175	1175
1399407578257801191	1175	1175	1175	1175
1399407578274753591	1175	1175	1175	1175
1399407578355723463	1175	1175	1175	1175
1399407578379646001	1175	1175	1175	1175
1399407578430646960	1175	1175	1175	1175
1399407578446672901	1175	1175	1175	1175
1399407578480647634	1175	1175	1175	1175
1399407578507666550	1175	1175	1175	1175
1399407578561663435	1175	1175	1175	1175
1399407578623523111	1175	1175	1175	1175
1399407578664487119	1175	1175	1175	1175
1399407578688456360	1175	1175	1175	1175
1399407578716430901	1175	1175	1175	1175
1399407578780394388	1175	1175	1175	1175
1399407578798439563	1175	1175	1175	1175
1399407578913373313	1175	1175	1175	1175
1399407578929339451	1175	1175	1175	1175
1399407578955269520	1175	1175	1175	1175
1399407579039309565	1175	1175	1175	1175
1399407579055276943	1175	1175	1175	1175
1399407579101206776	1175	1175	1175	1175
1399407579117197044	1175	1175	1175	1175
1399407579195118099	1175	1175	1175	1175
1399407579257086272	1175	1175	1175	1175
1399407579273185790	1175	1175	1175	1175
1399407579367968717	1175	1175	1175	1175
1399407579383973867	1175	1175	1175	1175
1399407579400972759	1175	1175	1175	1175
1399407579425949767	1175	1175	1175	1175
1399407579510926210	1175	1175	1175	1175
1399407579596787470	1175	1175	1175	1175
1399407579613743632	1175	1175	1175	1175
1399407579637719775	1175	1175	1175	1175
1399407579653701599	1175	1175	1175	1175
1399407579687680035	1175	1175	1175	1175
1399407579750648908	1175	1175	1175	1175
1399407579776639980	1175	1175	1175	1175
1399407579808606247	1175	1175	1175	1175
1399407579883548786	1175	1175	1175	1175
1399407579899527221	1175	1175	1175	1175
1399407579936484383	1175	1175	1175	1175
1399407579988593048	1175	1175	1175	1175
1399407580005505280	1175	1175	1175	1175
1399407580037433192	1175	1175	1175	1175
1399407580099447296	1175	1175	1175	1175
1399407580117434196	1175	1175	1175	1175
1399407580224265307	1175	1175	1175	1175
1399407580241342194	1175	1175	1175	1175
1399407580257384429	1175	1175	1175	1175
1399407580275313004	1175	1175	1175	1175
1399407580353370415	1175	1175	1175	1175
1399407580415280329	1175	1175	1175	1175
1399407580456232820	1175	1175	1175	1175
1399407580484137698	1175	1175	1175	1175
1399407580500990352	1175	1175	1175	1175
1399407580511175346	1175	1175	1175	1175
1399407580565097506	1175	1175	1175	1175
1399407580651984145	1175	1175	1175	1175
1399407580668038996	1175	1175	1175	1175
1399407580690949429	1175	1175	1175	1175
1399407580720004753	1175	1175	1175	1175
1399407580783914316	1175	1175	1175	1175
1399407580801939508	1175	1175	1175	1175
1399407580858935892	1175	1175	1175	1175
1399407580880932293	1175	1175	1175	1175
1399407580942922230	1175	1175	1175	1175
1399407580959769174	1175	1175	1175	1175
1399407581041864662	1175	1175	1175	1175
1399407581083839695	1175	1175	1175	1175
1399407581117787480	1175	1175	1175	1175
1399407581195710922	1175	1175	1175	1175
1399407581258438428	1175	1175	1175	1175
1399407581274428303	1175	1175	1175	1175
1399407581323381159	1175	1175	1175	1175
1399407581339383055	1175	1175	1175	1175
1399407581409338011	1175	1175	1175	1175
1399407581435393328	1175	1175	1175	1175
1399407581543377154	1175	1175	1175	1175
1399407581560309449	1175	1175	1175	1175
1399407581578327599	1175	1175	1175	1175
1399407581595297113	1175	1175	1175	1175
1399407581639244294	1175	1175	1175	1175
1399407581720208172	1175	1175	1175	1175
1399407581806054894	1175	1175	1175	1175
1399407581822145053	1175	1175	1175	1175
1399407581845945239	1175	1175	1175	1175
1399407581863135345	1175	1175	1175	1175
1399407581964811223	1175	1175	1175	1175
1399407581985847488	1175	1175	1175	1175
1399407582001849498	1175	1175	1175	1175
1399407582034793405	1175	1175	1175	1175
1399407582096778498	1175	1175	1175	1175
1399407582113684994	1175	1175	1175	1175
1399407582176708783	1175	1175	1175	1175
1399407582210693315	1175	1175	1175	1175
1399407582244627543	1175	1175	1175	1175
1399407582306634294	1175	1175	1175	1175
1399407582322588455	1175	1175	1175	1175
1399407582430656707	1175	1175	1175	1175
1399407582446524268	1175	1175	1175	1175
1399407582473501604	1175	1175	1175	1175
1399407582490487415	1175	1175	1175	1175
1399407582519499698	1175	1175	1175	1175
1399407582558554010	1175	1175	1175	1175
1399407582645501024	1175	1175	1175	1175
1399407582661408079	1175	1175	1175	1175
1399407582682355997	1175	1175	1175	1175
1399407582776271734	1175	1175	1175	1175
1399407582830278028	1175	1175	1175	1175
1399407582852215941	1175	1175	1175	1175
1399407582869140413	1175	1175	1175	1175
1399407582931171579	1175	1175	1175	1175
1399407582955158974	1175	1175	1175	1175
1399407583036027688	1175	1175	1175	1175
1399407583078072659	1175	1175	1175	1175
1399407583095010086	1175	1175	1175	1175
1399407583112046114	1175	1175	1175	1175
1399407583144057405	1175	1175	1175	1175
1399407583184000748	1175	1175	1175	1175
1399407583268932154	1175	1175	1175	1175
1399407583295874482	1175	1175	1175	1175
1399407583358856683	1175	1175	1175	1175
1399407583374845263	1175	1175	1175	1175
1399407583400775296	1175	1175	1175	1175
1399407583463752277	1175	1175	1175	1175
1399407583503752777	1175	1175	1175	1175
1399407583575721078	1175	1175	1175	1175
1399407583592648421	1175	1175	1175	1175
1399407583689586740	1445	1436	1443	1439
1399407583788506448	1448	1433	1442	1440
1399407583805514925	1446	1435	1441	1441
1399407583821484046	1449	1434	1442	1437
1399407583890447795	1449	1430	1444	1440
1399407583907534172	1452	1433	1445	1432
1399407583924434378	1448	1431	1442	1442
1399407584024433619	1452	1433	1439	1439
1399407584099483675	1450	1431	1441	1441
1399407584116387692	1452	1433	1439	1439
1399407584132331261	1504	1489	1492	1492
1399407584203352731	1500	1481	1484	1484
1399407584252274068	1495	1484	1484	1486
1399407584328215023	1496	1487	1485	1485
1399407584345208994	1491	1491	1465	1505
1399407584421127722	1492	1490	1467	1507
1399407584438165569	1485	1491	1481	1496
1399407584454067752	1477	1498	1492	1486
1399407584555108714	1473	1492	1473	1497
1399407584570986520	1498	1466	1477	1496
1399407584644998793	1500	1464	1465	1507
1399407584660921437	1472	1483	1462	1506
1399407584677884234	1463	1492	1477	1491
1399407584778900655	1482	1463	1465	1492
1399407584850198943	1469	1482	1483	1477
1399407584868840990	1465	1490	1470	1485
1399407584888762112	1465	1482	1462	1485
1399407584963830746	1464	1485	1460	1485
1399407584980608492	1471	1473	1451	1485
1399407585077783268	1465	1480	1458	1479
1399407585094516214	1471	1476	1463	1471
1399407585110539015	1478	1467	1460	1477
1399407585187461337	1481	1466	1455	1479
1399407585203397821	1471	1476	1460	1474
1399407585306546237	1463	1480	1460	1470
1399407585323326609	1466	1474	1464	1472
1399407585393486743	1471	1469	1461	1480
1399407585409392267	1466	1474	1464	1477
1399407585426310873	1465	1473	1463	1480
1399407585499348589	1459	1476	1462	1485
1399407585539284729	1458	1479	1462	1487
1399407585612291214	1462	1472	1470	1481
1399407585628220916	1463	1478	1474	1479
1399407585645206580	1463	1478	1469	1484
1399407585714158384	1469	1469	1472	1483
1399407585755032907	1472	1472	1479	1479
1399407585827008086	1481	1464	1471	1486
1399407585842941973	1473	1476	1477	1485
1399407585859894397	1479	1472	1472	1491
1399407585936067035	1469	1482	1476	1488
1399407585953063395	1481	1474	1480	1488
1399407586056973152	1467	1486	1468	1498
1399407586072901202	1469	1484	1478	1488
1399407586147907174	1472	1479	1481	1487
1399407586163915091	1477	1477	1483	1483
1399407586180887401	1479	1474	1472	1494
1399407586279676553	1477	1481	1478	1492
1399407586350727715	1474	1481	1482	1490
1399407586367698084	1467	1482	1485	1485
1399407586383723080	1472	1477	1483	1487
1399407586459628852	1473	1476	1478	1497
1399407586475595682	1465	1484	1478	1497
1399407586575563136	1470	1479	1477	1498
1399407586592451846	1471	1480	1480	1492
1399407586608448263	1478	1478	1480	1488
1399407586679376692	1478	1476	1477	1494
1399407586720359916	1481	1479	1482	1490
1399407586792391185	1484	1471	1477	1496
1399407586808293525	1474	1483	1476	1499
1399407586825339670	1465	1492	1478	1497
1399407586926175872	1464	1496	1477	1500
1399407587008210696	1480	1478	1481	1498
1399407587023985882	1485	1470	1482	1499
1399407587041014115	1488	1469	1480	1499
1399407587138948950	1473	1486	1487	1494
1399407587214034826	1479	1487	1481	1502
1399407587230923570	1478	1492	1469	1509
1399407587246873799	1483	1487	1481	1498
1399407587347916228	1483	1489	1479	1498
1399407587420842640	1484	1490	1474	1500
1399407587437803420	1487	1487	1487	1487
1399407587453773869	1487	1483	1488	1490
1399407587556736909	1483	1491	1476	1499
1399407587572776365	1478	1501	1468	1506
1399407587647653549	1501	1482	1452	1518
1399407587664497200	1479	1504	1472	1498
1399407587770479022	1476	1509	1472	1500
1399407587786505490	1492	1501	1478	1486
1399407587863427319	1488	1511	1463	1503
1399407587879373055	1481	1517	1472	1491
1399407587977408661	1496	1500	1481	1489
1399407587993308087	1497	1505	1494	1474
1399407588065204299	1488	1509	1484	1488
1399407588081332088	1502	1498	1468	1506
1399407588183285509	1491	1496	1480	1503
1399407588200148411	1492	1492	1472	1513
1399407588216267840	1472	1508	1497	1488
1399407588290427996	1473	1503	1496	1489
1399407588386170176	1482	1497	1502	1481
1399407588402090942	1473	1503	1500	1477
1399407588493968246	1502	1483	1484	1480
1399407588509916004	1492	1499	1469	1488
1399407588618911309	1488	1509	1477	1483
1399407588711908266	1486	1511	1459	1501
1399407588731837291	1478	1518	1461	1501
1399407588827812760	1498	1494	1481	1485
1399407588843707572	1498	1498	1479	1483
1399407588920480825	1504	1496	1469	1492
1399407588936645483	1494	1508	1470	1489
1399407588953702803	1491	1513	1484	1478
1399407589055542714	1495	1511	1478	1486
1399407589072588168	1504	1502	1473	1490
1399407589141573359	1507	1495	1469	1495
1399407589158496219	1507	1501	1469	1497
1399407589175478697	1507	1495	1467	1497
1399407589250623506	1509	1495	1465	1497
1399407589349432592	1496	1508	1473	1488
1399407589365400268	1496	1515	1476	1484
1399407589381337372	1504	1513	1477	1477
1399407589455308876	1509	1514	1481	1466
1399407589472216564	1508	1523	1479	1464
1399407589573347519	1510	1523	1472	1468
1399407589589246552	1513	1519	1469	1473
1399407589606081512	1504	1521	1472	1472
1399407589676143417	1505	1518	1473	1473
1399407589692019582	1509	1507	1465	1484
1399407589708963464	1518	1495	1454	1495
1399407589811161050	1507	1503	1471	1480
1399407589883797976	1505	1505	1481	1470
1399407589900811276	1508	1504	1474	1474
1399407589916920576	1502	1508	1473	1478
1399407589992840216	1516	1497	1453	1496
1399407590032865059	1510	1502	1469	1484
1399407590109923722	1503	1503	1480	1480
1399407590125767172	1491	1517	1490	1471
1399407590142752711	1491	1517	1485	1477
1399407590217771576	1508	1508	1474	1487
1399407590234722803	1522	1492	1472	1487
1399407590338718938	1521	1491	1479	1483
1399407590354610862	1514	1499	1481	1485
1399407590424601077	1505	1507	1482	1484
1399407590441594206	1501	1511	1473	1492
1399407590457538480	1509	1507	1462	1500
1399407590558312160	1513	1508	1469	1488
1399407590633476750	1520	1501	1471	1486
1399407590650284257	1519	1502	1478	1480
1399407590666388069	1510	1510	1476	1482
1399407590737385264	1507	1511	1461	1499
1399407590761317103	1501	1516	1459	1503
1399407590860242612	1507	1507	1462	1502
1399407590877081060	1509	1507	1468	1494
1399407590893255160	1515	1502	1468	1494
1399407590974202762	1511	1507	1462	1494
1399407590993159709	1513	1510	1452	1499
1399407591091890435	1517	1510	1446	1501
1399407591107964653	1523	1508	1450	1497
1399407591180021589	1522	1511	1460	1485
1399407591196839835	1524	1509	1454	1490
1399407591212970821	1524	1509	1447	1498
1399407591288869911	1520	1516	1458	1485
1399407591388770288	1531	1506	1464	1485
1399407591408696672	1525	1506	1468	1479
1399407591425749103	1520	1509	1460	1489
1399407591501792044	1517	1513	1453	1496
1399407591518731545	1518	1509	1467	1492
1399407591615675564	1529	1491	1467	1499
1399407591632646343	1523	1494	1480	1490
1399407591704654552	1515	1496	1480	1497
1399407591720566354	1517	1489	1477	1504
1399407591737659535	1521	1487	1480	1507
1399407591811490127	1517	1487	1485	1506
1399407591853342428	1528	1473	1480	1514
1399407591924499975	1527	1474	1481	1513
1399407591941462289	1509	1488	1484	1514
1399407591957301960	1507	1495	1484	1514
1399407592031385931	1503	1499	1487	1510
1399407592072282950	1509	1495	1477	1515
1399407592144222962	1505	1503	1474	1513
1399407592166195597	1501	1509	1473	1511
1399407592239146967	1504	1515	1478	1503
1399407592256266466	1509	1511	1483	1491
1399407592273165676	1514	1509	1479	1494
1399407592481957382	1529	1496	1477	1502
1399407592497919540	1535	1482	1483	1502
1399407592598846431	1533	1483	1483	1508
1399407592668825630	1518	1490	1500	1500
1399407592685773453	1504	1500	1500	1504
1399407592701761395	1514	1488	1501	1509
1399407592776756853	1504	1498	1507	1503
1399407592818826462	1506	1491	1496	1515
1399407592888776912	1506	1491	1492	1518
1399407592911741758	1509	1484	1498	1517
1399407592927709824	1511	1478	1489	1525
1399407593027512466	1494	1500	1486	1535
1399407593098530801	1482	1499	1502	1521
1399407593118575177	1504	1483	1523	1502
1399407593137554782	1499	1497	1518	1499
1399407593236328815	1498	1498	1477	1531
1399407593253482365	1468	1531	1504	1500
1399407593324358869	1508	1489	1489	1508
1399407593341419393	1521	1481	1466	1531
1399407593439416478	1508	1496	1494	1502
1399407593455327973	1505	1501	1492	1497
1399407593527284036	1513	1494	1479	1506
1399407593544087124	1506	1498	1485	1498
1399407593645139295	1504	1500	1486	1501
1399407593662050173	1495	1507	1477	1517
1399407593678066280	1498	1498	1495	1505
1399407593778000719	1504	1485	1505	1501
1399407593853875638	1509	1482	1504	1500
1399407593871004224	1504	1485	1492	1514
1399407593890961233	1498	1494	1506	1498
1399407593989845423	1524	1469	1495	1507
1399407594061804840	1505	1492	1489	1508
1399407594077766819	1517	1483	1483	1517
1399407594179861926	1510	1496	1488	1505
1399407594195681277	1524	1488	1480	1516
1399407594274773868	1507	1501	1474	1529
1399407594314686836	1508	1489	1495	1516
1399407594394629461	1499	1484	1501	1524
1399407594488700111	1485	1487	1510	1533
1399407594717458942	1483	1468	1531	1540
1399407594809448121	1476	1484	1523	1540
1399407594849284821	1486	1486	1526	1531
1399407594929229047	1518	1463	1514	1534
1399407594946229432	1517	1477	1504	1535
1399407595036062126	1506	1496	1508	1523
1399407595142203064	1521	1491	1506	1515
1399407595158173653	1524	1490	1490	1524
1399407595235931620	1510	1510	1504	1504
1399407595261104927	1496	1535	1511	1486
1399407595373962913	1541	1494	1479	1500
1399407595449973183	1542	1492	1485	1485
1399407595465885932	1542	1501	1468	1494
1399407595557845318	1545	1495	1459	1492
1399407595597778743	1550	1486	1461	1492
1399407595675770181	1554	1481	1457	1497
1399407595697710170	1522	1520	1477	1481
1399407595772711373	1528	1514	1459	1499
1399407595814616880	1545	1488	1458	1504
1399407595884657152	1544	1491	1477	1491
1399407595901531954	1543	1491	1485	1485
1399407595917570255	1535	1497	1484	1490
1399407595991485688	1522	1514	1488	1492
1399407596032497936	1525	1506	1483	1502
1399407596103403809	1531	1506	1481	1510
1399407596120435811	1517	1521	1481	1506
1399407596136360422	1513	1527	1480	1505
1399407596213265855	1515	1529	1478	1511
1399407596230225707	1515	1527	1478	1514
1399407596333159547	1516	1531	1483	1508
1399407596350085208	1524	1520	1490	1503
1399407596420161644	1544	1497	1497	1497
1399407596437173350	1549	1497	1496	1496
1399407596453124913	1551	1491	1480	1509
1399407596553076831	1546	1500	1466	1521
1399407596629094452	1540	1506	1473	1516
1399407596645123259	1521	1525	1477	1515
1399407596662100900	1535	1507	1482	1511
1399407596732915886	1549	1495	1479	1515
1399407596756908186	1539	1507	1489	1504
1399407596856887505	1516	1532	1474	1515
1399407596877793708	1518	1526	1481	1508
1399407596950175332	1531	1513	1485	1504
1399407596965805163	1522	1526	1488	1497
1399407596982682495	1540	1511	1482	1497
1399407597084830047	1531	1527	1487	1483
1399407597101684102	1540	1523	1472	1491
1399407597173673741	1540	1524	1464	1498
1399407597190666073	1548	1508	1473	1482
1399407597206572757	1531	1531	1473	1480
1399407597282625595	1519	1541	1480	1473
1399407597387602583	1527	1535	1479	1470
1399407597404492582	1539	1522	1485	1460
1399407597420552568	1534	1524	1467	1478
1399407597494397459	1536	1519	1473	1473
1399407597511358237	1531	1522	1472	1479
1399407597609337585	1522	1526	1478	1473
1399407597625298889	1527	1519	1473	1476
1399407597697322327	1535	1511	1461	1486
1399407597714216184	1517	1531	1478	1469
1399407597731295015	1525	1517	1474	1474
1399407597804192304	1527	1508	1463	1492
1399407597846124961	1537	1488	1442	1518
1399407597917093576	1525	1498	1450	1514
1399407597933028744	1526	1495	1459	1511
1399407597949866094	1522	1497	1464	1508
1399407598029032085	1526	1488	1483	1494
1399407598123765386	1527	1487	1467	1514
1399407598140822567	1511	1497	1476	1511
1399407598156769539	1513	1491	1488	1503
1399407598232750214	1509	1490	1480	1516
1399407598248672849	1503	1495	1474	1523
1399407598265628887	1499	1499	1483	1515
1399407598364712257	1508	1491	1461	1534
1399407598381667902	1520	1480	1454	1539
1399407598454734506	1523	1477	1487	1513
1399407598471561511	1518	1482	1503	1497
1399407598571628771	1529	1470	1473	1531
1399407598587471006	1529	1462	1479	1536
1399407598658502756	1524	1457	1497	1534
1399407598674428202	1514	1459	1496	1541
1399407598775462205	1514	1454	1501	1540
1399407598792426217	1518	1448	1498	1548
1399407598808398911	1489	1485	1508	1533
1399407598878338474	1505	1490	1514	1524
1399407598918354119	1531	1477	1499	1526
1399407598996335085	1535	1480	1484	1532
1399407599013205397	1513	1513	1504	1508
1399407599087273287	1519	1508	1500	1515
1399407599129132306	1543	1481	1500	1519
1399407599200144390	1546	1474	1486	1531
1399407599215968549	1516	1511	1484	1526
1399407599232949309	1521	1508	1479	1533
1399407599329890342	1544	1468	1458	1553
1399407599346856487	1504	1504	1508	1517
1399407599417949343	1510	1489	1513	1521
1399407599434906212	1524	1482	1496	1531
1399407599532815449	1523	1485	1487	1536
1399407599550129979	1492	1509	1503	1520
1399407599621853166	1520	1476	1499	1522
1399407599637781022	1517	1477	1489	1529
1399407599739736234	1501	1490	1509	1511
1399407599759623380	1505	1482	1509	1511
1399407599775663239	1485	1506	1508	1508
1399407599846638723	1495	1501	1509	1503
1399407599863607998	1511	1486	1506	1504
1399407599961613142	1477	1521	1532	1478
1399407599977553613	1504	1500	1487	1517
1399407600046466021	1505	1503	1459	1542
1399407600071507124	1515	1494	1470	1529
1399407600088365195	1511	1495	1492	1509
1399407600189442000	1533	1474	1489	1515
1399407600265359166	1524	1488	1491	1513
1399407600282260690	1505	1507	1494	1510
1399407600298201831	1499	1514	1489	1515
1399407600369221768	1517	1496	1491	1513
1399407600394104020	1523	1487	1517	1489
1399407600495146872	1517	1498	1497	1514
1399407600511184478	1508	1508	1490	1518
1399407600585987517	1487	1523	1501	1501
1399407600603108518	1518	1490	1502	1506
1399407600619937063	1524	1480	1506	1506
1399407600720793324	1520	1480	1472	1535
1399407600737741002	1505	1490	1488	1528
1399407600805717988	1488	1503	1509	1511
1399407600822705167	1506	1483	1516	1507
1399407600842642064	1514	1473	1513	1513
1399407600917567033	1501	1486	1499	1526
1399407601014621823	1501	1484	1501	1526
1399407601030556626	1490	1490	1510	1521
1399407601046519424	1490	1486	1518	1514
1399407601123461307	1485	1496	1513	1510
1399407601139429605	1483	1500	1513	1513
1399407601235475971	1489	1496	1508	1515
1399407601255349917	1495	1492	1509	1511
1399407601272354391	1495	1490	1507	1516
1399407601348281970	1503	1480	1499	1522
1399407601365258886	1509	1476	1490	1528
1399407601381304578	1506	1481	1491	1525
1399407601486220137	1494	1496	1502	1513
1399407601557138352	1490	1505	1502	1506
1399407601574089809	1509	1492	1491	1510
1399407601590023702	1510	1496	1491	1506
1399407601666072268	1521	1491	1488	1503
1399407601764106103	1520	1490	1494	1496
1399407601781130002	1514	1495	1489	1502
1399407601797213410	1508	1502	1489	1504
1399407601873044683	1508	1504	1481	1510
1399407601890151467	1515	1498	1481	1510
1399407601905982467	1511	1492	1495	1501
1399407602004741585	1509	1495	1494	1502
1399407602024936743	1504	1504	1495	1501
1399407602097758685	1490	1516	1490	1503
1399407602114887760	1499	1507	1487	1506
1399407602131659978	1515	1498	1488	1507
1399407602235628517	1504	1508	1488	1507
1399407602307487002	1499	1514	1476	1520
1399407602323528785	1502	1510	1472	1523
1399407602340542067	1520	1490	1473	1524
1399407602416568604	1522	1484	1484	1518
1399407602432468207	1513	1489	1494	1513
1399407602533434284	1502	1491	1500	1515
1399407602549400718	1496	1489	1494	1529
1399407602621480920	1490	1488	1502	1527
1399407602638512643	1481	1491	1508	1527
1399407602654409664	1484	1486	1513	1529
1399407602755354523	1484	1482	1522	1524
1399407602771257959	1494	1468	1520	1534
1399407602842322251	1486	1478	1524	1535
1399407602858322655	1486	1478	1523	1536
1399407602875210631	1484	1480	1515	1543
1399407602950363849	1496	1472	1516	1545
1399407602991203613	1509	1457	1515	1548
1399407603061993484	1504	1462	1526	1539
1399407603078020843	1485	1481	1529	1536
1399407603094956636	1471	1501	1529	1535
1399407603173952436	1485	1489	1531	1535
1399407603275981250	1498	1483	1536	1523
1399407603292019194	1496	1491	1540	1517
1399407603308968147	1487	1504	1532	1518
1399407603377803784	1492	1511	1517	1521
1399407603394777212	1503	1511	1508	1515
1399407603411721705	1518	1503	1499	1518
1399407603603652966	1527	1519	1484	1503
1399407603619619185	1525	1529	1478	1501
1399407603693531039	1525	1533	1479	1496
1399407603735540672	1532	1528	1482	1490
1399407603806479860	1540	1517	1476	1495
1399407603828485391	1543	1513	1472	1498
1399407603845414924	1549	1506	1460	1508
1399407603945405291	1538	1521	1488	1484
1399407604020309842	1523	1535	1494	1481
1399407604037236974	1531	1532	1476	1495
1399407604054233125	1549	1511	1460	1508
1399407604154192306	1542	1511	1496	1481
1399407604229157192	1526	1522	1496	1489
1399407604245157151	1538	1502	1505	1486
1399407604262132525	1550	1482	1489	1506
1399407604364146916	1535	1499	1499	1503
1399407604380121031	1519	1513	1486	1520
1399407604453027145	1527	1502	1491	1517
1399407604469927861	1536	1489	1498	1513
1399407604568117580	1529	1498	1494	1525
1399407604584967212	1511	1511	1501	1526
1399407604657933269	1521	1491	1508	1529
1399407604674953107	1522	1480	1509	1540
1399407604773886227	1504	1496	1516	1544
1399407604790721933	1496	1496	1492	1568
1399407604806739552	1514	1473	1518	1552
1399407604900782797	1513	1483	1520	1544
1399407604978766730	1507	1492	1540	1524
1399407604994758649	1528	1478	1525	1541
1399407605095601258	1509	1499	1509	1555
1399407605112700857	1510	1491	1522	1547
1399407605128581582	1532	1465	1516	1558
1399407605202632300	1490	1505	1547	1532
1399407605298601968	1496	1500	1538	1538
1399407605314543434	1504	1506	1533	1531
1399407605404492765	1531	1491	1550	1497
1399407605463506686	1532	1499	1505	1537
1399407605517367270	1516	1516	1501	1534
1399407605616385486	1526	1497	1520	1520
1399407605735310867	1486	1535	1543	1481
1399407605754263157	1528	1497	1502	1519
1399407605832185494	1525	1506	1509	1505
1399407605939874310	1531	1501	1487	1527
1399407605981911585	1521	1506	1491	1527
1399407606051782624	1515	1500	1506	1521
1399407606074786045	1521	1481	1514	1522
1399407606155152656	1502	1498	1521	1529
1399407606196894729	1499	1490	1505	1544
1399407606267784838	1502	1474	1515	1540
1399407606366761933	1487	1491	1515	1538
1399407606383729134	1511	1478	1500	1544
1399407606486532984	1513	1483	1496	1540
1399407606502560672	1509	1495	1515	1515
1399407606578469496	1522	1488	1514	1505
1399407606610519141	1506	1508	1496	1519
1399407606711408398	1510	1506	1491	1525
1399407606731324185	1514	1501	1487	1527
1399407606804426140	1511	1503	1500	1519
1399407606821362696	1507	1507	1497	1522
1399407606926255664	1503	1511	1499	1520
1399407606942245643	1502	1510	1501	1520
1399407607012206930	1507	1505	1509	1511
1399407607029223358	1504	1504	1498	1527
1399407607045171694	1513	1498	1502	1521
1399407607121021956	1505	1505	1507	1516
1399407607220999731	1503	1507	1509	1514
1399407607237931256	1497	1511	1497	1520
1399407607253956726	1500	1510	1504	1519
1399407607327929136	1502	1506	1505	1520
1399407607343907202	1505	1503	1518	1507
1399407607444807036	1513	1498	1528	1499
1399407607461808936	1510	1502	1513	1513
1399407607477757887	1507	1511	1509	1509
1399407607547764189	1498	1523	1496	1521
1399407607563745841	1501	1522	1510	1504
1399407607580731998	1519	1504	1509	1501
1399407607680626791	1534	1488	1500	1510
1399407607755609348	1534	1495	1489	1523
1399407607772559481	1516	1516	1491	1519
1399407607789520142	1482	1544	1492	1516
1399407607868506066	1491	1540	1500	1500
1399407607909489992	1510	1527	1513	1487
1399407607981413225	1525	1513	1507	1492
1399407607998380044	1515	1523	1490	1505
1399407608014397119	1521	1521	1492	1499
1399407608092423197	1525	1521	1496	1500
1399407608108357954	1513	1535	1513	1481
1399407608210278560	1534	1509	1508	1485
1399407608226274441	1536	1508	1514	1478
1399407608297257471	1522	1522	1482	1507
1399407608314214874	1521	1529	1471	1516
1399407608330198016	1535	1515	1464	1519
1399407608425181920	1521	1529	1489	1494
1399407608441230478	1521	1527	1478	1507
1399407608511170084	1522	1528	1492	1486
1399407608528114146	1540	1509	1499	1478
1399407608544232493	1532	1524	1484	1492
1399407608621108021	1521	1535	1479	1498
1399407608720201829	1515	1541	1481	1494
1399407608736898419	1531	1533	1479	1494
1399407608752961379	1541	1523	1471	1499
1399407608827049939	1539	1524	1488	1480
1399407608843867124	1537	1531	1471	1497
1399407608944959640	1542	1524	1469	1499
1399407608960770269	1560	1499	1473	1501
1399407608980745030	1549	1509	1479	1500
1399407609052823305	1533	1525	1470	1513
1399407609068765353	1499	1553	1486	1501
1399407609085720117	1490	1560	1496	1491
1399407609183544817	1532	1528	1479	1510
1399407609254483209	1553	1500	1474	1521
1399407609271452329	1548	1498	1496	1508
1399407609287478122	1501	1542	1522	1486
1399407609361434047	1498	1540	1532	1482
1399407609403399570	1502	1529	1525	1498
1399407609473373046	1513	1513	1513	1513
1399407609496294962	1513	1513	1491	1533
1399407609512277082	1505	1516	1501	1520
1399407609588261579	1513	1506	1501	1522
1399407609605216789	1500	1515	1520	1499
1399407609702119608	1499	1518	1518	1499
1399407609719067790	1504	1504	1501	1507
1399407609788333107	1503	1507	1496	1510
1399407609867210115	1498	1515	1504	1500
1399407609884254603	1504	1515	1501	1497
1399407609928117382	1509	1514	1487	1506
1399407609944262646	1531	1494	1480	1511
1399407610016141159	1542	1478	1501	1492
1399407610033191489	1521	1513	1500	1496
1399407610049048448	1519	1519	1504	1487
1399407610128937753	1517	1519	1499	1495
1399407610230982458	1526	1511	1476	1520
1399407610246904366	1520	1516	1491	1506
1399407610263833750	1526	1509	1523	1479
1399407610337683832	1523	1513	1517	1485
1399407610354796892	1516	1520	1497	1501
1399407610451628710	1517	1521	1490	1505
1399407610468568477	1523	1515	1488	1507
1399407610542581038	1525	1517	1499	1501
1399407610559528074	1525	1510	1506	1496
1399407610576535738	1527	1508	1497	1505
1399407610655494501	1522	1514	1482	1520
1399407610754393249	1497	1535	1482	1522
1399407610770372614	1483	1546	1495	1505
1399407610787327419	1507	1526	1498	1502
1399407610863336756	1522	1514	1489	1508
1399407610903367921	1501	1534	1486	1516
1399407610981196316	1515	1519	1500	1504
1399407610997201949	1528	1511	1499	1499
1399407611014166507	1516	1526	1490	1505
1399407611209146802	1520	1526	1498	1498
1399407611229126607	1535	1514	1508	1479
1399407611300003281	1538	1515	1491	1491
1399407611315959543	1520	1537	1467	1507
1399407611413939887	1531	1535	1465	1505
1399407611430837076	1533	1531	1477	1491
1399407611502883680	1549	1509	1468	1502
1399407611518766886	1543	1521	1477	1498
1399407611621766396	1540	1520	1477	1502
1399407611637739159	1535	1529	1483	1502
1399407611654783814	1553	1505	1517	1472
1399407611723640233	1557	1511	1502	1485
1399407611764606241	1534	1539	1481	1506
1399407611836624659	1531	1529	1492	1501
1399407611853562213	1545	1499	1498	1508
1399407611952609619	1531	1513	1496	1515
1399407611971528519	1525	1510	1492	1534
1399407612045546695	1511	1503	1526	1522
1399407612086459494	1513	1491	1516	1540
1399407612158596802	1486	1501	1524	1537
1399407612175398980	1529	1447	1558	1504
1399407612272319298	1480	1497	1515	1549
1399407612288348182	1467	1509	1519	1533
1399407612360313577	1504	1479	1524	1522
1399407612392296164	1517	1477	1489	1546
1399407612681104700	1486	1526	1511	1526
1399407612723958150	1511	1497	1520	1526
1399407612800844283	1511	1501	1510	1527
1399407612895877106	1506	1510	1500	1525
1399407612912840013	1513	1506	1511	1507
1399407613008666680	1514	1509	1507	1503
1399407613029653509	1508	1523	1480	1526
1399407613110610553	1527	1506	1479	1521
1399407613135528045	1516	1516	1491	1510
1399407613248504078	1514	1518	1486	1516
1399407613323446843	1509	1518	1496	1510
1399407613340350558	1513	1513	1504	1504
1399407613431326925	1522	1503	1489	1515
1399407613471359525	1526	1497	1480	1526
1399407613549203454	1519	1500	1498	1517
1399407613566161554	1507	1509	1492	1524
1399407613644111618	1503	1511	1499	1520
1399407613749091361	1517	1496	1496	1529
1399407613766078623	1509	1501	1495	1532
1399407613783063990	1491	1517	1505	1520
1399407613864150048	1506	1506	1502	1519
1399407613881128270	1524	1486	1497	1526
1399407613977945993	1526	1486	1499	1522
1399407613994099717	1521	1498	1496	1519
1399407614010941669	1531	1489	1489	1523
1399407614086965240	1549	1469	1478	1532
1399407614102928831	1540	1482	1492	1516
1399407614205103456	1535	1485	1502	1502
1399407614220755217	1527	1494	1497	1507
1399407614291714373	1517	1504	1492	1511
1399407614308855242	1525	1494	1476	1522
1399407614325810303	1510	1510	1488	1507
1399407614400742946	1505	1518	1499	1495
1399407614501610862	1495	1531	1507	1492
1399407614517615272	1527	1500	1485	1513
1399407614534571117	1543	1485	1482	1516
1399407614607624147	1528	1503	1479	1519
1399407614623614487	1515	1515	1486	1514
1399407614725511551	1523	1506	1492	1511
1399407614741550726	1515	1519	1510	1502
1399407614758318098	1526	1501	1498	1517
1399407614827492273	1508	1517	1498	1519
1399407614850420579	1517	1510	1498	1517
1399407614866424954	1524	1499	1500	1515
1399407614963456739	1510	1513	1498	1521
1399407615034392779	1518	1507	1496	1521
1399407615051276525	1503	1520	1507	1507
1399407615068249541	1509	1511	1504	1508
1399407615142311262	1522	1503	1501	1511
1399407615185019635	1528	1499	1488	1522
1399407615255248074	1521	1506	1488	1522
1399407615272144955	1504	1523	1488	1522
1399407615288157622	1500	1527	1497	1518
1399407615364219462	1513	1513	1496	1521
1399407615381037779	1528	1497	1492	1524
1399407615483921931	1526	1499	1502	1515
1399407615500078761	1508	1513	1504	1508
1399407615568854557	1504	1517	1506	1510
1399407615593830857	1511	1507	1509	1509
1399407615609734597	1509	1509	1507	1511
1399407615710796048	1496	1521	1498	1519
1399407615726803882	1511	1505	1502	1515
1399407615798820946	1518	1497	1504	1510
1399407615815686289	1509	1499	1492	1516
1399407615831750515	1500	1515	1500	1515
1399407615904667914	1498	1510	1482	1526
1399407616003616404	1500	1510	1486	1520
1399407616023473913	1513	1500	1499	1505
1399407616039564877	1525	1500	1492	1511
1399407616115443532	1538	1489	1508	1491
1399407616131475743	1533	1500	1503	1497
1399407616228435147	1511	1516	1492	1505
1399407616245280958	1506	1521	1491	1506
1399407616261438731	1531	1494	1517	1483
1399407616338350573	1522	1503	1502	1498
1399407616355254395	1518	1509	1496	1506
1399407616429215205	1526	1497	1503	1499
1399407616471366102	1520	1503	1502	1500
1399407616541208690	1524	1505	1516	1484
1399407616564103322	1527	1508	1505	1492
1399407616581200871	1514	1522	1497	1501
1399407616657031928	1514	1522	1481	1521
1399407616753092061	1523	1508	1488	1518
1399407616769061389	1522	1511	1497	1516
1399407616786091229	1532	1499	1476	1534
1399407616862050835	1535	1495	1498	1513
1399407616879046041	1521	1506	1500	1515
1399407616894946610	1507	1518	1498	1523
1399407616993979733	1496	1529	1490	1531
1399407617010804582	1524	1501	1481	1538
1399407617078851699	1531	1492	1489	1533
1399407617101795180	1535	1491	1519	1508
1399407617123770091	1508	1515	1528	1495
1399407617217856685	1504	1519	1519	1504
1399407617288746130	1523	1498	1503	1522
1399407617304595252	1528	1488	1516	1514
1399407617321704297	1521	1498	1497	1531
1399407617395582898	1491	1525	1502	1527
1399407617411463853	1483	1529	1499	1531
1399407617514480472	1478	1537	1514	1516
1399407617530497708	1497	1522	1511	1516
1399407617547388432	1513	1508	1510	1515
1399407617621455146	1524	1501	1504	1521
1399407617638499061	1511	1514	1501	1520
1399407617735259532	1511	1516	1513	1506
1399407617752149218	1503	1526	1506	1506
1399407617820277622	1506	1519	1491	1525
1399407617845203685	1525	1496	1498	1523
1399407617944244401	1517	1498	1499	1524
1399407617961167654	1505	1509	1516	1511
1399407617977205490	1500	1519	1514	1509
1399407618054056879	1518	1505	1509	1505
1399407618152104760	1524	1505	1507	1501
1399407618177988596	1511	1522	1488	1520
1399407618194037498	1520	1520	1496	1515
1399407618263986242	1527	1508	1489	1517
1399407618360821877	1532	1503	1492	1526
1399407618376820262	1515	1510	1511	1518
1399407618392850610	1516	1501	1519	1519
1399407618468660694	1527	1483	1503	1535
1399407618510597648	1509	1499	1509	1532
1399407618581601292	1494	1508	1517	1523
1399407618597468275	1501	1497	1499	1539
1399407618613693310	1495	1501	1508	1533
1399407618712657970	1486	1501	1532	1514
1399407618728620975	1479	1506	1527	1521
1399407618800433662	1481	1500	1524	1524
1399407618817392636	1469	1507	1515	1533
1399407618924297535	1476	1497	1522	1522
1399407618943444099	1503	1482	1520	1520
1399407619009487879	1500	1489	1494	1533
1399407619026453002	1504	1498	1492	1522
1399407619124166385	1519	1502	1506	1506
1399407619140399762	1509	1524	1488	1511
1399407619157237407	1534	1505	1474	1519
1399407619234194097	1534	1505	1516	1490
1399407619336104826	1515	1523	1504	1496
1399407619353047346	1491	1551	1511	1482
1399407619368970524	1525	1529	1479	1508
1399407619438084280	1537	1518	1472	1508
1399407619478977257	1537	1514	1485	1496
1399407619551977495	1547	1499	1478	1497
1399407619567795359	1531	1516	1480	1499
1399407619585066371	1504	1535	1476	1501
1399407619684894977	1547	1486	1471	1507
1399407619760691975	1535	1500	1495	1486
1399407619783664123	1520	1516	1495	1486
1399407619799698231	1514	1528	1492	1490
1399407619896536163	1517	1525	1495	1497
1399407619967644117	1528	1516	1484	1505
1399407619983609588	1529	1515	1495	1495
1399407620000568588	1532	1514	1496	1496
1399407620073653588	1545	1495	1472	1517
1399407620089475699	1543	1506	1472	1513
1399407620186495490	1534	1518	1484	1501
1399407620206475138	1535	1515	1494	1494
1399407620223388260	1539	1507	1489	1504
1399407620301431563	1516	1531	1496	1500
1399407620317442390	1511	1531	1498	1502
1399407620415289253	1523	1515	1496	1504
1399407620431274597	1536	1496	1484	1520
1399407620501337628	1519	1513	1496	1515
1399407620525299265	1518	1511	1499	1514
1399407620542061230	1511	1516	1500	1515
1399407620618968419	1510	1510	1495	1522
1399407620659954904	1520	1503	1508	1506
1399407620730910013	1535	1494	1503	1509
1399407620747926791	1522	1507	1502	1506
1399407620763857640	1513	1519	1497	1505
1399407620840841892	1514	1522	1495	1503
1399407620945806369	1514	1522	1503	1495
1399407620961764977	1510	1525	1498	1496
1399407620978720288	1503	1528	1504	1489
1399407621049834986	1508	1523	1487	1506
1399407621066608178	1511	1520	1481	1513
1399407621082636140	1503	1524	1474	1515
1399407621183554397	1505	1524	1479	1508
1399407621259484122	1499	1528	1470	1510
1399407621276463243	1516	1511	1488	1492
1399407621292442486	1526	1501	1480	1501
1399407621367346614	1523	1508	1477	1504
1399407621408315456	1520	1509	1486	1497
1399407621479213221	1531	1492	1484	1501
1399407621495307715	1507	1509	1484	1507
1399407621512364133	1495	1520	1487	1506
1399407621586273492	1509	1499	1495	1505
1399407621603307469	1505	1505	1496	1510
1399407621701268967	1511	1501	1492	1511
1399407621717250853	1504	1504	1504	1504
1399407621787278195	1506	1504	1501	1505
1399407621811142047	1509	1505	1502	1508
1399407621828177132	1506	1506	1484	1520
1399407621928999220	1529	1487	1497	1503
1399407622004849852	1513	1517	1481	1523
1399407622024909313	1515	1519	1487	1513
1399407622044873444	1521	1513	1497	1503
1399407622118794497	1543	1489	1503	1503
1399407622134803116	1531	1502	1495	1514
1399407622232709870	1535	1499	1494	1517
1399407622248707420	1524	1511	1501	1514
1399407622265684566	1508	1527	1503	1511
1399407622341641256	1523	1519	1506	1506
1399407622358641742	1511	1528	1497	1514
1399407622460574299	1501	1534	1487	1523
1399407622476467512	1504	1535	1497	1514
1399407622546455220	1528	1509	1496	1513
1399407622569469470	1535	1499	1494	1513
1399407622675550920	1518	1518	1476	1526
1399407622691496271	1524	1511	1489	1517
1399407622761439148	1520	1511	1498	1508
1399407622778350230	1533	1502	1510	1496
1399407622879334907	1536	1498	1510	1491
1399407622895255589	1517	1525	1501	1495
1399407622970085037	1533	1519	1492	1497
1399407622990069259	1523	1531	1479	1504
1399407623089102333	1532	1526	1478	1505
1399407623105017228	1527	1525	1476	1505
1399407623122047062	1539	1514	1485	1494
1399407623191072097	1547	1507	1489	1485
1399407623231916670	1548	1508	1474	1498
1399407623303845462	1532	1524	1441	1535
1399407623319857206	1514	1535	1492	1490
1399407623336831415	1549	1488	1492	1495
1399407623436793875	1517	1523	1498	1491
1399407623511731491	1525	1517	1498	1489
1399407623528710033	1536	1504	1490	1505
1399407623544689969	1523	1515	1490	1509
1399407623645675219	1503	1532	1488	1518
1399407623731522703	1518	1514	1503	1507
1399407623747635938	1519	1515	1506	1502
1399407623853573466	1520	1524	1488	1522
1399407623870540587	1541	1504	1462	1538
1399407623941349462	1522	1528	1496	1504
1399407623957369933	1505	1542	1502	1489
1399407624055294684	1529	1523	1486	1507
1399407624072312681	1526	1520	1476	1511
1399407624088253366	1537	1509	1473	1511
1399407624160435493	1521	1521	1491	1491
1399407624256189755	1536	1504	1491	1491
1399407624273178336	1535	1506	1487	1496
1399407624289186190	1523	1515	1481	1510
1399407624365172039	1523	1508	1503	1499
1399407624482083278	1516	1505	1501	1511
1399407624498083725	1521	1502	1499	1524
1399407624576159820	1519	1504	1502	1521
1399407624593016701	1521	1496	1510	1519
1399407624711778012	1521	1500	1504	1529
1399407624789678873	1507	1514	1509	1524
1399407624805696846	1523	1508	1514	1522
1399407624822655665	1532	1499	1513	1523
1399407624896650275	1533	1506	1510	1529
1399407624938596151	1531	1511	1507	1526
1399407625008545466	1532	1522	1500	1533
1399407625031486567	1540	1507	1505	1520
1399407625048494449	1535	1518	1506	1515
1399407625123443177	1540	1524	1513	1513
1399407625139453340	1535	1532	1507	1511
1399407625236331988	1536	1533	1502	1515
1399407625253269231	1538	1531	1501	1516
1399407625322277935	1534	1534	1509	1509
1399407625347354396	1524	1540	1520	1501
1399407625363235942	1528	1535	1513	1510
1399407625465178144	1531	1535	1511	1509
1399407625481162138	1519	1541	1510	1506
1399407625553130947	1527	1540	1506	1513
1399407625569076355	1534	1534	1507	1511
1399407625586048995	1535	1531	1506	1506
1399407625662082780	1540	1524	1491	1521
1399407625767086775	1539	1524	1490	1520
1399407625782977197	1531	1531	1495	1514
1399407625800116301	1526	1537	1500	1506
1399407625877930157	1532	1532	1491	1515
1399407625893898783	1533	1533	1496	1508
1399407625995938322	1527	1540	1503	1499
1399407626012864688	1515	1548	1501	1503
1399407626081852020	1513	1541	1495	1503
1399407626104812493	1523	1535	1491	1504
1399407626121818324	1509	1544	1504	1485
1399407626195773488	1534	1528	1482	1501
1399407626291734745	1543	1521	1473	1505
1399407626308656056	1534	1528	1485	1494
1399407626324658445	1536	1521	1483	1500
1399407626399538290	1544	1509	1481	1500
1399407626416578963	1544	1514	1482	1499
1399407626518399705	1545	1511	1485	1496
1399407626534464167	1568	1476	1476	1507
1399407626551471073	1546	1500	1491	1496
1399407626625450100	1539	1516	1503	1486
1399407626642441075	1526	1534	1495	1495
1399407626659349863	1527	1535	1498	1489
1399407626756316557	1535	1521	1503	1490
1399407626825339602	1543	1508	1504	1496
1399407626849308526	1547	1501	1497	1505
1399407626866266534	1524	1528	1505	1497
1399407626942156730	1531	1523	1495	1514
1399407626983088790	1520	1532	1503	1507
1399407627061103104	1527	1525	1496	1519
1399407627077057863	1531	1517	1502	1517
1399407627151103853	1525	1521	1502	1523
1399407627167058462	1522	1520	1509	1520
1399407627184090384	1536	1498	1491	1538
1399407627285838731	1525	1508	1505	1528
1399407627301773137	1508	1523	1525	1510
1399407627374829477	1531	1498	1514	1524
1399407627391768845	1525	1500	1499	1537
1399407627407715443	1506	1519	1506	1531
1399407627507642502	1491	1531	1527	1513
1399407627582672623	1495	1524	1528	1516
1399407627598628176	1508	1508	1523	1523
1399407627615566822	1524	1488	1513	1536
1399407627715579403	1502	1506	1520	1522
1399407627789503701	1506	1500	1507	1532
1399407627805448718	1505	1497	1518	1526
1399407627822427377	1506	1496	1514	1531
1399407627924345372	1516	1490	1503	1539
1399407627941392112	1513	1498	1524	1520
1399407628017487399	1513	1504	1531	1506
1399407628033488797	1551	1466	1499	1532
1399407628131377844	1517	1513	1496	1529
1399407628147256729	1496	1541	1507	1520
1399407628219255031	1496	1549	1513	1513
1399407628235234952	1535	1514	1494	1523
1399407628337014835	1545	1505	1495	1526
1399407628354004121	1556	1489	1494	1525
1399407628370035543	1569	1481	1482	1532
1399407628443966947	1545	1509	1510	1506
1399407628539869103	1558	1483	1492	1537
1399407628555905724	1519	1519	1526	1511
1399407628572855486	1544	1490	1521	1521
1399407628646830915	1521	1517	1507	1531
1399407628688728437	1516	1524	1516	1524
1399407628760762195	1509	1532	1540	1491
1399407628776793926	1531	1510	1509	1524
1399407628796784956	1517	1521	1501	1535
1399407628896764000	1540	1498	1495	1542
1399407628967686912	1545	1488	1494	1541
1399407628984634677	1551	1479	1505	1534
1399407629000553025	1533	1504	1517	1521
1399407629101566529	1524	1516	1523	1513
1399407629117506094	1505	1537	1514	1514
1399407629189356420	1463	1571	1553	1466
1399407629206440795	1528	1514	1498	1531
1399407629314396139	1528	1503	1477	1543
1399407629330277391	1523	1508	1505	1518
1399407629401386622	1544	1481	1511	1514
1399407629418279138	1548	1479	1498	1521
1399407629533244272	1513	1521	1501	1516
1399407629608148847	1490	1542	1529	1489
1399407629625139786	1519	1521	1503	1507
1399407629713043921	1518	1526	1476	1531
1399407629761018692	1539	1499	1484	1518
1399407629832967100	1525	1517	1506	1498
1399407629848850018	1515	1529	1508	1494
1399407629943790195	1540	1497	1490	1516
1399407629960932178	1542	1495	1491	1523
1399407630060699504	1505	1532	1507	1522
1399407630076644194	1510	1523	1507	1526
1399407630148626784	1522	1505	1508	1527
1399407630165531953	1529	1489	1511	1524
1399407630181580640	1522	1492	1525	1515
1399407630280570938	1517	1500	1528	1518
1399407630296542208	1510	1504	1524	1524
1399407630367484011	1508	1500	1513	1533
1399407630384402900	1508	1496	1511	1537
1399407630401455045	1507	1492	1521	1533
1399407630477365731	1504	1485	1532	1528
1399407630576332186	1499	1482	1528	1535
1399407630593283200	1490	1486	1535	1532
1399407630609279835	1492	1482	1531	1538
1399407630685217900	1497	1476	1533	1538
1399407630702292657	1514	1457	1535	1538
1399407630804114083	1508	1468	1543	1531
1399407630820146060	1489	1487	1540	1534
1399407630896067041	1471	1505	1535	1539
1399407630913097913	1485	1496	1535	1543
1399407630929008235	1481	1496	1528	1552
1399407631003140828	1490	1486	1522	1557
1399407631045973871	1489	1481	1531	1555
1399407631115983350	1492	1476	1543	1544
1399407631132019743	1476	1492	1544	1544
1399407631149016724	1497	1478	1551	1531
1399407631224973064	1507	1473	1540	1537
1399407631327909469	1520	1459	1523	1544
1399407631344689199	1502	1477	1506	1558
1399407631360853484	1489	1485	1517	1549
1399407631430769068	1471	1497	1526	1544
1399407631447751509	1454	1509	1527	1546
1399407631463718254	1478	1480	1525	1549
1399407631564724897	1482	1471	1535	1544
1399407631581534234	1461	1490	1518	1563
1399407631650597640	1440	1507	1521	1564
1399407631666615981	1463	1480	1542	1549
1399407631683632408	1464	1479	1549	1542
1399407631784529941	1483	1470	1555	1534
1399407631859486113	1508	1458	1537	1542
1399407631876417803	1538	1443	1550	1516
1399407631892393797	1508	1483	1535	1527
1399407631965375599	1485	1515	1527	1527
1399407631994404985	1496	1508	1532	1518
1399407632093399658	1501	1507	1523	1523
1399407632110314814	1526	1490	1516	1522
1399407632181248060	1515	1506	1501	1532
1399407632204217620	1499	1524	1494	1536
1399407632220153992	1503	1522	1498	1527
1399407632321144132	1510	1517	1507	1520
1399407632398081361	1514	1518	1501	1518
1399407632414104760	1504	1533	1500	1517
1399407632431084165	1522	1516	1519	1498
1399407632502023903	1525	1515	1517	1494
1399407632526030634	1501	1535	1483	1525
1399407632717718483	1521	1517	1491	1513
1399407632735061550	1544	1494	1513	1487
1399407632750867839	1547	1492	1520	1482
1399407632826773719	1535	1510	1513	1491
1399407632843784881	1572	1464	1531	1471
1399407632944666274	1536	1510	1495	1507
1399407632961686788	1509	1532	1490	1514
1399407633033583240	1500	1533	1489	1515
1399407633049557703	1502	1531	1499	1505
1399407633066408800	1528	1501	1487	1517
1399407633141424847	1537	1495	1491	1521
1399407633183375132	1537	1490	1495	1509
1399407633258307027	1528	1514	1505	1499
1399407633280228414	1524	1520	1503	1499
1399407633353296107	1536	1504	1492	1503
1399407633369189451	1529	1515	1499	1507
1399407633471343502	1521	1517	1492	1520
1399407633487213216	1514	1514	1490	1520
1399407633504137769	1519	1508	1492	1518
1399407633573096271	1489	1533	1504	1510
1399407633590144699	1463	1552	1494	1527
1399407633606103475	1508	1513	1508	1513
1399407633709968882	1535	1485	1510	1515
1399407633781949018	1549	1472	1514	1514
1399407633798942029	1544	1480	1508	1519
1399407633814889774	1553	1464	1531	1500
1399407633889081298	1523	1496	1511	1524
1399407633930986900	1544	1468	1523	1523
1399407634001825131	1532	1484	1505	1549
1399407634018008536	1485	1521	1540	1534
1399407634115706086	1502	1508	1541	1536
1399407634132723578	1507	1509	1535	1538
1399407634209743694	1524	1509	1517	1540
1399407634251690563	1532	1514	1499	1540
1399407634321619401	1531	1531	1508	1519
1399407634344460175	1547	1516	1501	1520
1399407634452441962	1544	1518	1509	1509
1399407634468429466	1539	1518	1511	1514
1399407634538372707	1526	1532	1504	1529
1399407634581333065	1511	1534	1525	1517
1399407634651287354	1516	1535	1531	1509
1399407634750208364	1531	1524	1509	1528
1399407634769168002	1526	1526	1516	1524
1399407634854176892	1496	1538	1524	1516
1399407634974037116	1579	1451	1478	1549
1399407634990105064	1541	1508	1509	1514
1399407635067992314	1495	1549	1546	1468
1399407635175074985	1524	1528	1501	1514
1399407635216981305	1539	1501	1496	1517
1399407635287839137	1527	1517	1504	1506
1399407635390965343	1532	1509	1481	1527
1399407635497907550	1538	1502	1502	1506
1399407635522908041	1533	1508	1496	1508
1399407635610704218	1511	1516	1495	1516
1399407635735643788	1523	1494	1499	1518
1399407635814633114	1529	1477	1478	1542
1399407635831622921	1519	1477	1517	1517
1399407635920469008	1516	1469	1524	1520
1399407635962368108	1507	1478	1508	1538
1399407636032278616	1495	1488	1515	1544
1399407636060281535	1486	1492	1516	1550
1399407636141193322	1481	1496	1531	1543
1399407636252190634	1498	1483	1536	1548
1399407636268187110	1516	1467	1535	1547
1399407636346053966	1520	1465	1521	1558
1399407636362011173	1489	1498	1519	1558
1399407636478921708	1486	1497	1531	1551
1399407636494941202	1489	1491	1520	1562
1399407636562836562	1486	1501	1534	1545
1399407636584978746	1504	1496	1524	1540
1399407636700900719	1517	1491	1505	1545
1399407636777826246	1531	1482	1500	1540
1399407636794758186	1516	1503	1503	1532
1399407636875740818	1503	1516	1518	1518
1399407636892690303	1505	1509	1520	1516
1399407636993731652	1510	1504	1531	1505
1399407637009641093	1516	1505	1526	1507
1399407637026647540	1520	1501	1508	1525
1399407637095613039	1466	1554	1535	1503
1399407637111644906	1489	1535	1511	1531
1399407637209540312	1510	1515	1506	1535
1399407637225354501	1520	1505	1506	1535
1399407637242416561	1531	1495	1507	1534
1399407637314498915	1515	1510	1494	1541
1399407637330311318	1509	1518	1503	1532
1399407637347370409	1510	1521	1515	1517
1399407637445354356	1522	1507	1520	1505
1399407637516295940	1532	1503	1507	1511
1399407637533324229	1526	1511	1499	1514
1399407637549331295	1539	1501	1497	1516
1399407637624223217	1527	1513	1491	1523
1399407637667087119	1490	1544	1520	1492
1399407637737149641	1518	1518	1501	1505
1399407637760009127	1534	1505	1496	1506
1399407637776050059	1540	1502	1479	1519
1399407637855991888	1539	1507	1480	1514
1399407637872038885	1514	1532	1485	1515
1399407637974985861	1516	1524	1497	1509
1399407637990885779	1509	1526	1509	1501
1399407638061732025	1525	1508	1504	1508
1399407638077760648	1523	1508	1497	1518
1399407638093710331	1508	1523	1488	1526
1399407638194660156	1500	1533	1494	1527
1399407638268582211	1501	1531	1485	1533
1399407638285567249	1515	1515	1500	1525
1399407638301553129	1518	1514	1511	1520
1399407638379641386	1520	1511	1511	1520
1399407638395607340	1527	1508	1517	1519
1399407638490546010	1521	1519	1505	1531
1399407638510328184	1523	1521	1525	1506
1399407638527497287	1518	1526	1533	1494
1399407638602394562	1527	1523	1529	1496
1399407638618360121	1525	1525	1531	1495
1399407638716488459	1540	1514	1531	1492
1399407638733400652	1518	1542	1513	1513
1399407638805350724	1513	1548	1504	1519
1399407638821156794	1518	1544	1511	1511
1399407638838152535	1529	1533	1517	1508
1399407638912363409	1528	1528	1523	1508
1399407638954250018	1525	1527	1518	1518
1399407639030112295	1513	1538	1518	1518
1399407639050209495	1513	1540	1521	1513
1399407639127146152	1517	1535	1513	1519
1399407639144081657	1517	1540	1482	1547
1399407639245078936	1507	1540	1495	1531
1399407639261032396	1522	1531	1514	1509
1399407639278004541	1533	1521	1510	1510
1399407639352000746	1535	1520	1516	1499
1399407639367873401	1537	1522	1510	1500
1399407639384905469	1557	1505	1507	1495
1399407639484781626	1558	1513	1499	1499
1399407639559737181	1553	1519	1505	1488
1399407639576742810	1531	1539	1501	1490
1399407639592753108	1518	1549	1496	1496
1399407639667777862	1529	1543	1491	1500
1399407639708543441	1547	1522	1492	1497
1399407639780688450	1558	1502	1495	1501
1399407639796508698	1549	1510	1500	1498
1399407639812583315	1535	1521	1491	1515
1399407639889628719	1518	1532	1497	1516
1399407639906583721	1517	1527	1504	1515
1399407640010439905	1523	1519	1510	1515
1399407640027484226	1517	1521	1520	1505
1399407640097441677	1527	1515	1513	1513
1399407640114247684	1522	1518	1506	1521
1399407640133371869	1514	1522	1508	1523
1399407640235324094	1515	1517	1517	1519
1399407640311323459	1502	1523	1525	1517
1399407640328244882	1514	1507	1531	1519
1399407640344280229	1534	1480	1535	1520
1399407640420150637	1531	1480	1529	1531
1399407640436998073	1520	1492	1536	1525
1399407640535963373	1514	1497	1521	1541
1399407640552930035	1510	1494	1501	1555
1399407640628983787	1497	1503	1516	1547
1399407640645042872	1499	1499	1531	1537
1399407640661971063	1511	1486	1531	1537
1399407640760971237	1511	1486	1532	1532
1399407640776940360	1511	1488	1524	1540
1399407640847895287	1513	1487	1514	1539
1399407640863823158	1528	1478	1516	1532
1399407640961893021	1505	1505	1532	1511
1399407640978755871	1500	1519	1510	1525
1399407640994730212	1516	1511	1510	1517
1399407641066649554	1521	1510	1518	1514
1399407641165643009	1507	1524	1524	1507
1399407641185584204	1525	1510	1508	1523
1399407641201638731	1536	1494	1525	1506
1399407641275640984	1537	1490	1517	1517
1399407641315349725	1533	1487	1518	1528
1399407641388402256	1507	1505	1509	1539
1399407641404514279	1529	1479	1509	1535
1399407641421483100	1538	1474	1526	1522
1399407641521381980	1513	1502	1525	1515
1399407641596205509	1510	1510	1498	1535
1399407641613144309	1494	1525	1517	1519
1399407641629179261	1509	1514	1521	1506
1399407641732103890	1526	1505	1508	1515
1399407641804221418	1501	1539	1513	1496
1399407641821170660	1535	1508	1487	1515
1399407641923091197	1536	1506	1486	1511
1399407641940179731	1544	1488	1488	1514
1399407641956134911	1537	1497	1484	1518
1399407642054110077	1513	1521	1507	1501
1399407642124934078	1517	1515	1508	1506
1399407642141973199	1481	1546	1534	1484
1399407642243904311	1535	1503	1485	1525
1399407642259791417	1566	1453	1498	1523
1399407642345780033	1509	1518	1514	1514
1399407642452729082	1518	1518	1496	1531
1399407642495688123	1505	1534	1522	1492
1399407642561625898	1554	1481	1480	1532
1399407642667604007	1532	1516	1487	1527
1399407642774511775	1584	1451	1469	1547
1399407642790408335	1540	1508	1498	1527
1399407642883284353	1528	1520	1502	1525
1399407642899259841	1533	1517	1497	1528
1399407643015217087	1532	1524	1510	1513
1399407643032169547	1544	1506	1509	1524
1399407643100136818	1553	1492	1508	1531
1399407643193384264	1537	1505	1518	1522
1399407643235159074	1509	1528	1517	1529
1399407643307067228	1519	1510	1520	1534
1399407643323111132	1497	1526	1535	1525
1399407643413045410	1513	1506	1525	1531
1399407643513010918	1533	1483	1519	1535
1399407643528933170	1505	1505	1523	1529
1399407643545894620	1502	1510	1525	1525
1399407643628819649	1516	1501	1492	1542
1399407643751637102	1501	1520	1492	1535
1399407643767611458	1503	1522	1494	1531
1399407643841559941	1522	1503	1499	1522
1399407643857545141	1536	1494	1505	1514
1399407643935458686	1546	1489	1498	1517
1399407643977467644	1558	1476	1497	1516
1399407644049435320	1549	1491	1507	1501
1399407644065397023	1533	1513	1494	1515
1399407644082356009	1522	1518	1482	1532
1399407644159377909	1526	1518	1502	1521
1399407644257244217	1516	1520	1509	1522
1399407644274239343	1519	1515	1504	1529
1399407644290215834	1540	1490	1496	1540
1399407644362230384	1534	1495	1487	1549
1399407644386212810	1515	1510	1495	1550
1399407644403226558	1500	1521	1511	1544
1399407644507090767	1522	1495	1525	1536
1399407644581078900	1540	1471	1529	1535
1399407644596986348	1544	1467	1518	1547
1399407644614011545	1531	1483	1522	1544
1399407644685989486	1543	1466	1531	1538
1399407644728926596	1511	1499	1513	1554
1399407644798927656	1504	1508	1503	1560
1399407644822014693	1528	1484	1507	1557
1399407644843894912	1527	1483	1518	1550
1399407644913970433	1514	1499	1528	1544
1399407644930793055	1502	1513	1538	1536
1399407645030479545	1508	1504	1549	1525
1399407645053667868	1507	1503	1537	1540
1399407645123595335	1526	1482	1532	1547
1399407645139572180	1535	1471	1535	1550
1399407645156713743	1526	1476	1549	1535
1399407645259559267	1505	1499	1539	1544
1399407645331482799	1510	1496	1550	1522
1399407645347566862	1494	1523	1538	1531
1399407645364468625	1508	1515	1522	1540
1399407645438582792	1517	1513	1508	1543
1399407645455472066	1525	1506	1507	1539
1399407645550456360	1537	1488	1504	1541
1399407645573432321	1519	1504	1502	1543
1399407645590313101	1516	1511	1515	1529
1399407645666216961	1504	1529	1515	1523
1399407645683170385	1498	1536	1500	1531
1399407645788150154	1507	1535	1484	1537
1399407645805071451	1521	1529	1497	1528
1399407645875104188	1542	1507	1503	1520
1399407645891199381	1549	1502	1509	1509
1399407645908198656	1550	1507	1497	1516
1399407645985226324	1534	1531	1497	1514
1399407646087968559	1519	1544	1497	1511
1399407646104899373	1526	1542	1492	1511
1399407646120923751	1540	1532	1495	1505
1399407646195827361	1548	1519	1489	1515
1399407646211835090	1548	1515	1483	1521
1399407646309762204	1559	1496	1472	1541
1399407646326739592	1553	1502	1494	1533
1399407646342744991	1551	1496	1510	1521
1399407646413659791	1541	1500	1534	1505
1399407646430653407	1536	1508	1524	1522
1399407646446633330	1536	1498	1511	1542
1399407646548659967	1543	1487	1513	1553
1399407646621550803	1516	1507	1518	1560
1399407646638558657	1509	1509	1516	1568
1399407646654540368	1513	1504	1526	1562
1399407646757437619	1517	1496	1528	1563
1399407646828399165	1492	1518	1536	1554
1399407646845389023	1504	1500	1531	1562
1399407646861345142	1504	1496	1546	1546
1399407646960320126	1518	1478	1538	1551
1399407646977239862	1517	1477	1535	1556
1399407647054251608	1510	1474	1549	1544
1399407647070309974	1504	1477	1544	1547
1399407647167214387	1520	1463	1556	1533
1399407647184276767	1386	1379	1447	1432
1399407647255204542	1385	1366	1439	1439
1399407647271360639	1383	1359	1436	1441
1399407647367189574	1379	1348	1429	1437
1399407647384097737	1383	1344	1433	1433
1399407647400150949	1374	1349	1417	1441
1399407647475057301	1365	1360	1416	1440
1399407647518066615	1343	1369	1411	1436
1399407650572193973	1328	1374	1414	1423
1399407650572219120	1322	1384	1394	1439
1399407650572237914	1330	1383	1378	1440
1399407650572259914	1343	1384	1378	1425
1399407650572277273	1621	1211	1614	1304
1399407650572298454	1557	1211	1601	1404
1399407650572316081	1387	1249	1417	1434
1399407650572342456	1333	1333	1325	1497
1399407650572363642	1286	1398	1321	1478
1399407650572381193	1269	1422	1381	1411
1399407650572398523	1175	1175	1175	1175
1399407650572419908	1175	1175	1175	1175
1399407650572437125	1175	1175	1175	1175
1399407650572454399	1175	1175	1175	1175
1399407650572471451	1175	1175	1175	1175
1399407650572493112	1175	1175	1175	1175
1399407650572498820	1175	1175	1175	1175
1399407650572515585	1175	1175	1175	1175
1399407650572532745	1175	1175	1175	1175
1399407650572554479	1175	1175	1175	1175
1399407650572571966	1175	1175	1175	1175
1399407650572588996	1175	1175	1175	1175
1399407650572620009	1175	1175	1175	1175
1399407650572641894	1175	1175	1175	1175
1399407650572658634	1175	1175	1175	1175
1399407650572675041	1175	1175	1175	1175
1399407650572691538	1175	1175	1175	1175
1399407650572712142	1175	1175	1175	1175
1399407650572728580	1175	1175	1175	1175
1399407650572745161	1175	1175	1175	1175
1399407650572761495	1175	1175	1175	1175
1399407650572782588	1175	1175	1175	1175
1399407650572808009	1175	1175	1175	1175
1399407650572828813	1175	1175	1175	1175
1399407650572845627	1175	1175	1175	1175
1399407650572862385	1175	1175	1175	1175
1399407650572879086	1175	1175	1175	1175
1399407650572904272	1175	1175	1175	1175
1399407650572920911	1175	1175	1175	1175
1399407650572949944	1105	1105	1105	1105
1399407650572966648	1105	1105	1105	1105
1399407650572983122	1105	1105	1105	1105
1399407650572999630	1105	1105	1105	1105
1399407650573016097	1105	1105	1105	1105
1399407650573036356	1105	1105	1105	1105
1399407650573052782	1105	1105	1105	1105
1399407650573069376	1105	1105	1105	1105
1399407650573085504	1105	1105	1105	1105
1399407650573106376	1105	1105	1105	1105
1399407650573122859	1105	1105	1105	1105
1399407650573139346	1105	1105	1105	1105
1399407650573155914	1105	1105	1105	1105
1399407650581525479	1105	1105	1105	1105
1399407650625513742	1105	1105	1105	1105
1399407650641510593	1105	1105	1105	1105
