#Time	 Roll 	 Pitch 	 Yaw
1399578099754561037	-0.00845413	-0.0286791	0.391098
1399578099770605615	-0.00849397	-0.0286733	0.391046
1399578099851561937	-0.00852393	-0.0286821	0.391018
1399578099875563113	-0.00854083	-0.0286685	0.390945
1399578099924544144	-0.00856119	-0.0286903	0.390887
1399578099968535326	-0.00854577	-0.028683	0.39098
1399578100061564260	-0.00854472	-0.028672	0.391082
1399578100079536225	-0.00851456	-0.0286476	0.391237
1399578100137563506	-0.00848805	-0.0286411	0.391354
1399578100154431589	-0.0084791	-0.0286216	0.391425
1399578100224587871	-0.00848446	-0.0286227	0.391465
1399578100243472989	-0.0084999	-0.0286218	0.391477
1399578100260471490	-0.00852092	-0.0286135	0.391482
1399578100336485824	-0.00853517	-0.0285995	0.391452
1399578100379370556	-0.00854862	-0.0285942	0.391387
1399578100396454119	-0.00856797	-0.0285791	0.391327
1399578100413456324	-0.00859144	-0.0285827	0.391264
1399578100490365497	-0.00858117	-0.0285759	0.391345
1399578100512393950	-0.00857773	-0.0286133	0.391399
1399578100572349689	-0.00854411	-0.0286117	0.391492
1399578100589378039	-0.00853897	-0.0286286	0.391587
1399578100652250115	-0.00853997	-0.0286345	0.391656
1399578100669294558	-0.00855265	-0.028636	0.391796
1399578100703278902	-0.00858968	-0.0286488	0.391925
1399578100729276903	-0.00857048	-0.0286458	0.392016
1399578100780122992	-0.008595	-0.0286355	0.392088
1399578100806176920	-0.00859904	-0.0286275	0.392111
1399578100863261549	-0.0086322	-0.0286323	0.392288
1399578100898170098	-0.00863415	-0.0286566	0.39243
1399578100969267190	-0.00864771	-0.0286552	0.392535
1399578101011153431	-0.00866512	-0.0286594	0.392571
1399578101038165721	-0.00866099	-0.0286637	0.392602
1399578101055103005	-0.00864632	-0.0286579	0.392627
1399578101169127630	-0.0086467	-0.0286321	0.392677
1399578101185087195	-0.00863045	-0.0285855	0.392694
1399578101202114446	-0.00863809	-0.0285941	0.392733
1399578101256043290	-0.00865048	-0.0285852	0.392762
1399578101273019252	-0.00864677	-0.0286019	0.392792
1399578101288983067	-0.00861627	-0.0286015	0.392798
1399578101378826299	-0.00861394	-0.02862	0.392905
1399578101394961179	-0.00862131	-0.0286234	0.393059
1399578101452930485	-0.00861583	-0.0286266	0.393217
1399578101468942062	-0.00860622	-0.028633	0.393433
1399578101535012993	-0.00858094	-0.0286923	0.393606
1399578101552001988	-0.00857258	-0.0287205	0.393546
1399578101570930244	-0.00857018	-0.0287171	0.393339
1399578101666955529	-0.00853842	-0.0287223	0.393128
1399578101713919165	-0.00851436	-0.0286784	0.392933
1399578101729856350	-0.00851516	-0.028634	0.392774
1399578101764881704	-0.00848412	-0.0286055	0.392511
1399578101780814050	-0.0084887	-0.028597	0.392204
1399578101803864807	-0.00848678	-0.0285851	0.391909
1399578101890828469	-0.00849742	-0.0285578	0.391598
1399578101906800152	-0.00851096	-0.0285247	0.391364
1399578101982880520	-0.00851307	-0.0284946	0.391163
1399578101999837692	-0.00851835	-0.028472	0.391024
1399578102079866676	-0.00851104	-0.0284424	0.390877
1399578102096786203	-0.00845907	-0.028457	0.390716
1399578102141728860	-0.00843277	-0.0284398	0.390527
1399578102158867243	-0.0084176	-0.0284469	0.390319
1399578102194798542	-0.00839363	-0.0284586	0.39009
1399578102213778473	-0.0083477	-0.0284795	0.389872
1399578102323739093	-0.00836045	-0.028483	0.389841
1399578102363727324	-0.00835346	-0.0284968	0.389818
1399578102399690840	-0.00836241	-0.0285076	0.38974
1399578102416657351	-0.00834736	-0.028509	0.389631
1399578102533633582	-0.00834791	-0.0284671	0.389534
1399578102549644766	-0.00834829	-0.0284689	0.389538
1399578102613610241	-0.00833767	-0.0284739	0.389499
1399578102630582402	-0.00830267	-0.0284569	0.389472
1399578102649530123	-0.00828714	-0.0284507	0.389437
1399578102666537880	-0.0083049	-0.0284763	0.389403
1399578102719527331	-0.00830797	-0.0284817	0.389363
1399578102766480235	-0.00831929	-0.0285142	0.389389
1399578102782516731	-0.00833018	-0.0285466	0.389413
1399578102824471980	-0.00835864	-0.0285479	0.389425
1399578102919192741	-0.00835881	-0.0285356	0.389272
1399578102936175878	-0.00838489	-0.0285334	0.389127
1399578102956185765	-0.00843022	-0.0285286	0.389051
1399578102996064387	-0.00842339	-0.0284948	0.388997
1399578103035041016	-0.00844007	-0.0284885	0.388952
1399578103052062283	-0.00841115	-0.0284971	0.388754
1399578103131038495	-0.00840444	-0.0285143	0.388591
1399578103148039309	-0.00840577	-0.0285182	0.388524
1399578103199017767	-0.00840287	-0.0285206	0.388571
1399578103245000155	-0.00840137	-0.0285276	0.388603
1399578103260971598	-0.00840424	-0.0285426	0.388495
1399578103288993842	-0.00838774	-0.028568	0.3884
1399578103347997587	-0.00837891	-0.0285847	0.388369
1399578103384924818	-0.00839598	-0.0285937	0.388459
1399578103449971960	-0.00839048	-0.0286023	0.388521
1399578103466974129	-0.00841373	-0.0286035	0.388563
1399578103550915483	-0.00841684	-0.0285932	0.388618
1399578103567913987	-0.0084612	-0.0285786	0.388606
1399578103706780882	-0.00847808	-0.0285986	0.388307
1399578103723837697	-0.00847164	-0.0285972	0.38828
1399578103760797848	-0.00849453	-0.0286207	0.388241
1399578103777789238	-0.00855006	-0.0286463	0.38825
1399578103875803417	-0.00855075	-0.0286966	0.388232
1399578103892771698	-0.0085503	-0.0287289	0.388255
1399578103903703798	-0.00855616	-0.0287106	0.388279
1399578103967734308	-0.00857653	-0.0287267	0.388264
1399578103983816750	-0.00859705	-0.0287528	0.388231
1399578104080652464	-0.00859897	-0.0288013	0.388227
1399578104129641295	-0.0086043	-0.0288203	0.388248
1399578104145652230	-0.00860491	-0.028853	0.388262
1399578104179619306	-0.0085911	-0.0288776	0.38828
1399578104196631542	-0.00862233	-0.0289095	0.388299
1399578104282656730	-0.00863316	-0.0289432	0.388283
1399578104331599354	-0.00861474	-0.0289639	0.388279
1399578104348600132	-0.00864252	-0.0289876	0.388269
1399578104364544760	-0.0086654	-0.0290248	0.388253
1399578104398534189	-0.0086748	-0.0290643	0.388252
1399578104423540579	-0.00871013	-0.0290886	0.388269
1399578104530500731	-0.00871998	-0.0291211	0.388242
1399578104571466266	-0.00873199	-0.0291872	0.388204
1399578104606415216	-0.0087482	-0.0292051	0.388219
1399578104623419688	-0.00873878	-0.0292424	0.388228
1399578104705400203	-0.00875676	-0.0292986	0.388264
1399578104752385284	-0.00875349	-0.0293153	0.388241
1399578104769383656	-0.00877019	-0.0293538	0.388213
1399578104786351688	-0.00873147	-0.0293938	0.388183
1399578104813305202	-0.00872049	-0.0294388	0.38817
1399578104896309720	-0.00871344	-0.0294828	0.388133
1399578104914292360	-0.00870783	-0.0294974	0.388156
1399578104972264891	-0.00871677	-0.02951	0.388095
1399578104989226544	-0.00874569	-0.0295137	0.388066
1399578105056269252	-0.00873517	-0.0295466	0.388018
1399578105072243978	-0.00873971	-0.029561	0.38798
1399578105102209967	-0.00875583	-0.0295938	0.38799
1399578105194158185	-0.00877913	-0.0296225	0.387945
1399578105215122359	-0.00881407	-0.029615	0.387919
1399578105234150737	-0.00882921	-0.029653	0.38791
1399578105254148864	-0.00883772	-0.0296657	0.3879
1399578105289135274	-0.00881861	-0.0296984	0.387856
1399578105329105067	-0.00883899	-0.0297061	0.387808
1399578105402049610	-0.0088425	-0.0297194	0.38774
1399578105425013281	-0.00882707	-0.0297362	0.38772
1399578105463027990	-0.0088458	-0.0297857	0.387691
1399578105490950732	-0.0088422	-0.0298003	0.387681
1399578105578981028	-0.00883828	-0.029833	0.387656
1399578105622912214	-0.00885747	-0.0298766	0.387615
1399578105648927500	-0.00887575	-0.0298837	0.387574
1399578105664910823	-0.00887003	-0.0299173	0.387547
1399578105735921375	-0.00887959	-0.0299517	0.387546
1399578105752893193	-0.0088663	-0.030001	0.387561
1399578105778880006	-0.00888869	-0.0300206	0.387552
1399578105845835208	-0.00889776	-0.0300297	0.38752
1399578105862803971	-0.00893319	-0.0300457	0.387522
1399578105890803800	-0.0089635	-0.0300488	0.387492
1399578105938760595	-0.00899216	-0.0300774	0.387496
1399578106009736195	-0.00900915	-0.0300975	0.387487
1399578106061749229	-0.00902891	-0.0301125	0.387456
1399578106079726691	-0.00905606	-0.0301214	0.387398
1399578106096718027	-0.00905584	-0.0301662	0.387365
1399578106172695069	-0.00906626	-0.0302229	0.387365
1399578106189693782	-0.00905915	-0.0302608	0.387344
1399578106212707049	-0.00907768	-0.0302909	0.387337
1399578106299687139	-0.00909038	-0.0302898	0.387321
1399578106316565763	-0.009098	-0.030336	0.387348
1399578106336700300	-0.00909119	-0.0303526	0.38738
1399578106416608588	-0.00910482	-0.0303717	0.387377
1399578106432632368	-0.00909977	-0.0304208	0.387385
1399578106493622138	-0.00910278	-0.0304227	0.387388
1399578106511533112	-0.00912411	-0.0304409	0.387436
1399578106575532843	-0.00914169	-0.0304722	0.38746
1399578106597553920	-0.00915697	-0.0305157	0.387486
1399578106623480310	-0.00914918	-0.0305451	0.387472
1399578106696483294	-0.00914429	-0.0305419	0.387428
1399578106746453870	-0.00911175	-0.0305751	0.387419
1399578106785473723	-0.00912362	-0.030597	0.387408
1399578106813455053	-0.00914227	-0.0306114	0.387379
1399578106889404660	-0.00915693	-0.0306181	0.38734
1399578106951463671	-0.00915908	-0.0306334	0.387343
1399578106968401682	-0.0091683	-0.0306662	0.387318
1399578106984411355	-0.00917307	-0.0307021	0.387242
1399578107012418215	-0.00917999	-0.0307075	0.387207
1399578107099327751	-0.00920974	-0.0307195	0.387204
1399578107122341950	-0.0092262	-0.0307422	0.387172
1399578107170309068	-0.00921621	-0.0307686	0.387129
1399578107186319655	-0.00922973	-0.030773	0.387097
1399578107212304020	-0.00923878	-0.0308037	0.387081
1399578107303255462	-0.00924888	-0.0308396	0.387037
1399578107327253343	-0.00925205	-0.0308504	0.386998
1399578107377232460	-0.00926227	-0.0308996	0.386955
1399578107393168643	-0.00930359	-0.0309354	0.386924
1399578107463186886	-0.00931293	-0.0309498	0.386893
1399578107479167539	-0.00930815	-0.0309715	0.386877
1399578107507146853	-0.0093001	-0.0309915	0.386831
1399578107535124680	-0.00929599	-0.0309935	0.386798
1399578107600083777	-0.0092975	-0.0309896	0.38675
1399578107673108263	-0.00930964	-0.0310129	0.386706
1399578107690097918	-0.00930396	-0.0310428	0.386701
1399578107706045685	-0.00932077	-0.0310486	0.386675
1399578107735036422	-0.0093206	-0.0310642	0.386672
1399578107861162776	-0.00931469	-0.0310777	0.386657
1399578107878175000	-0.00931333	-0.0310805	0.386621
1399578107894135133	-0.00930317	-0.0310999	0.38662
1399578107911108496	-0.0092731	-0.0311141	0.386612
1399578107934154091	-0.00928637	-0.0311164	0.386565
1399578107976211998	-0.00927841	-0.031151	0.386524
1399578108043070380	-0.00926513	-0.0311572	0.386484
1399578108060101845	-0.00929467	-0.0311962	0.386464
1399578108098072778	-0.00931718	-0.0312193	0.386407
1399578108141075913	-0.00935451	-0.0312317	0.386354
1399578108212092372	-0.00938234	-0.0312474	0.386309
1399578108260994364	-0.00939372	-0.0312752	0.38631
1399578108278852031	-0.00937721	-0.0312788	0.386298
1399578108295920555	-0.00937312	-0.031279	0.386257
1399578108328931281	-0.00937594	-0.0313038	0.386225
1399578108373850990	-0.00937316	-0.0312953	0.386193
1399578108457969008	-0.00937012	-0.0312938	0.386186
1399578108504845061	-0.00938745	-0.0313192	0.386148
1399578108538878285	-0.00941756	-0.0313681	0.386114
1399578108616885646	-0.00941159	-0.0313652	0.386071
1399578108632870511	-0.00943956	-0.0313539	0.386059
1399578108701926613	-0.00946477	-0.0313521	0.386081
1399578108717803197	-0.00948447	-0.0313584	0.386122
1399578108776737676	-0.00950744	-0.0313778	0.386153
1399578108799824804	-0.00954182	-0.0313891	0.38618
1399578108816746567	-0.00955382	-0.031424	0.386194
1399578108850747280	-0.00956397	-0.0314228	0.386211
1399578108930821206	-0.00961078	-0.0314285	0.386212
1399578108947771302	-0.00962932	-0.0314271	0.386238
1399578108985715642	-0.00962011	-0.0314359	0.386275
1399578109022562602	-0.00965312	-0.031445	0.38627
1399578109051589819	-0.00967769	-0.0314538	0.386281
1399578109166487452	-0.00967101	-0.0314515	0.386267
1399578109182494807	-0.00964445	-0.0314442	0.386232
1399578109210476581	-0.00964463	-0.0314343	0.386215
1399578109230490771	-0.00962434	-0.0314527	0.386166
1399578109295409702	-0.00963652	-0.0314593	0.386102
1399578109313350277	-0.00967091	-0.031495	0.386083
1399578109371451273	-0.00968169	-0.0315251	0.386068
1399578109387428723	-0.00968106	-0.0315106	0.386023
1399578109455388165	-0.00965574	-0.0315132	0.386047
1399578109471435714	-0.00967073	-0.0315133	0.386089
1399578109499437716	-0.00963719	-0.0315119	0.386121
1399578109595519059	-0.00963785	-0.0315208	0.386163
1399578109612421383	-0.00963378	-0.0315235	0.386189
1399578109630367581	-0.00966004	-0.0315406	0.386192
1399578109654403566	-0.00968636	-0.0315499	0.386198
1399578109689348781	-0.0096743	-0.0315606	0.386202
1399578109734318527	-0.00966962	-0.031576	0.386188
1399578109802335316	-0.00969938	-0.0315895	0.386199
1399578109825297298	-0.00972305	-0.0316098	0.386187
1399578109853315824	-0.00976042	-0.0316151	0.386158
1399578109892277345	-0.00977565	-0.0316248	0.386134
1399578109980251234	-0.00978656	-0.0316374	0.386167
1399578110023084736	-0.00977903	-0.0316533	0.386171
1399578110040049393	-0.00980507	-0.0316823	0.386177
1399578110056032712	-0.00979318	-0.0316897	0.386229
1399578110136051318	-0.00978225	-0.0316791	0.386234
1399578110154002770	-0.00976707	-0.0317175	0.38623
1399578110178982964	-0.00976094	-0.0317363	0.386245
1399578110249974582	-0.00975757	-0.0317444	0.386246
1399578110272958358	-0.00976191	-0.031761	0.386249
1399578110346062432	-0.00976205	-0.0317654	0.386235
1399578110368973372	-0.00978113	-0.0317602	0.386242
1399578110386104773	-0.00978773	-0.0317651	0.386217
1399578110463871081	-0.00980014	-0.0317775	0.386217
1399578110481879255	-0.00980625	-0.0317949	0.386222
1399578110498828066	-0.00977897	-0.0318222	0.386221
1399578110529856415	-0.00975745	-0.0318505	0.386253
1399578110569814123	-0.00978155	-0.0318921	0.386285
1399578110660938930	-0.00977621	-0.0318924	0.386284
1399578110707923362	-0.00977701	-0.0318884	0.386293
1399578110734919720	-0.00979749	-0.0319177	0.386335
1399578110776868935	-0.00977732	-0.0319406	0.386331
1399578110814829227	-0.00980369	-0.0319475	0.386351
1399578110902812730	-0.00981426	-0.0319438	0.386394
1399578110918867431	-0.00984475	-0.0319561	0.386419
1399578110939770938	-0.00985485	-0.0320059	0.386438
1399578110974704349	-0.00988087	-0.0320039	0.386415
1399578111016669476	-0.00988083	-0.0319952	0.386406
1399578111052641742	-0.00986049	-0.0320116	0.386364
1399578111116797681	-0.00987232	-0.0320337	0.38636
1399578111183762138	-0.00988007	-0.0320391	0.386369
1399578111204744015	-0.00988954	-0.0320526	0.386343
1399578111224773863	-0.00989105	-0.0320644	0.386341
1399578111295686860	-0.00990899	-0.0320804	0.386352
1399578111346709011	-0.00991622	-0.0321342	0.386386
1399578111387666444	-0.00992032	-0.0321592	0.386418
1399578111419631793	-0.00994388	-0.0321618	0.386434
1399578111497659228	-0.00997205	-0.0321532	0.386478
1399578111515605051	-0.00999624	-0.0321635	0.386497
1399578111574664355	-0.00998161	-0.0321595	0.386472
1399578111590569567	-0.0099895	-0.0321771	0.38649
1399578111657601613	-0.00997597	-0.0321805	0.386431
1399578111674618194	-0.00998285	-0.0321654	0.386454
1399578111701343315	-0.00999546	-0.0321308	0.386478
1399578111831340595	-0.0099978	-0.0321544	0.38649
1399578111848280646	-0.0099793	-0.0321439	0.386488
1399578111868283314	-0.00996623	-0.032144	0.386466
1399578111884212338	-0.00996315	-0.0321553	0.386465
1399578111901216866	-0.0099529	-0.0321459	0.386457
1399578111984214435	-0.00995719	-0.0321367	0.386431
1399578112081181098	-0.00996785	-0.0321469	0.386497
1399578112098274061	-0.00991797	-0.0321179	0.386509
1399578112114254627	-0.00999483	-0.0322772	0.386527
1399578112187312185	-0.00991482	-0.0322189	0.387105
1399578112204213201	-0.010073	-0.0322718	0.387348
1399578112305168629	-0.00997509	-0.0323998	0.38781
1399578112324160890	-0.0097236	-0.0325926	0.388384
1399578112341116790	-0.00945922	-0.0327027	0.38921
1399578112412160301	-0.0091843	-0.0330624	0.389969
1399578112428979989	-0.00885422	-0.0343138	0.390828
1399578112445132635	-0.0087045	-0.0356811	0.391503
1399578112547097862	-0.00719702	-0.037557	0.392689
1399578112621995544	-0.00594498	-0.0379862	0.393128
1399578112638102383	-0.00609397	-0.0369086	0.393564
1399578112654952868	-0.00553526	-0.036351	0.394108
1399578112726964905	-0.00463898	-0.0359363	0.394299
1399578112832769738	-0.00372885	-0.0354033	0.395164
1399578112848761751	-0.00317471	-0.0338431	0.395732
1399578112865723771	-0.00176536	-0.0337159	0.396518
1399578112938756694	0.000832191	-0.0351136	0.396368
1399578112955728910	0.00527486	-0.0367918	0.397282
1399578112971736158	0.0112296	-0.0390163	0.399466
1399578113068712686	0.0145241	-0.0401027	0.401654
1399578113085675663	0.016513	-0.0389657	0.404944
1399578113156685204	0.0155409	-0.034773	0.408192
1399578113179655646	0.0151036	-0.0322014	0.411285
1399578113195654196	0.0160141	-0.0340558	0.415033
1399578113297542129	0.013419	-0.0347156	0.419732
1399578113368718341	0.00452223	-0.0326298	0.424848
1399578113384562867	-0.00650388	-0.025925	0.430484
1399578113401574111	-0.0171031	-0.0169085	0.435649
1399578113481504809	-0.02545	-0.00916828	0.439548
1399578113498474239	-0.027426	-0.00846372	0.442373
1399578113603462761	-0.0253953	-0.0126291	0.445179
1399578113620437387	-0.0209289	-0.0165142	0.447236
1399578113694468431	-0.0133104	-0.0182255	0.448688
1399578113711445441	-0.00395858	-0.0186211	0.449719
1399578113727472966	0.00331558	-0.0157041	0.450582
1399578113829353721	0.0047084	-0.0136265	0.451627
1399578113904295514	0.00246427	-0.0147577	0.452731
1399578113920326183	-0.000478185	-0.0153846	0.453227
1399578113937234691	-0.00371104	-0.0120528	0.453216
1399578114008216071	-0.00852535	-0.00839029	0.453384
1399578114032299216	-0.0195614	-0.00637708	0.453993
1399578114128160365	-0.0362506	-0.00426123	0.454481
1399578114145218126	-0.0515024	-0.00201341	0.45462
1399578114161189511	-0.0565224	-0.00157532	0.454388
1399578114237144956	-0.0514626	-0.00209022	0.453556
1399578114253095826	-0.0434525	-0.00268041	0.451972
1399578114351116495	-0.0330625	-0.00427499	0.449269
1399578114367044919	-0.0227149	-0.0059874	0.4464
1399578114438054734	-0.00795043	-0.00858067	0.443703
1399578114461037920	0.00706343	-0.0126763	0.441959
1399578114477041268	0.0180982	-0.0169383	0.439781
1399578114554007534	0.0251026	-0.0217944	0.437356
1399578114658003269	0.0285162	-0.0261317	0.435264
1399578114676967897	0.0273681	-0.0303709	0.433681
1399578114692964179	0.0152234	-0.0327274	0.433189
1399578114765937955	-0.00399573	-0.0312043	0.433845
1399578114782927809	-0.0270339	-0.0262756	0.435689
1399578114881911092	-0.0472492	-0.0183279	0.437784
1399578114899035157	-0.0580394	-0.0115763	0.439901
1399578114915095781	-0.0587358	-0.0083676	0.442347
1399578114984062469	-0.0548096	-0.00801284	0.445019
1399578115000974483	-0.0426634	-0.0074198	0.447149
1399578115017029294	-0.024509	-0.00618535	0.4489
1399578115119978611	-0.00702473	-0.00728126	0.450546
1399578115192835259	0.00767739	-0.0138458	0.451254
1399578115209823645	0.0223192	-0.0222186	0.451145
1399578115226765580	0.0470873	-0.0336208	0.450518
1399578115327962471	0.0619098	-0.0372852	0.44994
1399578115401908660	0.0564846	-0.0386206	0.450356
1399578115419053488	0.0465149	-0.0446807	0.451746
1399578115434815847	0.0260411	-0.0482007	0.454315
1399578115535781875	-0.00378043	-0.0414697	0.456602
1399578115553170741	-0.0369467	-0.0269842	0.457084
1399578115624643119	-0.0600064	-0.0154298	0.456699
1399578115644747003	-0.0652701	-0.0118009	0.456609
1399578115741671342	-0.047224	-0.00759478	0.455639
1399578115758961459	-0.0204128	-0.00402303	0.454131
1399578115829617054	-0.00056228	-0.00795769	0.45275
1399578115845612036	0.0209736	-0.0161454	0.451244
1399578115944512155	0.0456294	-0.027632	0.449093
1399578115962495445	0.0649428	-0.0401054	0.446992
1399578115979497168	0.0570284	-0.0475335	0.445763
1399578116054518110	0.0294218	-0.0447695	0.445794
1399578116150510581	-0.00581265	-0.0328275	0.447371
1399578116172565617	-0.0350967	-0.0200058	0.449946
1399578116189393109	-0.0616853	-0.00466057	0.452627
1399578116264315880	-0.0655017	0.00377971	0.454524
1399578116366275440	-0.051646	0.00329222	0.456084
1399578116382243673	-0.0203095	0.0010324	0.456457
1399578116398379905	0.0158587	-0.00224578	0.455454
1399578116474245039	0.0478441	-0.0105795	0.452819
1399578116522327386	0.0649661	-0.024475	0.449572
1399578116590273909	0.0627688	-0.0429758	0.447476
1399578116606324143	0.0446012	-0.0525962	0.44769
1399578116622278589	0.0158374	-0.0524415	0.450186
1399578116721212730	-0.0290073	-0.0392801	0.453868
1399578116794161241	-0.0659471	-0.0199405	0.459494
1399578116810102516	-0.0753939	-0.00479307	0.46633
1399578116827127318	-0.0545263	0.00386829	0.473293
1399578116927005827	-0.0264559	0.0120324	0.478996
1399578116944037562	0.00135833	0.0183306	0.483663
1399578117011967877	0.0367219	0.00971039	0.486753
1399578117029074966	0.054171	-0.011044	0.487651
1399578117131116375	0.038637	-0.0369606	0.488583
1399578117148193234	-0.00352642	-0.0497781	0.489872
1399578117219993100	-0.0447437	-0.041426	0.490482
1399578117239172615	-0.0527755	-0.0127034	0.491882
1399578117340026267	-0.0375226	0.0113981	0.492764
1399578117355983684	-0.00586424	0.0161604	0.494332
1399578117372978990	0.0242669	0.00271264	0.495984
1399578117444902504	0.0283447	-0.017851	0.497197
1399578117551811448	0.00387559	-0.0307463	0.498677
1399578117567817779	-0.024773	-0.0254385	0.50104
1399578117644854655	-0.0365875	-0.00716332	0.502297
1399578117661812994	-0.0304432	0.00705285	0.502453
1399578117777750644	-0.00643762	-0.000655681	0.5019
1399578117793952550	0.0139768	-0.0174427	0.500211
1399578117862655690	0.0234399	-0.0303534	0.49909
1399578117888660081	0.00922708	-0.0335154	0.498759
1399578118000541569	-0.00617319	-0.0269119	0.500325
1399578118072515762	-0.0127147	-0.0193376	0.50246
1399578118088492731	-0.0116329	-0.0194483	0.504992
1399578118181457146	-0.000351987	-0.0252242	0.507217
1399578118222438987	0.00761888	-0.0343392	0.508894
1399578118296437900	0.00501466	-0.0434433	0.510725
1399578118323336050	-0.00127341	-0.0423517	0.512888
1399578118403387587	-0.00736159	-0.0348363	0.514692
1399578118420371800	-0.0128512	-0.026458	0.516149
1399578118523295957	-0.0143855	-0.0222845	0.5175
1399578118539331601	-0.0127413	-0.0238064	0.518767
1399578118610288140	-0.00809449	-0.0271302	0.519567
1399578118627309510	-0.00206051	-0.0282586	0.519556
1399578118643268507	0.00181792	-0.0262053	0.519133
1399578118718222601	0.00224445	-0.0214075	0.518559
1399578118758209981	0.00157454	-0.0163053	0.5181
1399578118830180453	0.00121706	-0.0125157	0.517998
1399578118846152150	-0.00103429	-0.00884821	0.518821
1399578118863164289	-0.00381917	-0.00558744	0.519327
1399578118939139018	-0.00251164	-0.00578803	0.518829
1399578119039107077	0.00222854	-0.008679	0.517471
1399578119056086507	0.00556753	-0.0120445	0.515647
1399578119072088518	0.00371223	-0.0125099	0.513715
1399578119148017470	-0.00247746	-0.00972499	0.511971
1399578119164969661	-0.00903296	-0.00581901	0.51035
1399578119182008614	-0.0123199	-0.00217401	0.508619
1399578119284940706	-0.0111661	0.00154436	0.5065
1399578119356946041	-0.00604454	0.00623015	0.504192
1399578119376940236	0.000191381	0.010697	0.501682
1399578119395954061	0.00558959	0.0136192	0.499078
1399578119467913174	0.0107855	0.0134283	0.49624
1399578119507886923	0.0144092	0.00988643	0.49324
1399578119578821338	0.0139641	0.0036471	0.490996
1399578119595855110	0.0106344	-0.00227269	0.489676
1399578119611867067	0.00722304	-0.0043642	0.488985
1399578119685870191	0.00350594	-0.00313432	0.488916
1399578119702790984	-0.000968706	-0.00306826	0.489389
1399578119804792180	-0.00259737	-0.00635632	0.49027
1399578119820812570	2.57265e-05	-0.0116242	0.491469
1399578119890712420	0.00371568	-0.0157803	0.493538
1399578119907710444	0.00819214	-0.0164609	0.49581
1399578119923730476	0.0138307	-0.0145034	0.49826
1399578120024693022	0.0183722	-0.0120174	0.501528
1399578120040662516	0.020097	-0.0116348	0.50498
1399578120117598200	0.0187099	-0.0154373	0.508128
1399578120133633949	0.0146902	-0.0206169	0.510799
1399578120150610281	0.00829962	-0.0239819	0.512787
1399578120223634686	0.00136114	-0.0245064	0.514924
1399578120320622649	-0.00233371	-0.0255605	0.516959
1399578120336626089	-0.00380838	-0.0279246	0.519101
1399578120353603201	-0.00527502	-0.0307001	0.521174
1399578120427595247	-0.00589668	-0.0328052	0.522759
1399578120445514457	-0.00447034	-0.0344508	0.524155
1399578120543522172	-0.00189093	-0.0356112	0.525187
1399578120562495566	0.00134739	-0.0362123	0.526261
1399578120579454667	0.00306883	-0.0363161	0.526941
1399578120650458135	0.00331262	-0.0353771	0.527208
1399578120667367597	0.00360054	-0.033148	0.527359
1399578120683404044	0.00500011	-0.0306251	0.527128
1399578120784400192	0.0055414	-0.0292838	0.527128
1399578120853382693	0.00258854	-0.0275172	0.527407
1399578120870357982	-0.00186789	-0.0243456	0.527447
1399578120887296240	-0.00795249	-0.0212358	0.528094
1399578120963247660	-0.0142831	-0.0196984	0.528428
1399578121003200133	-0.018145	-0.0206047	0.528347
1399578121077236974	-0.0189558	-0.0228209	0.528274
1399578121094236224	-0.0187196	-0.0245072	0.528636
1399578121110221314	-0.0177412	-0.0251853	0.529656
1399578121185184551	-0.0150737	-0.0252157	0.530446
1399578121202122523	-0.0106055	-0.025535	0.53112
1399578121304089089	-0.00641576	-0.0262276	0.531851
1399578121321087423	-0.00284737	-0.0258446	0.532124
1399578121395084923	0.00259053	-0.0246498	0.532929
1399578121410989479	0.0102575	-0.0229004	0.533786
1399578121427978713	0.0158999	-0.0206042	0.534895
1399578121622968877	0.0161701	-0.0173514	0.536167
1399578121639896067	0.0122759	-0.0106259	0.537857
1399578121709911479	0.00646894	-0.00092474	0.540405
1399578121728830293	-0.0013462	0.00886471	0.542975
1399578121748775643	-0.00954744	0.0147812	0.545703
1399578121822817799	-0.0170543	0.0166385	0.548617
1399578121862813759	-0.0242022	0.0176963	0.551275
1399578121933794802	-0.0296346	0.0191654	0.553749
1399578121950761808	-0.0329123	0.0196619	0.555874
1399578121967703126	-0.0310983	0.0183122	0.558064
1399578122042715853	-0.0256382	0.0155759	0.560567
1399578122143657078	-0.0213203	0.0136738	0.563089
1399578122160627019	-0.019807	0.0131757	0.56601
1399578122177612692	-0.0195653	0.012158	0.569545
1399578122248619787	-0.016895	0.00801127	0.573207
1399578122271606170	-0.0111029	-9.33036e-05	0.576643
1399578122287628278	-0.00434032	-0.0092768	0.579447
1399578122390576551	-0.000418571	-0.0164309	0.581779
1399578122460535509	0.000407439	-0.0188648	0.583439
1399578122477510705	-0.00369365	-0.0135814	0.585379
1399578122493519204	-0.00696185	-0.00441934	0.587248
1399578122593460764	-0.00830066	0.00682498	0.589468
1399578122609405607	-0.0105248	0.0235264	0.590009
1399578122680416709	-0.00709207	0.0308965	0.589918
1399578122698384668	-0.00658685	0.025642	0.590775
1399578122799409919	-0.0126205	0.0167843	0.591685
1399578122815302405	-0.0178125	0.00675711	0.591933
1399578122890548660	-0.0180485	-0.00182653	0.591734
1399578122907447378	-0.0158484	-0.00810522	0.591476
1399578123002337262	-0.0160909	-0.0145457	0.590526
1399578123019326740	-0.0136158	-0.017715	0.588566
1399578123035304166	-0.00643038	-0.0186512	0.586776
1399578123106260005	0.00376228	-0.0236714	0.585474
1399578123226370760	0.0234017	-0.0333201	0.585412
1399578123243349435	0.0291356	-0.0236324	0.587021
1399578123319306323	0.0253757	-0.00518762	0.590811
1399578123360292292	0.0117535	0.0216991	0.597093
1399578123436241874	0.0048502	0.0390055	0.603976
1399578123453235186	-0.00395021	0.046438	0.609773
1399578123555178385	-0.00801394	0.0269464	0.615016
1399578123574166114	-0.00418608	0.00381587	0.619203
1399578123645137274	0.00840495	-0.0246718	0.622294
1399578123685189147	0.0139125	-0.0411656	0.624076
1399578123757165184	0.0154842	-0.0440435	0.624507
1399578123773116274	0.0160103	-0.0252841	0.623529
1399578123790012264	0.010439	0.0117297	0.622613
1399578124089904442	0.00480138	-0.0479737	0.627
1399578124105954715	-0.00312748	-0.0576821	0.635259
1399578124183938576	0.00750731	-0.0262616	0.647553
1399578124309127294	0.0191446	0.0117895	0.662137
1399578124325816404	0.0161408	0.0231813	0.674903
1399578124396841315	0.00452228	0.00618882	0.680947
1399578124494826781	-0.00625016	-0.0161295	0.684432
1399578124535727858	-0.0112687	-0.0275978	0.685349
1399578124612737409	-0.010977	-0.0255329	0.685431
1399578124629064903	-0.00993716	-0.0155403	0.684622
1399578124720752173	-0.0102782	0.00727062	0.682464
1399578124829726805	-0.0171574	0.0255892	0.67457
1399578124845654341	-0.0181087	0.0124514	0.669148
1399578124930525911	-0.0162457	0.00761945	0.662141
1399578125040497194	-0.0135902	0.0111649	0.656402
1399578125057440671	-0.0136185	0.0140134	0.652302
1399578125148367069	-0.0130548	0.0141977	0.648952
1399578125165394717	-0.0178023	0.00919798	0.646853
1399578125279465339	-0.0228336	-0.00537189	0.646966
1399578125355421118	-0.0167714	-0.016547	0.649398
1399578125372471510	-0.00388619	-0.0184633	0.652953
1399578125388411411	0.00554138	-0.0168701	0.656244
1399578125467274527	0.0113504	-0.0147664	0.660661
1399578125563405078	0.0114789	-0.0121028	0.666561
1399578125580319455	0.00717772	-0.00853172	0.673364
1399578125596394829	0.00259315	-0.00476689	0.680945
1399578125670299730	-0.00289884	-0.00233336	0.688901
1399578125687267092	-0.00969019	-0.00243091	0.697184
1399578125783143282	-0.0148589	-0.00481626	0.705836
1399578125800193916	-0.0136794	-0.00968537	0.714293
1399578125816211232	-0.0082634	-0.0145323	0.722588
1399578125893225149	-0.00315184	-0.0163721	0.730004
1399578125909205344	-0.000410594	-0.0161447	0.736218
1399578125926238399	0.00190843	-0.015401	0.741277
1399578126029083192	0.00550663	-0.0126736	0.745304
1399578126100152992	0.00810909	-0.0080014	0.748405
1399578126117063995	0.00804732	-0.00273944	0.750592
1399578126133052351	0.00471299	0.00308068	0.751853
1399578126204099081	-0.0012513	0.00873228	0.75262
1399578126251024832	-0.00545336	0.012522	0.752215
1399578126324023413	-0.0045667	0.0120281	0.751294
1399578126343913703	-0.000935786	0.00854254	0.749758
1399578126421887652	0.00142859	0.00443812	0.747421
1399578126437795810	0.000800135	0.000663064	0.745046
1399578126454836931	-0.00191174	-0.00301024	0.742896
1399578126551904069	-0.00291731	-0.00760345	0.741454
1399578126569010705	-0.000215291	-0.011597	0.740994
1399578126639902544	0.00465325	-0.00961764	0.74108
1399578126662861503	0.0088044	0.000332538	0.741891
1399578126678746532	0.00938185	0.0144735	0.742734
1399578126779801543	0.00827158	0.0276772	0.743533
1399578126863719186	0.0103951	0.0361587	0.744023
1399578126879708676	0.00794069	0.0341291	0.743643
1399578126896627308	0.00447971	0.0298732	0.742842
1399578126972790519	0.00226242	0.0248431	0.742047
1399578127072615954	0.0036752	0.0170531	0.741306
1399578127089596154	0.0078272	0.00784021	0.740301
1399578127105526531	0.0121047	0.000572007	0.739104
1399578127181666814	0.0149531	-0.00509765	0.738162
1399578127198654860	0.0169272	-0.00790523	0.737762
1399578127301606119	0.0180786	-0.00558502	0.738015
1399578127317504144	0.0160801	-0.00102685	0.738876
1399578127387517936	0.0120351	0.00394718	0.740655
1399578127404523467	0.00737446	0.00997801	0.742573
1399578127420632751	0.00150436	0.0153662	0.744256
1399578127497429578	-0.00500103	0.0186038	0.745807
1399578127543485103	-0.00804097	0.0204028	0.746872
1399578127614452227	-0.00702514	0.021123	0.747371
1399578127630487888	-0.00381926	0.021109	0.747384
1399578127708424294	0.000820901	0.0213105	0.747472
1399578127725393249	0.00626684	0.0209723	0.747395
1399578127824281990	0.0125816	0.0189817	0.746951
1399578127837195000	0.0190231	0.0141706	0.746318
1399578127853167967	0.0231683	0.00754048	0.745565
1399578127929101979	0.023543	-0.000588644	0.74522
1399578127946105894	0.0227349	-0.00822415	0.745386
1399578127962103004	0.0217054	-0.0127928	0.745747
1399578128065056405	0.0196831	-0.011744	0.746901
1399578128136069384	0.0174334	-0.00875068	0.74777
1399578128152024004	0.0123923	-0.00627497	0.748798
1399578128169024786	0.00619907	-0.00398869	0.750144
1399578128242986709	0.00144334	-0.00126332	0.751536
1399578128283924779	-0.00142903	0.00142327	0.754182
1399578128352983551	-0.0014791	0.00203423	0.757495
1399578128375956655	0.00226125	0.00104103	0.761109
1399578128392916531	0.00744543	-0.00245234	0.764671
1399578128462893338	0.00961618	-0.00560486	0.768487
1399578128480903679	0.00911608	-0.00415607	0.772998
1399578128575848091	0.0107774	0.00105126	0.777703
1399578128592828216	0.0145579	0.00485676	0.782585
1399578128608785236	0.0161746	0.00404827	0.787492
1399578128688699496	0.013011	0.000556182	0.791771
1399578128705814561	0.00708057	-0.0038783	0.795526
1399578128804714158	0.000283351	-0.00796137	0.798607
1399578128821718416	-0.00502564	-0.00971113	0.801406
1399578128896641194	-0.0108183	-0.00849152	0.803587
1399578128913641991	-0.01885	-0.00695645	0.804838
1399578128929685455	-0.0260952	-0.00469833	0.805108
1399578129099584056	-0.0273988	0.00763774	0.802624
1399578129122575647	-0.0215076	0.0141589	0.801171
1399578129138503384	-0.0139966	0.0181497	0.799759
1399578129214596147	-0.0075305	0.0200571	0.798617
1399578129231588617	-0.00104623	0.0210231	0.797329
1399578129327502684	0.00310831	0.0203846	0.796549
1399578129343429250	0.00961237	0.0097673	0.797669
1399578129360488058	0.0238094	-0.00801245	0.799868
1399578129433506546	0.0312572	-0.0142876	0.804099
1399578129529442804	0.0279428	-0.00423118	0.810955
1399578129551417175	0.0195328	0.00630448	0.818231
1399578129568332933	0.00591419	0.00828228	0.824726
1399578129641354572	-0.0103797	0.00657965	0.830509
1399578129745332405	-0.0244778	0.00979461	0.835438
1399578129761331028	-0.035109	0.011197	0.839887
1399578129778264851	-0.0397143	0.0105666	0.844376
1399578129854285467	-0.0314298	0.0163559	0.84875
1399578129895474041	-0.0207854	0.0244491	0.854166
1399578129969455455	-0.0180077	0.0217329	0.857054
1399578129985387167	-0.00669829	0.0122676	0.861636
1399578130001419603	0.00992785	0.00205055	0.865416
1399578130101218930	0.0199669	-0.0104922	0.868576
1399578130171285782	0.0236382	-0.0239256	0.871171
1399578130188262266	0.0173418	-0.020251	0.873793
1399578130204196819	-0.00820184	-0.00557529	0.875561
1399578130301108897	-0.0211298	0.0096757	0.876706
1399578130317086932	-0.0156362	0.0236238	0.874115
1399578130387188740	-0.00793702	0.0232307	0.870213
1399578130494098446	0.00125134	0.0191157	0.864909
1399578130510161185	0.0317969	0.0107355	0.858062
1399578130527065859	0.059131	0.000262029	0.849808
1399578130628073756	0.0755335	-0.018657	0.837419
1399578130644914217	0.0616753	-0.0146346	0.828027
1399578130716032931	0.0320685	0.0117866	0.825285
1399578130822946108	-0.00622007	0.0222218	0.829288
1399578130839059308	-0.0222732	0.023973	0.836904
1399578130927924441	0.00223519	0.0258193	0.845107
1399578131034849625	0.0233068	0.0187318	0.850973
1399578131129053874	0.0329287	0.00623019	0.853452
1399578131146854668	0.0113058	0.00592453	0.852968
1399578131254742120	0.000870521	0.0134785	0.850062
1399578131356758160	0.0160172	0.00602546	0.846852
1399578131374074299	0.0297368	-0.00140008	0.845669
1399578131464127373	0.0347695	-0.00591894	0.844888
1399578131480644411	0.0305973	-0.00534846	0.844634
1399578131596594552	0.022034	0.00200746	0.843635
1399578131666525731	0.0106155	0.0109962	0.841341
1399578131682511961	-0.0013074	0.0159418	0.837444
1399578131783464432	-0.00168494	0.0127463	0.832157
1399578131879513251	0.00604059	0.00663424	0.825447
1399578131896512636	0.0139574	0.00174779	0.81783
1399578131912514354	0.0149406	-0.00383437	0.812379
1399578131996478291	0.0106174	-0.00889872	0.808537
1399578132092421766	0.0075812	-0.0107796	0.806586
1399578132108294873	-0.000671864	-0.0108525	0.808421
1399578132197400645	-0.0108882	-0.0101513	0.813758
1399578132213244268	-0.0161908	-0.0110358	0.823109
1399578132324297123	-0.0179462	-0.0166242	0.835579
1399578132340229153	-0.0177128	-0.0187229	0.844773
1399578132410280427	-0.0164469	-0.0192678	0.854764
1399578132427268664	-0.0152206	-0.0182947	0.865099
1399578132443250088	-0.0143242	-0.0146066	0.875659
1399578132524220170	-0.0116648	-0.0072469	0.886618
1399578132625172273	-0.00790642	0.00181858	0.896936
1399578132642213065	-0.00510182	0.00907288	0.906243
1399578132658131831	-0.00186459	0.0117642	0.914749
1399578132730205503	0.00130476	0.0103533	0.922577
1399578132753117189	0.00381127	0.00559157	0.929576
1399578132854852856	0.00550579	-0.000734616	0.935473
1399578132871897410	0.0056917	-0.0043716	0.94065
1399578132947861706	0.00445215	-0.00404798	0.944688
1399578132964835635	0.00177202	-0.000978686	0.947773
1399578132980821952	-0.00186698	0.00330957	0.950832
1399578133052852897	-0.00405961	0.00946068	0.952813
1399578133099798080	-0.00174625	0.0160516	0.953699
1399578133172740852	0.00627526	0.0214602	0.953472
1399578133189732135	0.0166023	0.0254718	0.952313
1399578133205660818	0.025692	0.0295544	0.950062
1399578133280734212	0.0327852	0.0335927	0.946816
1399578133376686380	0.0390473	0.036773	0.943317
1399578133395640004	0.0446702	0.0367691	0.939624
1399578133414654000	0.0479297	0.0322127	0.935393
1399578133489605062	0.0477981	0.0262498	0.93067
1399578133505578423	0.0429425	0.0213309	0.925942
1399578133522568922	0.0373494	0.0177444	0.921734
1399578133707518976	0.0368673	0.0137317	0.911957
1399578133724509980	0.0394962	0.01798	0.909751
1399578133740551632	0.0384403	0.0237372	0.908765
1399578133843369890	0.0341018	0.0286068	0.908798
1399578133916406337	0.0291051	0.0316396	0.909386
1399578133933439700	0.0246331	0.0339617	0.911106
1399578133949380186	0.0186415	0.0370062	0.913273
1399578134024349181	0.0108991	0.0379364	0.916121
1399578134041375703	0.00455237	0.0351066	0.919522
1399578134136316024	3.92599e-05	0.0293555	0.923207
1399578134153283101	-0.00400567	0.0223138	0.927255
1399578134169313926	-0.00773442	0.0175167	0.93115
1399578134245217361	-0.0105966	0.0153216	0.934775
1399578134263245727	-0.0134698	0.014472	0.937998
1399578134362224711	-0.0168548	0.0133988	0.940605
1399578134378207405	-0.0193379	0.0106397	0.943238
1399578134448158208	-0.0202125	0.00670507	0.94609
1399578134464171723	-0.0178715	0.00212455	0.949133
1399578134481199528	-0.0132631	-0.00338527	0.952217
1399578134562081504	-0.0100307	-0.00919809	0.955395
1399578134662058339	-0.00753587	-0.0117195	0.9591
1399578134679042801	-0.00692094	-0.00862492	0.963399
1399578134696017659	-0.00826544	-0.001509	0.968603
1399578134768042064	-0.00918053	0.00624349	0.974218
1399578134790974651	-0.00795725	0.0110025	0.979379
1399578134886976338	-0.00463711	0.0135077	0.984376
1399578134903923342	0.000749714	0.0149114	0.989278
1399578134919916299	0.00797562	0.0157096	0.994038
1399578134992959914	0.0152524	0.0157581	0.998403
1399578135009897622	0.020643	0.0157325	1.00181
1399578135026862911	0.0229581	0.0160599	1.00475
1399578135126797659	0.0241494	0.0161344	1.00615
1399578135197826274	0.0254756	0.0136782	1.00623
1399578135214784808	0.0274864	0.00705518	1.0049
1399578135230744826	0.0294798	-0.00162858	1.00236
1399578135304732257	0.0308299	-0.0101943	0.998565
1399578135344703086	0.0302813	-0.0171634	0.993896
1399578135416697904	0.0287503	-0.0199025	0.989088
1399578135432651271	0.026574	-0.0198118	0.984146
1399578135449664915	0.022137	-0.0196792	0.978995
1399578135526630806	0.0172189	-0.020919	0.973587
1399578135543643413	0.0147003	-0.0215807	0.967885
1399578135647547765	0.0176439	-0.0191909	0.962501
1399578135663538402	0.0241382	-0.0143627	0.957864
1399578135732556366	0.0297265	-0.00748346	0.954584
1399578135749477865	0.0329389	-6.88508e-05	0.95298
1399578135766547925	0.035326	0.00432851	0.95298
1399578135867522741	0.0387402	0.00647954	0.95439
1399578135884520778	0.0417892	0.00923994	0.956405
1399578135959449639	0.0394845	0.012421	0.958725
1399578135976428883	0.028685	0.013366	0.961759
1399578135993410708	0.0167739	0.0132815	0.965301
1399578136065399021	0.00915652	0.0148464	0.969707
1399578136160360142	0.00494929	0.0182946	0.974553
1399578136183349381	-0.000143736	0.0219875	0.979581
1399578136199325505	-0.004628	0.0221572	0.984061
1399578136275233440	-0.0052263	0.0180453	0.987026
1399578136292283777	-0.00393891	0.0129745	0.988337
1399578136387261207	-0.00257588	0.00955399	0.987778
1399578136404184351	0.000711148	0.0117523	0.986356
1399578136420213532	0.0047192	0.01257	0.984076
1399578136496199505	0.00767462	0.0122586	0.98197
1399578136597202520	0.0106025	0.0144718	0.981383
1399578136614155877	0.0168469	0.0214284	0.981039
1399578136630109608	0.0245352	0.0251816	0.981366
1399578136709076286	0.033032	0.0245283	0.982097
1399578136805986112	0.030736	0.0249162	0.984134
1399578136821998462	0.0164617	0.0222531	0.988263
1399578136839012371	-0.00467911	0.0148555	0.994752
1399578136914974925	-0.0228324	0.00422936	1.00388
1399578136954929295	-0.0290546	0.00415252	1.01535
1399578137029853888	-0.0334128	0.00751259	1.02942
1399578137045801433	-0.0363146	0.00511442	1.04356
1399578137062847960	-0.0331642	0.0032655	1.05662
1399578137163779535	-0.0250147	0.012874	1.07107
1399578137233746223	-0.00406627	0.0236309	1.08299
1399578137250804523	0.0274563	0.0343216	1.09066
1399578137346739701	0.0509808	0.0385409	1.09176
1399578137362694815	0.0385971	0.0275693	1.08825
1399578137379714192	0.00270066	0.0134294	1.08131
1399578137484673501	-0.0254644	0.00405227	1.07238
1399578137555655808	-0.0354719	0.00567987	1.06367
1399578137571615347	-0.0217506	0.00464235	1.0578
1399578137588638924	0.012392	0.00792125	1.05322
1399578137687589812	0.0461078	0.0219217	1.04994
1399578137704601071	0.0782868	0.0312052	1.04579
1399578137779487178	0.0598232	0.0225619	1.04169
1399578137875746477	0.0282016	0.010495	1.03772
1399578137952529789	0.0148238	2.36072e-05	1.03536
1399578137970463649	0.0148145	-0.00359097	1.03314
1399578138123439299	0.0382625	0.00638614	1.03408
1399578138195399273	0.0625044	0.0310434	1.03964
1399578138223358361	0.0505351	0.0352913	1.04665
1399578138342271838	0.0124172	0.00236546	1.05477
1399578138422311971	0.00158964	-0.00375913	1.05816
1399578138438386470	-0.00431257	-0.00592079	1.06392
1399578138527503165	0.00398554	-0.000759035	1.0719
1399578138624438641	0.0129332	0.010428	1.08039
1399578138640355653	0.0119308	0.0235497	1.08755
1399578138657280152	0.00218358	0.0282973	1.09174
1399578138741225814	-0.00709313	0.019539	1.09287
1399578138859202441	-0.00889462	0.00753237	1.09229
1399578138875245533	-0.00753898	0.00462561	1.0907
1399578138948228378	-0.00212631	0.015356	1.08853
1399578138965169465	0.00476813	0.0284013	1.08632
1399578139086131302	0.0118333	0.0357704	1.08488
1399578139157123690	0.0176102	0.0364157	1.08356
1399578139173011195	0.0186747	0.0227938	1.08195
1399578139190016457	0.0163307	0.0100441	1.08128
1399578139302965790	0.0132044	-0.00393939	1.08032
1399578139374947807	0.0125836	-0.00270626	1.07941
1399578139391972229	0.00970452	0.00286824	1.07772
1399578139407974070	0.00555413	0.00773425	1.07547
1399578139489126380	0.00271747	0.00893533	1.07334
1399578139505897668	0.00393469	0.00625566	1.0716
1399578139608958638	0.00705468	0.00217737	1.06954
1399578139624847600	0.0104211	-0.0016269	1.06755
1399578139696854517	0.0131031	-0.00623273	1.06652
1399578139713851692	0.0141096	-0.0115605	1.06616
1399578139730714421	0.0129636	-0.0166346	1.06606
1399578139828753442	0.00992279	-0.0183104	1.06606
1399578139844677298	0.00580292	-0.0158473	1.06651
1399578139915624167	0.000357493	-0.00968705	1.06707
1399578139931748021	-0.0061737	0.000329111	1.06833
1399578139948578549	-0.0118692	0.0123001	1.07042
1399578140024630862	-0.0120735	0.0230953	1.07276
1399578140125709002	-0.00569814	0.0315553	1.07518
1399578140141495074	0.00288154	0.0377974	1.07729
1399578140158642321	0.012163	0.0385589	1.07908
1399578140230624950	0.0205934	0.0341466	1.07999
1399578140253646178	0.0251955	0.0278366	1.08019
1399578140356377522	0.0247748	0.0223243	1.08002
1399578140372347582	0.0206802	0.0181361	1.07948
1399578140448340505	0.0159323	0.0180132	1.0783
1399578140464341911	0.0133948	0.0219904	1.07681
1399578140481421192	0.0116453	0.0254744	1.0753
1399578140555465197	0.00826003	0.0247155	1.07393
1399578140595479583	0.0055602	0.0208676	1.07264
1399578140666259966	0.00644862	0.0150076	1.07146
1399578140682238362	0.0111512	0.00787918	1.07122
1399578140699228311	0.0164291	0.00129285	1.07218
1399578140774184590	0.0205722	-0.00181713	1.07418
1399578140870167266	0.0228752	-0.00171312	1.07719
1399578140887128623	0.0233008	-0.00106588	1.08103
1399578140903167927	0.0233728	-0.00181441	1.08534
1399578140980142528	0.0224707	-0.00266602	1.08978
1399578140996114571	0.020503	-5.60768e-05	1.09466
1399578141013095407	0.0172349	0.00744191	1.09974
1399578141114087855	0.0133166	0.0164887	1.10545
1399578141130058776	0.00724691	0.022197	1.11175
1399578141201093866	-0.000311435	0.0241404	1.11827
1399578141403016424	-0.00840543	0.027587	1.14315
1399578141420038016	-0.00811987	0.0222824	1.14792
1399578141437014359	-0.00521099	0.0138013	1.1521
1399578141509112175	-0.00167903	0.00617563	1.1554
1399578141532042475	0.00126303	0.00275397	1.1581
1399578141643838605	0.00597297	0.00861256	1.16219
1399578141735869287	0.00800917	0.0177151	1.16535
1399578141751935380	0.0071046	0.0225134	1.16619
1399578141852716367	0.00488515	0.0274912	1.16647
1399578141868660804	0.00296601	0.0312365	1.16599
1399578141938910894	0.00159736	0.0317007	1.16494
1399578141955630724	0.00137246	0.0307248	1.16333
1399578141971827364	0.00391713	0.0302904	1.16151
1399578142047722510	0.00987003	0.0304314	1.16026
1399578142088748005	0.0159405	0.0294584	1.15998
1399578142162527304	0.0195297	0.0254563	1.16039
1399578142178490129	0.020475	0.0194072	1.16134
1399578142195521073	0.0188255	0.0142189	1.16289
1399578142271467224	0.016329	0.0104208	1.16461
1399578142373540260	0.0133719	0.00704195	1.16663
1399578142389473987	0.0102428	0.00561712	1.16957
1399578142406608293	0.00861038	0.00676507	1.17239
1399578142482617314	0.00860261	0.00994679	1.17492
1399578142498537918	0.00890853	0.0148394	1.17708
1399578142515598208	0.00911309	0.0208754	1.17886
1399578142619398396	0.00909249	0.0273164	1.17989
1399578142692478973	0.00857638	0.0334475	1.18044
1399578142711437060	0.00877752	0.0378344	1.18067
1399578142727478254	0.0113191	0.0393938	1.18051
1399578142802447678	0.0153772	0.0379339	1.18019
1399578142918167368	0.0247599	0.0275305	1.17977
1399578142935225735	0.0275806	0.0198481	1.17937
1399578143011157629	0.0273946	0.0113814	1.17881
1399578143028169053	0.0242624	0.0038286	1.17829
1399578143044089201	0.0204651	-0.00223849	1.17761
1399578143146049659	0.0181491	-0.0075478	1.17692
1399578143162048020	0.0153835	-0.00996776	1.17633
1399578143239013884	0.0109032	-0.0110377	1.17639
1399578143254997733	0.00976306	-0.0103167	1.17708
1399578143332025742	0.0138301	-0.00649098	1.17831
1399578143371939178	0.0258753	0.00523166	1.18072
1399578143442880118	0.0415723	0.0215602	1.18366
1399578143459917607	0.0502951	0.033645	1.18571
1399578143475901486	0.0485305	0.047451	1.18611
1399578143573879401	0.0424517	0.0547337	1.18464
1399578143590857021	0.0343313	0.0537966	1.18152
1399578143665809539	0.031635	0.0477658	1.17656
1399578143684802036	0.0350984	0.034259	1.17011
1399578143781713348	0.0352219	0.00956841	1.16404
1399578143797668688	0.0291635	-0.012601	1.15961
1399578143871687111	0.019866	-0.025702	1.15637
1399578143893670471	0.0122333	-0.0225602	1.15297
1399578143996653077	0.0106302	-0.010195	1.14902
1399578144013643729	0.0107881	0.0052509	1.1461
1399578144087588702	0.0130832	0.0233418	1.1441
1399578144104647382	0.017312	0.0430498	1.14292
1399578144198528038	0.0174721	0.061917	1.14094
1399578144215558121	0.0118556	0.0662941	1.13775
1399578144231526953	-0.000369315	0.0586982	1.13441
1399578144332496928	-0.00259323	0.0361127	1.13141
1399578144405551521	-0.00221862	0.0124752	1.12894
1399578144426458748	-0.0108887	-0.0174455	1.12867
1399578144531420425	-0.00885041	-0.0227014	1.12995
1399578144547480710	0.00255205	-0.00459737	1.13464
1399578144621351084	0.0167953	0.0206989	1.14492
1399578144638296961	0.0296794	0.0475734	1.16005
1399578144733359235	0.0214385	0.0646203	1.17624
1399578144749310962	0.00820397	0.0547284	1.19163
1399578144766279906	0.00607465	0.0183174	1.20467
1399578144865263290	0.00800912	-0.0110488	1.21519
1399578144946386532	0.01613	0.00199413	1.2255
1399578145053344071	0.0210819	0.0389997	1.23526
1399578145148350098	0.0120239	0.0566969	1.24151
1399578145165298120	0.0023534	0.0364214	1.24249
1399578145273268472	0.00480288	0.00775243	1.23896
1399578145400209147	0.00867746	-0.00692477	1.23042
1399578145472159753	0.00942612	-0.00685	1.22092
1399578145489290198	0.00652038	0.00286091	1.2114
1399578145505220601	0.00836454	0.0123956	1.20268
1399578145612024720	0.0157484	0.0135301	1.19461
1399578145684986535	0.018205	0.00356928	1.18763
1399578145701961102	0.0133973	-0.0111732	1.18247
1399578145762912424	0.00737514	-0.0249766	1.18025
1399578145820053536	0.00448937	-0.0282672	1.18076
1399578145905859883	0.000423832	-0.0164288	1.18416
1399578145921957690	-0.00107932	0.000690844	1.18999
1399578146108857960	0.00155212	0.0115727	1.197
1399578146148795278	0.00212382	0.0124227	1.20417
1399578146219838331	0.00236275	0.00329243	1.21015
1399578146244692722	0.00598633	-0.00684482	1.21473
1399578146263775962	0.0127559	-0.00456761	1.21789
1399578146359826746	0.0250863	0.013894	1.22204
1399578146432820092	0.0319215	0.0217079	1.22456
1399578146448741079	0.0368818	0.0269608	1.22689
1399578146465696810	0.0391527	0.0317039	1.22958
1399578146539007213	0.0374555	0.0356277	1.2329
1399578146555652039	0.033217	0.034973	1.23613
1399578146650696878	0.030917	0.0302623	1.23891
1399578146667593039	0.0316065	0.023628	1.24135
1399578146683672195	0.0330515	0.0188196	1.24368
1399578146760513424	0.0347459	0.0208211	1.24553
1399578146777589979	0.0381159	0.0312705	1.24703
1399578146880500137	0.0425423	0.0456519	1.24817
1399578146897525802	0.0445327	0.0576694	1.24897
1399578146972512966	0.0410319	0.0636447	1.24929
1399578146989414058	0.0326709	0.0635437	1.24922
1399578147005432878	0.022039	0.0591441	1.24863
1399578147077511120	0.0116831	0.0506425	1.2472
1399578147181570088	0.00210615	0.036719	1.2449
1399578147197451322	-0.00610321	0.0217916	1.24179
1399578147214409841	-0.0129331	0.0106316	1.2379
1399578147287410273	-0.0164238	0.00385392	1.23367
1399578147304202519	-0.0156424	0.000637353	1.2296
1399578147402465616	-0.00823874	0.00265372	1.22604
1399578147422427659	0.00520487	0.0121838	1.22285
1399578147438333847	0.0195982	0.0278352	1.22072
1399578147510197145	0.0308201	0.0420461	1.21906
1399578147527214480	0.0378816	0.0500453	1.21737
1399578147543198788	0.0437597	0.053324	1.21507
1399578147645201029	0.0476257	0.0521578	1.21293
1399578147727061480	0.0306478	0.0268754	1.20823
1399578147744084110	0.0233575	0.0198796	1.20761
1399578147759974750	0.0062352	0.00585212	1.20687
1399578147861891640	-0.0156512	-0.0096441	1.20734
1399578147936890450	-0.020339	-0.0129657	1.20776
1399578147952883080	-0.0245935	-0.0168039	1.20877
1399578147968896622	-0.0185144	-0.0139852	1.21031
1399578148042814842	-0.00517114	-0.00571374	1.21175
1399578148060774767	0.0120238	0.00593825	1.21298
1399578148155779183	0.0320436	0.0210453	1.21408
1399578148171747049	0.049584	0.0355505	1.21577
1399578148188727194	0.0616994	0.0485734	1.21849
1399578148264728008	0.0673127	0.0578559	1.222
1399578148281709260	0.067247	0.0607779	1.22581
1399578148382646488	0.0588452	0.0548036	1.22928
1399578148399619884	0.0420369	0.0433009	1.23193
1399578148469605528	0.021136	0.0312139	1.23387
1399578148488684484	-0.00291339	0.0182501	1.23554
1399578148508691213	-0.0245683	0.00486691	1.23672
1399578148583609467	-0.0389659	-0.00882178	1.23748
1399578148684527339	-0.0452051	-0.0190373	1.23744
1399578148700484069	-0.0459531	-0.0236575	1.23665
1399578148717493075	-0.0397162	-0.0205571	1.23529
1399578148790499037	-0.0282714	-0.011437	1.23315
1399578148808428551	-0.0129865	0.00204783	1.23056
1399578148902419978	0.00696592	0.020451	1.22775
1399578148919394380	0.0275999	0.0379442	1.22572
1399578148936398701	0.0439975	0.0504965	1.22426
1399578149145310539	0.0488569	0.0626845	1.21917
1399578149215233709	0.0315251	0.0552306	1.21925
1399578149232259007	0.00569001	0.0414688	1.2201
1399578149248262899	-0.0251206	0.0229366	1.22155
1399578149325264424	-0.0552736	0.00300471	1.22351
1399578149365230491	-0.0801403	-0.0156038	1.22561
1399578149439217055	-0.0958032	-0.0282924	1.22772
1399578149456142037	-0.100753	-0.0341608	1.22995
1399578149472207256	-0.0990595	-0.0375102	1.23252
1399578149547160492	-0.0976583	-0.0409648	1.2357
1399578149564150014	-0.0885737	-0.0374465	1.2387
1399578149752056967	0.0109961	0.0304061	1.24667
1399578149768028500	0.0551371	0.0610417	1.25141
1399578149786055042	0.0909967	0.0856842	1.25702
1399578149883006151	0.115632	0.101998	1.26222
1399578149899009169	0.128968	0.110436	1.26623
1399578149970929369	0.121885	0.10781	1.26796
1399578149986936156	0.0944742	0.0931278	1.26901
1399578150003914557	0.0588518	0.0695871	1.27053
1399578150079855242	0.0190727	0.0412695	1.27293
1399578150178812097	-0.0182076	0.0151338	1.27611
1399578150195796248	-0.050624	-0.00619308	1.27961
1399578150211765227	-0.0767426	-0.0246557	1.28235
1399578150288763028	-0.093219	-0.0403358	1.28356
1399578150305792161	-0.0881275	-0.0468705	1.28164
1399578150408692402	-0.0647206	-0.0361632	1.27607
1399578150424665941	-0.0390301	-0.0143773	1.26887
1399578150494666332	-0.0206339	0.00682773	1.26268
1399578150510639510	-0.000605363	0.0264305	1.25592
1399578150606623454	0.0488213	0.0555664	1.24876
1399578150626648465	0.119617	0.0935523	1.24416
1399578150645618160	0.170912	0.115952	1.23959
1399578150719543202	0.182004	0.120981	1.232
1399578150815570977	0.15183	0.11004	1.22565
1399578150832536013	0.101714	0.0882066	1.22214
1399578150848502539	0.0215991	0.0399155	1.22243
1399578150925510097	-0.0631441	-0.0206336	1.23009
1399578150965401864	-0.121566	-0.0701438	1.24235
1399578151040448668	-0.137753	-0.0919233	1.25237
1399578151056438056	-0.116926	-0.0858748	1.25846
1399578151073369096	-0.0716623	-0.0580975	1.26265
1399578151174401170	-0.00870998	-0.0121461	1.26577
1399578151244418052	0.0496447	0.0406793	1.27207
1399578151261383194	0.109507	0.090426	1.27919
1399578151278301178	0.181795	0.136592	1.28695
1399578151376295436	0.219137	0.157683	1.2892
1399578151392271299	0.182649	0.134504	1.28303
1399578151466180877	0.0836067	0.0672816	1.2752
1399578151489215154	-0.0386869	-0.0235597	1.27559
1399578151588201819	-0.148188	-0.10204	1.28362
1399578151604187176	-0.205567	-0.136226	1.28665
1399578151680156710	-0.187191	-0.123333	1.27911
1399578151697106209	-0.118041	-0.0776541	1.26812
1399578151792040904	-0.00691322	-0.00550117	1.2623
1399578151809049347	0.115872	0.0857923	1.26846
1399578151825053808	0.214086	0.167654	1.28118
1399578151901059114	0.264338	0.208475	1.28904
1399578152001995135	0.268422	0.211896	1.28174
1399578152017971793	0.181323	0.14864	1.26384
1399578152034948443	0.0160761	0.0230833	1.25443
1399578152108976251	-0.143022	-0.117298	1.26142
1399578152148900229	-0.232316	-0.217168	1.27083
1399578152220852257	-0.246247	-0.233363	1.26482
1399578152236867305	-0.196982	-0.189716	1.24707
1399578152253825262	-0.0687241	-0.101364	1.23641
1399578152357814081	0.0914138	0.0201636	1.25237
1399578152430740343	0.215053	0.140148	1.28358
1399578152447773556	0.236526	0.200836	1.3003
1399578152464775234	0.158759	0.174899	1.30146
1399578152568680968	0.00893805	0.0509528	1.30395
1399578152639728960	-0.139283	-0.100474	1.32291
1399578152655675848	-0.223743	-0.195419	1.34259
1399578152672662183	-0.20104	-0.192204	1.34086
1399578152778570268	-0.106824	-0.110946	1.32465
1399578152852698926	-0.0164057	-0.0163607	1.31271
1399578152868563767	0.03281	0.0372862	1.30625
1399578152964703184	0.0387623	0.0402269	1.30433
1399578153060672292	0.0151524	0.0115389	1.30385
1399578153076615489	-0.0161135	-0.0214978	1.30562
1399578153093565596	-0.0306399	-0.0346834	1.30912
1399578153141680869	-0.0204705	-0.02321	1.31433
1399578153279394690	0.00235424	-0.00279522	1.31957
1399578153296534953	0.017373	0.00808365	1.32411
1399578153312410924	0.0167987	0.0056117	1.32761
1399578153391586625	0.0094884	-0.00104405	1.33044
1399578153408526887	-0.000539586	-0.0080434	1.33332
1399578156512269590	-0.00949848	-0.0131161	1.33551
1399578156512339666	-0.0139799	-0.0152567	1.33734
1399578156512396979	-0.0124517	-0.0147715	1.33907
1399578156512459277	0.00995548	0.0107542	1.33818
1399578156512497233	0.0132882	0.000996396	1.33288
1399578156512539415	0.0196469	0.00774408	1.32944
1399578156512571929	0.00785087	0.00274536	1.32314
1399578156512604135	-0.00558603	-0.00621865	1.32043
1399578156512636569	-0.0206665	-0.0169593	1.31794
1399578156512668391	-0.0379295	-0.0297737	1.31539
1399578156512708792	-0.0567482	-0.0440377	1.31279
1399578156512740872	-0.0764827	-0.0584169	1.31081
1399578156512773071	-0.0923889	-0.0691954	1.30821
1399578156512814332	-0.00724704	-0.000493605	1.29839
1399578156512864509	0.0313679	0.0169854	1.29476
1399578156512907493	0.0486975	0.0290446	1.29481
1399578156512939996	0.0423589	0.0234868	1.29352
1399578156512987601	0.0204073	0.0103454	1.29128
1399578156513020759	0.0103109	0.00652795	1.28915
1399578156513044587	0.0111983	0.00838797	1.28702
1399578156513077545	0.0162705	0.0112242	1.28444
1399578156513102388	0.0157402	0.0107919	1.28267
1399578156513134427	0.014539	0.0102381	1.28025
1399578156513167425	0.0158869	0.0111446	1.27825
1399578156513199361	0.0165635	0.0116849	1.27611
1399578156513250500	0.0158008	0.0115583	1.27166
1399578156513282800	0.0161277	0.0119815	1.26943
1399578156513314839	0.0161774	0.0120689	1.26744
1399578156513347025	0.0159157	0.0118816	1.26503
1399578156513378687	0.0156953	0.0121063	1.2631
1399578156513395692	0.0154296	0.0124245	1.25696
1399578156513427471	0.0153258	0.012549	1.25415
1399578156513467502	0.015239	0.0126535	1.25267
1399578156513499985	0.0150405	0.0126643	1.25019
1399578156513531627	0.014743	0.012865	1.246
1399578156513563706	0.0146733	0.0130938	1.24418
1399578156513596177	0.0144989	0.0130959	1.24183
1399578156513629840	0.0142532	0.0133497	1.23778
1399578156513670969	0.0142367	0.0133475	1.23575
1399578156513708815	0.0140315	0.0135582	1.23389
1399578156513741302	0.0139805	0.0135181	1.23156
1399578156513784817	0.01389	0.0136091	1.22995
1399578156513832495	0.0136576	0.0137402	1.22763
1399578156513873138	0.0136382	0.0137398	1.22565
1399578156513904809	0.0134897	0.013807	1.22367
1399578156513947700	0.0132303	0.0140223	1.21974
1399578156513979572	0.0131121	0.0141111	1.21756
1399578156514010987	0.0129389	0.0142217	1.21563
1399578156514051017	0.0122056	0.0141602	1.20474
1399578156514083628	0.0108971	0.0137998	1.18643
1399578156514115246	0.00970448	0.0133586	1.17021
1399578156514147623	0.00842634	0.0130211	1.15185
1399578156514179382	0.00722542	0.0125479	1.13558
1399578156514215189	0.00608347	0.0120665	1.11925
1399578156514247162	0.00505983	0.0115194	1.10297
1399578156514279168	0.00414321	0.010938	1.08859
1399578156514311020	0.00314736	0.0104097	1.07209
1399578156514342738	0.00220114	0.00973711	1.05754
1399578156514374721	0.00135775	0.00914544	1.04316
1399578156514415503	-9.50663e-05	0.00790015	1.01662
1399578156514447853	-0.000768639	0.0073119	1.00239
1399578156514483644	-0.00243153	0.00549991	0.964318
1399578156514515664	-0.00334012	0.00434896	0.940388
1399578156609011737	-0.0052376	0.000787281	0.876579
1399578156625061132	-0.00544891	0.000260919	0.867019
1399578156750008890	-0.00565142	-0.000217538	0.857226
1399578156789979321	-0.00579158	-0.000725247	0.848828
1399578156807905022	-0.00594317	-0.00119687	0.839496
1399578156830791502	-0.00610217	-0.00168213	0.831341
1399578156846957264	-0.00621515	-0.00216577	0.823095
1399578156881913003	-0.00630695	-0.00260054	0.814973
1399578156961908374	-0.00637241	-0.00305019	0.80763
1399578157001844961	-0.00645191	-0.0035014	0.799373
1399578157193915758	-0.00656006	-0.00558601	0.763524
1399578157209808171	-0.00655777	-0.00599133	0.757084
