#Time	 SERVO_1	 SERVO_2	 SERVO_3	 SERVO_4
1399578099741619055	1105	1105	1105	1105
1399578099759580801	1105	1105	1105	1105
1399578099788642796	1105	1105	1105	1105
1399578099856543593	1105	1105	1105	1105
1399578099908534640	1105	1105	1105	1105
1399578099956648070	1105	1105	1105	1105
1399578100002509694	1105	1105	1105	1105
1399578100066557453	1105	1105	1105	1105
1399578100126453190	1105	1105	1105	1105
1399578100142495588	1105	1105	1105	1105
1399578100163465481	1105	1105	1105	1105
1399578100232406109	1105	1105	1105	1105
1399578100248478694	1105	1105	1105	1105
1399578100325520686	1105	1105	1105	1105
1399578100367440770	1105	1105	1105	1105
1399578100384401358	1105	1105	1105	1105
1399578100401450505	1105	1105	1105	1105
1399578100425397422	1105	1105	1105	1105
1399578100501374797	1105	1105	1105	1105
1399578100561365830	1105	1105	1105	1105
1399578100577338277	1105	1105	1105	1105
1399578100641303890	1105	1105	1105	1105
1399578100657242619	1105	1105	1105	1105
1399578100691239635	1105	1105	1105	1105
1399578100718241024	1105	1105	1105	1105
1399578100769140874	1105	1105	1105	1105
1399578100790222426	1105	1105	1105	1105
1399578100852266467	1105	1105	1105	1105
1399578100877168934	1105	1105	1105	1105
1399578100957203212	1105	1105	1105	1105
1399578101000099866	1105	1105	1105	1105
1399578101027189340	1105	1105	1105	1105
1399578101043132554	1105	1105	1105	1105
1399578101112219975	1105	1105	1105	1105
1399578101174112827	1105	1105	1105	1105
1399578101190048456	1105	1105	1105	1105
1399578101245017937	1105	1105	1105	1105
1399578101261039169	1105	1105	1105	1105
1399578101278030496	1105	1105	1105	1105
1399578101320974909	1105	1105	1105	1105
1399578101384023026	1105	1105	1105	1105
1399578101437936950	1105	1105	1105	1105
1399578101457938722	1105	1105	1105	1105
1399578101474007882	1105	1105	1105	1105
1399578101540027126	1105	1105	1105	1105
1399578101556858768	1105	1105	1105	1105
1399578101654985910	1105	1105	1105	1105
1399578101702901125	1105	1105	1105	1105
1399578101718878708	1105	1105	1105	1105
1399578101734846579	1105	1105	1105	1105
1399578101769872685	1105	1105	1105	1105
1399578101787880802	1105	1105	1105	1105
1399578101878835994	1105	1105	1105	1105
1399578101895844407	1105	1105	1105	1105
1399578101971905534	1105	1105	1105	1105
1399578101987877331	1105	1105	1105	1105
1399578102084831642	1105	1105	1105	1105
1399578102130816910	1105	1105	1105	1105
1399578102146729308	1105	1105	1105	1105
1399578102182751659	1105	1105	1105	1105
1399578102202807383	1105	1105	1105	1105
1399578102265733981	1105	1105	1105	1105
1399578102352704195	1105	1105	1105	1105
1399578102368681280	1105	1105	1105	1105
1399578102404687617	1105	1105	1105	1105
1399578102421657452	1105	1105	1105	1105
1399578102476617627	1105	1105	1105	1105
1399578102538569769	1105	1105	1105	1105
1399578102578604974	1105	1105	1105	1105
1399578102618553197	1105	1105	1105	1105
1399578102638514828	1105	1105	1105	1105
1399578102654502915	1105	1105	1105	1105
1399578102708534492	1105	1105	1105	1105
1399578102748491839	1105	1105	1105	1105
1399578102771528256	1105	1105	1105	1105
1399578102813525754	1105	1105	1105	1105
1399578102842292524	1105	1105	1105	1105
1399578102924231474	1105	1105	1105	1105
1399578102941169365	1105	1105	1105	1105
1399578102985169168	1105	1105	1105	1105
1399578103024182484	1105	1105	1105	1105
1399578103040094515	1105	1105	1105	1105
1399578103112076808	1105	1105	1105	1105
1399578103136065207	1105	1105	1105	1105
1399578103187078132	1105	1105	1105	1105
1399578103233037732	1105	1105	1105	1105
1399578103249982017	1105	1105	1105	1105
1399578103277968194	1105	1105	1105	1105
1399578103337003237	1105	1105	1105	1105
1399578103373969273	1105	1105	1105	1105
1399578103413892877	1105	1105	1105	1105
1399578103454989533	1105	1105	1105	1105
1399578103471921685	1105	1105	1105	1105
1399578103555901326	1105	1105	1105	1105
1399578103572912975	1105	1105	1105	1105
1399578103711815249	1175	1175	1175	1175
1399578103728767244	1175	1175	1175	1175
1399578103765788065	1175	1175	1175	1175
1399578103782768636	1175	1175	1175	1175
1399578103792769430	1175	1175	1175	1175
1399578103880778736	1175	1175	1175	1175
1399578103897782140	1175	1175	1175	1175
1399578103908735276	1175	1175	1175	1175
1399578103972734060	1175	1175	1175	1175
1399578103989717601	1175	1175	1175	1175
1399578104117667749	1175	1175	1175	1175
1399578104134665452	1175	1175	1175	1175
1399578104150647444	1175	1175	1175	1175
1399578104184625178	1175	1175	1175	1175
1399578104205616210	1175	1175	1175	1175
1399578104287575174	1175	1175	1175	1175
1399578104336467004	1175	1175	1175	1175
1399578104353624201	1175	1175	1175	1175
1399578104386507576	1175	1175	1175	1175
1399578104403508264	1175	1175	1175	1175
1399578104473517971	1175	1175	1175	1175
1399578104559459894	1175	1175	1175	1175
1399578104576441425	1175	1175	1175	1175
1399578104611380469	1175	1175	1175	1175
1399578104628405139	1175	1175	1175	1175
1399578104686435015	1175	1175	1175	1175
1399578104710556764	1175	1175	1175	1175
1399578104758350536	1175	1175	1175	1175
1399578104774318320	1175	1175	1175	1175
1399578104791376257	1175	1175	1175	1175
1399578104837390269	1175	1175	1175	1175
1399578104901316326	1175	1175	1175	1175
1399578104961265936	1175	1175	1175	1175
1399578104977252989	1175	1175	1175	1175
1399578104998211020	1175	1175	1175	1175
1399578105061215208	1175	1175	1175	1175
1399578105077221263	1175	1175	1175	1175
1399578105158206462	1175	1175	1175	1175
1399578105199178000	1175	1175	1175	1175
1399578105223183574	1175	1175	1175	1175
1399578105239144664	1175	1175	1175	1175
1399578105267175804	1175	1175	1175	1175
1399578105307104841	1175	1175	1175	1175
1399578105390072945	1175	1175	1175	1175
1399578105407032221	1175	1175	1175	1175
1399578105441024755	1175	1175	1175	1175
1399578105467997989	1175	1175	1175	1175
1399578105521953614	1175	1175	1175	1175
1399578105583987405	1175	1175	1175	1175
1399578105627938418	1175	1175	1175	1175
1399578105653894586	1175	1175	1175	1175
1399578105676916570	1175	1175	1175	1175
1399578105740917667	1175	1175	1175	1175
1399578105757876141	1175	1175	1175	1175
1399578105821813165	1175	1175	1175	1175
1399578105850839601	1175	1175	1175	1175
1399578105870775675	1175	1175	1175	1175
1399578105906783460	1175	1175	1175	1175
1399578105998731589	1175	1175	1175	1175
1399578106014746941	1175	1175	1175	1175
1399578106068662457	1175	1175	1175	1175
1399578106084743602	1175	1175	1175	1175
1399578106153649397	1175	1175	1175	1175
1399578106177688648	1175	1175	1175	1175
1399578106199728079	1175	1175	1175	1175
1399578106288698066	1175	1175	1175	1175
1399578106304696390	1175	1175	1175	1175
1399578106321579963	1175	1175	1175	1175
1399578106358665213	1175	1175	1175	1175
1399578106421614470	1175	1175	1175	1175
1399578106437615550	1175	1175	1175	1175
1399578106500555786	1175	1175	1175	1175
1399578106516587796	1175	1175	1175	1175
1399578106586575683	1175	1175	1175	1175
1399578106603586740	1175	1175	1175	1175
1399578106676553142	1175	1175	1175	1175
1399578106724550245	1175	1175	1175	1175
1399578106755421741	1175	1175	1175	1175
1399578106801435044	1175	1175	1175	1175
1399578106828418823	1175	1175	1175	1175
1399578106900421055	1175	1175	1175	1175
1399578106956406269	1175	1175	1175	1175
1399578106973362392	1175	1175	1175	1175
1399578106989394698	1175	1175	1175	1175
1399578107030371823	1175	1175	1175	1175
1399578107110349510	1175	1175	1175	1175
1399578107158335680	1175	1175	1175	1175
1399578107175299464	1175	1175	1175	1175
1399578107198258550	1175	1175	1175	1175
1399578107244291214	1175	1175	1175	1175
1399578107308220102	1175	1175	1175	1175
1399578107332214060	1175	1175	1175	1175
1399578107382178547	1175	1175	1175	1175
1399578107406157617	1175	1175	1175	1175
1399578107468176670	1175	1175	1175	1175
1399578107484131326	1175	1175	1175	1175
1399578107512181288	1175	1175	1175	1175
1399578107589062634	1175	1175	1175	1175
1399578107616152065	1175	1175	1175	1175
1399578107678044831	1175	1175	1175	1175
1399578107695078638	1175	1175	1175	1175
1399578107723046261	1175	1175	1175	1175
1399578107769028598	1175	1175	1175	1175
1399578107866120865	1175	1175	1175	1175
1399578107883139541	1175	1175	1175	1175
1399578107899118717	1175	1175	1175	1175
1399578107916146618	1175	1175	1175	1175
1399578107947021255	1175	1175	1175	1175
1399578108019186376	1175	1175	1175	1175
1399578108048089364	1175	1175	1175	1175
1399578108068071693	1175	1175	1175	1175
1399578108116044363	1175	1175	1175	1175
1399578108200050332	1175	1175	1175	1175
1399578108219975713	1175	1175	1175	1175
1399578108267974128	1175	1175	1175	1175
1399578108284007214	1175	1175	1175	1175
1399578108305912654	1175	1175	1175	1175
1399578108364008431	1175	1175	1175	1175
1399578108398952193	1175	1175	1175	1175
1399578108492904297	1175	1175	1175	1175
1399578108519878553	1175	1175	1175	1175
1399578108558838885	1175	1175	1175	1175
1399578108621835469	1175	1175	1175	1175
1399578108637868938	1175	1175	1175	1175
1399578108706795982	1175	1175	1175	1175
1399578108722824761	1175	1175	1175	1175
1399578108788826285	1175	1175	1175	1175
1399578108804724759	1175	1175	1175	1175
1399578108827751766	1175	1175	1175	1175
1399578108902837762	1175	1175	1175	1175
1399578108935791770	1175	1175	1175	1175
1399578108952760172	1175	1175	1175	1175
1399578109002152280	1175	1175	1175	1175
1399578109028665361	1175	1175	1175	1175
1399578109081586934	1175	1175	1175	1175
1399578109171549063	1175	1175	1175	1175
1399578109187569195	1175	1175	1175	1175
1399578109218503457	1175	1175	1175	1175
1399578109236556775	1175	1175	1175	1175
1399578109300378635	1175	1175	1175	1175
1399578109360452656	1175	1175	1175	1175
1399578109376403366	1175	1175	1175	1175
1399578109397438017	1175	1175	1175	1175
1399578109460394440	1175	1175	1175	1175
1399578109478378044	1175	1175	1175	1175
1399578109558537512	1175	1175	1175	1175
1399578109600469248	1175	1175	1175	1175
1399578109618410496	1175	1175	1175	1175
1399578109635469236	1175	1175	1175	1175
1399578109667388982	1175	1175	1175	1175
1399578109716279046	1175	1175	1175	1175
1399578109791175197	1175	1175	1175	1175
1399578109807312873	1175	1175	1175	1175
1399578109841169860	1175	1175	1175	1175
1399578109868324391	1175	1175	1175	1175
1399578109922258116	1175	1175	1175	1175
1399578109985083036	1175	1175	1175	1175
1399578110028080947	1175	1175	1175	1175
1399578110045047395	1175	1175	1175	1175
1399578110077094446	1175	1175	1175	1175
1399578110141012687	1175	1175	1175	1175
1399578110159026864	1175	1175	1175	1175
1399578110230005968	1175	1175	1175	1175
1399578110261020645	1175	1175	1175	1175
1399578110351088672	1175	1175	1175	1175
1399578110373956238	1175	1175	1175	1175
1399578110391083076	1175	1175	1175	1175
1399578110470849288	1175	1175	1175	1175
1399578110486861990	1175	1175	1175	1175
1399578110506850820	1175	1175	1175	1175
1399578110546865311	1175	1175	1175	1175
1399578110601806591	1175	1175	1175	1175
1399578110696952266	1175	1175	1175	1175
1399578110723974255	1175	1175	1175	1175
1399578110765939810	1175	1175	1175	1175
1399578110785924191	1175	1175	1175	1175
1399578110827881917	1175	1175	1175	1175
1399578110907809872	1175	1175	1175	1175
1399578110923847020	1175	1175	1175	1175
1399578110949734251	1175	1175	1175	1175
1399578110987672481	1175	1175	1175	1175
1399578111029669901	1175	1175	1175	1175
1399578111104698338	1175	1175	1175	1175
1399578111124657052	1175	1175	1175	1175
1399578111188863321	1175	1175	1175	1175
1399578111212733425	1175	1175	1175	1175
1399578111231578902	1175	1175	1175	1175
1399578111306678542	1175	1175	1175	1175
1399578111357690171	1175	1175	1175	1175
1399578111392645276	1175	1175	1175	1175
1399578111439584798	1175	1175	1175	1175
1399578111503601718	1175	1175	1175	1175
1399578111562636814	1175	1175	1175	1175
1399578111579710411	1175	1175	1175	1175
1399578111600545625	1175	1175	1175	1175
1399578111662535979	1175	1175	1175	1175
1399578111679604731	1175	1175	1175	1175
1399578111706263105	1175	1175	1175	1175
1399578111837333505	1175	1175	1175	1175
1399578111853280499	1175	1175	1175	1175
1399578111873252666	1458	1453	1471	1457
1399578111889217383	1448	1461	1467	1463
1399578111973192132	1447	1458	1468	1466
1399578112015186090	1446	1459	1467	1467
1399578112086329040	1445	1455	1470	1472
1399578112103138497	1442	1461	1469	1471
1399578112119210632	1442	1463	1469	1469
1399578112192337541	1435	1463	1477	1477
1399578112209245849	1443	1460	1474	1474
1399578112313166324	1443	1455	1479	1479
1399578112329151501	1487	1506	1531	1522
1399578112401150890	1486	1507	1526	1526
1399578112417102431	1442	1457	1478	1488
1399578112434092401	1436	1462	1485	1485
1399578112536104929	1443	1460	1476	1490
1399578112552144900	1435	1461	1473	1499
1399578112626981593	1439	1455	1491	1487
1399578112643054097	1435	1461	1485	1491
1399578112659998685	1446	1448	1489	1498
1399578112737945687	1443	1458	1483	1498
1399578112837699714	1445	1449	1500	1491
1399578112854665424	1480	1499	1529	1540
1399578112870761000	1481	1491	1527	1546
1399578112943702511	1441	1455	1487	1510
1399578112960685192	1496	1489	1511	1549
1399578113057626218	1455	1453	1485	1508
1399578113073619011	1457	1457	1474	1510
1399578113090652059	1497	1497	1531	1531
1399578113167671337	1464	1449	1472	1513
1399578113184668821	1491	1510	1499	1549
1399578113259702152	1499	1509	1506	1538
1399578113302540243	1453	1479	1481	1477
1399578113373561687	1464	1481	1485	1468
1399578113389574837	1480	1469	1484	1465
1399578113409474699	1471	1478	1491	1458
1399578113486476822	1467	1482	1462	1487
1399578113592531238	1460	1487	1453	1494
1399578113608439801	1468	1487	1466	1485
1399578113625463620	1481	1472	1458	1496
1399578113699451456	1488	1476	1455	1500
1399578113716405406	1494	1468	1469	1488
1399578113732419656	1485	1487	1478	1482
1399578113834332909	1469	1505	1470	1496
1399578113909276436	1480	1497	1473	1490
1399578113925296740	1514	1461	1461	1514
1399578113942272171	1498	1485	1462	1513
1399578114013218575	1481	1504	1485	1487
1399578114117194459	1465	1518	1497	1478
1399578114133172528	1471	1516	1505	1473
1399578114150123946	1488	1499	1481	1498
1399578114225168474	1501	1492	1492	1492
1399578114242080217	1496	1494	1489	1500
1399578114258140114	1500	1485	1478	1516
1399578114356100088	1484	1503	1521	1487
1399578114372022244	1503	1484	1489	1519
1399578114443047983	1495	1495	1481	1525
1399578114466012001	1499	1484	1486	1526
1399578114483067580	1487	1491	1491	1525
1399578114583023622	1514	1501	1502	1553
1399578114665932374	1492	1484	1476	1540
1399578114681915407	1468	1508	1514	1505
1399578114697906282	1480	1499	1488	1528
1399578114771928162	1470	1517	1523	1485
1399578114787932729	1477	1510	1521	1483
1399578114886920663	1489	1504	1514	1488
1399578114903907084	1503	1497	1490	1509
1399578114973100586	1482	1522	1521	1470
1399578114988902612	1509	1495	1481	1506
1399578115006020114	1521	1487	1508	1479
1399578115109031429	1506	1502	1505	1478
1399578115124991870	1495	1509	1482	1505
1399578115197799554	1498	1502	1494	1498
1399578115214795246	1500	1491	1466	1521
1399578115231710716	1515	1474	1466	1523
1399578115332913899	1495	1499	1498	1496
1399578115406805965	1507	1486	1446	1537
1399578115423812352	1485	1515	1482	1497
1399578115439974976	1497	1503	1486	1492
1399578115540801061	1488	1503	1506	1481
1399578115557780167	1478	1518	1520	1476
1399578115632716308	1453	1541	1522	1471
1399578115649648632	1499	1499	1492	1501
1399578115746661969	1524	1473	1468	1525
1399578115763686745	1491	1506	1500	1498
1399578115834654093	1496	1502	1511	1486
1399578115850642791	1500	1496	1478	1522
1399578115951597113	1544	1447	1426	1567
1399578115967553541	1488	1505	1494	1513
1399578116043590388	1491	1502	1485	1525
1399578116059525892	1490	1499	1525	1485
1399578116155467371	1497	1501	1487	1523
1399578116178469089	1464	1536	1543	1460
1399578116194488289	1503	1503	1500	1510
1399578116269279393	1489	1519	1500	1508
1399578116371271853	1517	1494	1488	1518
1399578116387261361	1520	1488	1502	1506
1399578116403240559	1531	1466	1496	1523
1399578116479292318	1509	1482	1492	1535
1399578116578325769	1508	1481	1463	1560
1399578116595278008	1482	1505	1502	1527
1399578116611270336	1497	1499	1436	1579
1399578116684364449	1478	1518	1517	1513
1399578116726324211	1492	1505	1514	1514
1399578116799205025	1497	1520	1501	1516
1399578116815242664	1515	1515	1477	1527
1399578116832214833	1498	1538	1520	1476
1399578116932050365	1531	1513	1520	1469
1399578116948988588	1533	1510	1469	1520
1399578117016953207	1535	1503	1457	1535
1399578117033863011	1551	1483	1373	1600
1399578117136064111	1481	1551	1491	1504
1399578117152019880	1396	1612	1521	1481
1399578117225119300	1520	1511	1508	1494
1399578117244109003	1491	1543	1562	1424
1399578117344961802	1535	1507	1467	1522
1399578117361019229	1538	1513	1459	1522
1399578117432981231	1529	1521	1461	1522
1399578117449927479	1498	1549	1479	1506
1399578117556844685	1519	1536	1514	1476
1399578117572793512	1540	1510	1491	1494
1399578117649880607	1540	1516	1523	1468
1399578117666849832	1522	1534	1478	1511
1399578117782660206	1516	1535	1472	1521
1399578117798809328	1539	1507	1426	1556
1399578117867643545	1505	1539	1494	1498
1399578117963602610	1517	1531	1473	1516
1399578118005500774	1531	1521	1477	1508
1399578118077554975	1520	1540	1484	1499
1399578118093494771	1540	1527	1481	1496
1399578118186513722	1533	1536	1458	1517
1399578118284407470	1518	1552	1467	1507
1399578118301442120	1525	1549	1462	1508
1399578118311398481	1531	1545	1481	1489
1399578118392403064	1523	1553	1497	1471
1399578118408390411	1532	1545	1483	1485
1399578118512333785	1526	1547	1458	1502
1399578118528343291	1526	1553	1462	1502
1399578118544275683	1535	1546	1455	1508
1399578118615281636	1538	1541	1468	1498
1399578118632270513	1537	1540	1481	1487
1399578118648228476	1537	1540	1488	1480
1399578118747205964	1540	1538	1461	1511
1399578118818188261	1539	1542	1470	1498
1399578118835182314	1536	1544	1484	1484
1399578118851163544	1535	1545	1478	1490
1399578118927189086	1537	1540	1459	1514
1399578118967109967	1531	1543	1459	1518
1399578119044039609	1527	1543	1471	1509
1399578119061078841	1522	1545	1494	1489
1399578119077098743	1519	1543	1489	1496
1399578119154011158	1521	1538	1495	1495
1399578119170054355	1523	1533	1492	1501
1399578119273013035	1534	1518	1488	1505
1399578119289956656	1539	1507	1486	1511
1399578119362002844	1533	1513	1494	1506
1399578119384931105	1528	1509	1492	1507
1399578119400951132	1531	1502	1495	1509
1399578119496880110	1517	1506	1490	1520
1399578119567840286	1504	1521	1495	1514
1399578119583833265	1514	1514	1489	1517
1399578119600859991	1524	1499	1504	1502
1399578119674858484	1519	1504	1507	1499
1399578119691849886	1513	1513	1503	1505
1399578119793696062	1517	1510	1485	1521
1399578119809794843	1503	1524	1486	1516
1399578119825791423	1515	1515	1483	1513
1399578119895738561	1527	1504	1484	1509
1399578119912726922	1533	1504	1488	1507
1399578120012698753	1544	1494	1489	1502
1399578120029682116	1524	1522	1482	1505
1399578120105633979	1518	1528	1479	1508
1399578120122681343	1525	1521	1482	1505
1399578120138629655	1523	1519	1498	1494
1399578120212604712	1526	1522	1480	1509
1399578120253653728	1529	1521	1476	1511
1399578120325653487	1531	1522	1472	1513
1399578120341583647	1528	1524	1483	1502
1399578120358654837	1531	1521	1480	1505
1399578120432591067	1522	1534	1481	1508
1399578120473514330	1531	1525	1478	1511
1399578120551497343	1534	1522	1480	1509
1399578120567454669	1526	1522	1483	1502
1399578120638461876	1525	1521	1482	1505
1399578120655439708	1534	1514	1484	1514
1399578120672418801	1535	1507	1464	1529
1399578120772369942	1526	1518	1481	1513
1399578120789294695	1525	1517	1484	1511
1399578120858353720	1529	1508	1488	1507
1399578120875331946	1510	1529	1499	1499
1399578120892351328	1517	1523	1495	1503
1399578120992272986	1520	1516	1484	1518
1399578121066193421	1518	1516	1488	1511
1399578121082214149	1514	1522	1489	1508
1399578121099203936	1522	1516	1485	1510
1399578121174170563	1516	1524	1483	1523
1399578121191140922	1518	1518	1478	1524
1399578121293129568	1511	1526	1477	1531
1399578121309113508	1517	1521	1476	1535
1399578121326100975	1526	1511	1473	1537
1399578121400046962	1531	1511	1469	1537
1399578121416037222	1524	1516	1470	1538
1399578121612007788	1522	1518	1490	1520
1399578121627968831	1536	1506	1479	1531
1399578121644931490	1535	1510	1498	1510
1399578121714908435	1526	1520	1500	1508
1399578121736844945	1531	1519	1485	1519
1399578121753845079	1525	1527	1485	1517
1399578121851784971	1539	1514	1490	1509
1399578121922787910	1523	1531	1516	1484
1399578121939752662	1533	1521	1490	1509
1399578121955747087	1540	1513	1468	1523
1399578122031798090	1540	1511	1474	1504
1399578122071672635	1535	1521	1483	1498
1399578122149621635	1529	1529	1495	1480
1399578122165605836	1537	1526	1486	1482
1399578122182570257	1529	1538	1459	1505
1399578122260599959	1535	1537	1448	1509
1399578122276586680	1534	1537	1452	1507
1399578122378535049	1531	1541	1460	1502
1399578122395607963	1533	1538	1465	1499
1399578122465580361	1535	1538	1494	1477
1399578122482462074	1540	1536	1459	1507
1399578122581465074	1544	1529	1484	1484
1399578122598416167	1553	1514	1484	1488
1399578122685455447	1535	1543	1464	1504
1399578122787434746	1539	1539	1486	1486
1399578122804376241	1541	1535	1472	1502
1399578122820439579	1539	1532	1477	1500
1399578122895540928	1531	1537	1481	1496
1399578122936483990	1525	1538	1479	1502
1399578123007308664	1529	1527	1499	1490
1399578123024313698	1531	1523	1478	1514
1399578123040306011	1523	1523	1482	1509
1399578123199467623	1516	1534	1473	1522
1399578123231436116	1531	1521	1480	1514
1399578123248339069	1529	1525	1494	1498
1399578123348313859	1544	1515	1497	1495
1399578123424283764	1536	1527	1490	1495
1399578123441266902	1537	1531	1496	1489
1399578123536228186	1539	1531	1486	1497
1399578123563198979	1544	1528	1474	1504
1399578123579077942	1549	1520	1474	1502
1399578123674183229	1528	1531	1488	1490
1399578123745202131	1520	1528	1465	1520
1399578123762221745	1514	1522	1477	1517
1399578123778078924	1531	1501	1491	1510
1399578124078047260	1463	1568	1451	1548
1399578124094988353	1535	1522	1479	1513
1399578124172975679	1562	1500	1476	1503
1399578124297878939	1553	1533	1465	1497
1399578124313810077	1567	1526	1474	1489
1399578124385903466	1531	1559	1452	1516
1399578124524064614	1547	1539	1464	1510
1399578124600828881	1511	1567	1439	1541
1399578124617736077	1550	1528	1483	1504
1399578124708767542	1565	1505	1501	1499
1399578124748766548	1543	1527	1490	1516
1399578124834588908	1537	1511	1502	1527
1399578124919536925	1538	1496	1506	1536
1399578125029490882	1531	1501	1523	1529
1399578125045465304	1525	1498	1510	1543
1399578125137614006	1521	1491	1528	1540
1399578125154516765	1496	1515	1517	1551
1399578125268512163	1501	1509	1504	1561
1399578125284483234	1509	1507	1505	1562
1399578125360436999	1531	1486	1505	1562
1399578125377413111	1526	1497	1499	1562
1399578125456298389	1523	1506	1508	1549
1399578125498224551	1518	1518	1516	1539
1399578125568389735	1540	1503	1506	1538
1399578125585294473	1539	1511	1505	1534
1399578125601351816	1535	1521	1505	1531
1399578125675303598	1525	1541	1515	1500
1399578125716235049	1535	1539	1488	1518
1399578125788277095	1543	1540	1465	1531
1399578125805237386	1551	1535	1467	1516
1399578125821130069	1552	1534	1477	1506
1399578125898151062	1538	1553	1468	1513
1399578125914134973	1549	1541	1473	1507
1399578126018108287	1556	1533	1477	1506
1399578126034139077	1550	1534	1469	1511
1399578126105164747	1548	1527	1470	1504
1399578126122018434	1543	1535	1486	1495
1399578126138028808	1541	1533	1494	1483
1399578126238969999	1540	1531	1474	1506
1399578126313021719	1544	1522	1461	1520
1399578126333014598	1536	1525	1464	1523
1399578126351832958	1527	1531	1473	1518
1399578126426938631	1519	1536	1489	1508
1399578126442935388	1518	1537	1484	1514
1399578126540890054	1526	1532	1469	1526
1399578126556881217	1518	1544	1454	1537
1399578126573929513	1547	1516	1473	1518
1399578126650848548	1546	1519	1481	1513
1399578126667693852	1549	1519	1506	1487
1399578126767859072	1547	1522	1492	1501
1399578126784748946	1552	1518	1477	1523
1399578126851765896	1542	1526	1489	1506
1399578126869031934	1535	1534	1485	1515
1399578126884759056	1543	1523	1503	1503
1399578126960848246	1540	1524	1488	1520
1399578127000582933	1538	1527	1486	1522
1399578127077604657	1541	1517	1478	1532
1399578127094635743	1539	1518	1483	1529
1399578127110529857	1525	1531	1472	1540
1399578127186633385	1537	1520	1487	1529
1399578127290627597	1540	1517	1497	1520
1399578127306568538	1524	1534	1477	1535
1399578127322588827	1531	1529	1490	1520
1399578127392640415	1535	1526	1495	1514
1399578127409552808	1525	1529	1495	1514
1399578127425546427	1522	1532	1489	1519
1399578127531555077	1529	1527	1490	1524
1399578127602485871	1538	1508	1508	1506
1399578127619370085	1538	1506	1491	1525
1399578127635472745	1534	1509	1495	1520
1399578127713406341	1537	1503	1494	1523
1399578127753377930	1538	1504	1487	1535
1399578127825335110	1535	1496	1495	1532
1399578127842168496	1518	1514	1490	1535
1399578127858128945	1510	1519	1495	1534
1399578127934135200	1514	1514	1474	1548
1399578127951099955	1520	1507	1492	1534
1399578128054002131	1524	1503	1463	1557
1399578128070065669	1519	1508	1488	1540
1399578128141084851	1510	1515	1495	1537
1399578128158017413	1511	1516	1495	1539
1399578128174015156	1518	1507	1492	1542
1399578128271988924	1517	1515	1483	1544
1399578128288940677	1525	1517	1483	1546
1399578128364972363	1532	1511	1466	1558
1399578128380941029	1521	1529	1472	1548
1399578128467886282	1539	1516	1494	1525
1399578128564859357	1558	1501	1487	1529
1399578128580838659	1546	1521	1474	1536
1399578128597808083	1540	1533	1474	1529
1399578128672781083	1538	1533	1481	1521
1399578128693847455	1528	1540	1483	1521
1399578128793663703	1535	1536	1473	1528
1399578128809722073	1537	1535	1485	1519
1399578128884708550	1527	1544	1479	1529
1399578128901661421	1519	1548	1485	1523
1399578128918690536	1529	1535	1494	1521
1399578129034641143	1543	1510	1495	1528
1399578129104615133	1545	1507	1484	1537
1399578129127582109	1529	1525	1502	1527
1399578129143654972	1535	1519	1492	1535
1399578129219575149	1539	1511	1507	1528
1399578129315487084	1526	1526	1500	1531
1399578129332515302	1531	1531	1458	1556
1399578129348413275	1543	1517	1448	1560
1399578129422496742	1544	1525	1486	1524
1399578129464450862	1560	1518	1477	1517
1399578129534401430	1545	1537	1481	1510
1399578129556408392	1544	1541	1466	1521
1399578129573360106	1558	1529	1477	1504
1399578129678317882	1554	1536	1476	1501
1399578129750350795	1521	1577	1481	1496
1399578129766349722	1558	1548	1464	1506
1399578129783286009	1571	1537	1476	1490
1399578129883260969	1553	1559	1478	1484
1399578129957376421	1559	1562	1470	1483
1399578129974425501	1572	1553	1468	1477
1399578129990297328	1568	1562	1453	1489
1399578130089253382	1558	1573	1436	1500
1399578130106275555	1574	1562	1424	1510
1399578130176279681	1565	1571	1467	1467
1399578130193275690	1559	1579	1469	1471
1399578130289032164	1575	1560	1478	1463
1399578130306022330	1558	1573	1465	1480
1399578130322039085	1554	1574	1465	1488
1399578130424168974	1566	1561	1474	1489
1399578130499115885	1571	1544	1470	1508
1399578130515157431	1573	1531	1469	1524
1399578130617008773	1547	1544	1453	1544
1399578130632972244	1553	1534	1481	1536
1399578130705046079	1553	1537	1505	1509
1399578130810968821	1532	1568	1496	1506
1399578130828052247	1564	1546	1483	1506
1399578130916878151	1565	1553	1497	1482
1399578131022950164	1558	1556	1449	1523
1399578131064974362	1549	1555	1484	1492
1399578131134877751	1544	1546	1496	1498
1399578131237726267	1544	1534	1488	1509
1399578131345725993	1556	1519	1464	1529
1399578131361603157	1549	1528	1469	1524
1399578131452738208	1547	1524	1467	1532
1399578131468709243	1539	1528	1503	1503
1399578131584632452	1549	1509	1494	1523
1399578131601570255	1523	1523	1535	1494
1399578131671496789	1527	1508	1510	1529
1399578131772619034	1531	1497	1510	1543
1399578131814529153	1525	1483	1510	1558
1399578131884549087	1506	1481	1523	1561
1399578131901494219	1490	1492	1534	1552
1399578131985588349	1500	1466	1518	1575
1399578132027483798	1498	1464	1523	1571
1399578132097350477	1477	1485	1540	1553
1399578132113437089	1498	1474	1536	1551
1399578132202397636	1489	1498	1521	1549
1399578132313330213	1485	1515	1508	1543
1399578132329188348	1503	1503	1507	1539
1399578132345256302	1509	1509	1502	1533
1399578132415287928	1523	1508	1503	1528
1399578132432110054	1533	1508	1503	1518
1399578132448225257	1535	1522	1488	1520
1399578132553225084	1549	1515	1499	1503
1399578132630174463	1546	1521	1491	1508
1399578132647083920	1544	1533	1483	1502
1399578132663158005	1544	1536	1468	1508
1399578132735191642	1538	1546	1465	1511
1399578132836012962	1532	1550	1460	1510
1399578132859905159	1540	1544	1471	1497
1399578132876893773	1540	1546	1480	1490
1399578132952887221	1521	1561	1468	1496
1399578132969846276	1535	1547	1483	1483
1399578132985817814	1538	1551	1481	1489
1399578133087818267	1548	1538	1479	1491
1399578133160818855	1557	1526	1470	1510
1399578133177767011	1553	1529	1474	1508
1399578133194694685	1550	1526	1483	1506
1399578133269696897	1553	1519	1492	1505
1399578133311726936	1555	1507	1492	1514
1399578133381635020	1544	1520	1484	1524
1399578133403659718	1550	1505	1479	1544
1399578133419631422	1532	1520	1500	1535
1399578133494587796	1535	1507	1496	1538
1399578133510579547	1526	1514	1494	1540
1399578133696566732	1527	1504	1501	1544
1399578133713514021	1532	1499	1509	1537
1399578133729501792	1529	1504	1513	1533
1399578133832495030	1521	1508	1510	1535
1399578133848380146	1523	1513	1506	1536
1399578133921448938	1548	1483	1522	1518
1399578133938356887	1527	1508	1524	1516
1399578133954397560	1521	1519	1517	1519
1399578134029397287	1529	1510	1504	1523
1399578134125367708	1521	1521	1497	1528
1399578134141330970	1525	1525	1513	1513
1399578134158300260	1532	1520	1511	1511
1399578134234295811	1534	1516	1513	1513
1399578134251250426	1525	1527	1513	1510
1399578134350241112	1522	1528	1515	1510
1399578134367238895	1519	1535	1503	1518
1399578134383221893	1511	1544	1504	1517
1399578134453169413	1524	1537	1490	1526
1399578134469157665	1516	1550	1489	1527
1399578134489186495	1524	1545	1481	1529
1399578134590080519	1535	1540	1496	1510
1399578134667076590	1539	1542	1508	1494
1399578134684034697	1548	1541	1502	1494
1399578134701060684	1549	1545	1497	1492
1399578134772967728	1554	1548	1489	1498
1399578134876008836	1559	1548	1483	1498
1399578134891951794	1572	1543	1478	1501
1399578134908930069	1574	1546	1476	1501
1399578134981973386	1571	1549	1471	1501
1399578134998937164	1581	1541	1484	1490
1399578135014853895	1572	1546	1488	1490
1399578135115843800	1576	1541	1492	1488
1399578135131816755	1568	1549	1477	1508
1399578135202818245	1561	1549	1471	1522
1399578135219809771	1563	1540	1471	1526
1399578135235771936	1549	1549	1472	1535
1399578135333706161	1553	1538	1486	1528
1399578135349676636	1553	1531	1499	1528
1399578135421718604	1544	1532	1502	1531
1399578135437649041	1521	1548	1488	1550
1399578135454635137	1506	1551	1488	1555
1399578135531617095	1528	1528	1495	1555
1399578135635572535	1540	1509	1488	1563
1399578135652562311	1531	1516	1497	1562
1399578135671571351	1526	1520	1511	1547
1399578135737546690	1532	1509	1495	1557
1399578135754513915	1525	1521	1484	1558
1399578135856510386	1533	1519	1482	1555
1399578135872477912	1553	1486	1492	1549
1399578135948378546	1523	1521	1509	1537
1399578135965442985	1510	1538	1510	1535
1399578135981403587	1524	1528	1505	1534
1399578136053367685	1538	1519	1500	1533
1399578136095353533	1540	1523	1513	1515
1399578136165318204	1534	1531	1509	1514
1399578136188372989	1534	1526	1494	1529
1399578136204305907	1532	1522	1489	1535
1399578136280297449	1528	1516	1494	1540
1399578136375275380	1522	1516	1506	1538
1399578136392257848	1531	1502	1506	1541
1399578136409238439	1508	1515	1508	1544
1399578136485174607	1502	1519	1497	1555
1399578136525189662	1526	1497	1510	1549
1399578136602200107	1522	1492	1509	1553
1399578136619045223	1524	1490	1492	1567
1399578136697084769	1540	1467	1492	1567
1399578136740059569	1507	1503	1511	1552
1399578136810993656	1510	1510	1506	1551
1399578136826997937	1488	1540	1494	1553
1399578136843988626	1529	1513	1486	1544
1399578136943917397	1543	1517	1490	1522
1399578137017904604	1523	1556	1484	1505
1399578137034889088	1538	1553	1460	1517
1399578137050896834	1542	1560	1471	1490
1399578137152833700	1557	1557	1469	1478
1399578137168806904	1560	1563	1452	1478
1399578137238743617	1579	1541	1437	1492
1399578137279744589	1585	1534	1443	1498
1399578137351721662	1555	1553	1461	1492
1399578137367697543	1550	1552	1483	1483
1399578137472703943	1548	1553	1481	1496
1399578137489635631	1549	1546	1488	1499
1399578137560639829	1540	1557	1477	1513
1399578137577648666	1539	1558	1492	1501
1399578137676561119	1558	1531	1482	1514
1399578137692583409	1551	1533	1482	1520
1399578137767538904	1534	1545	1501	1511
1399578137808519931	1538	1540	1495	1524
1399578137928539767	1542	1532	1487	1535
1399578137957551167	1537	1537	1499	1532
1399578138112474513	1569	1506	1490	1535
1399578138128391243	1586	1486	1501	1520
1399578138212378290	1526	1562	1492	1524
1399578138331332175	1543	1549	1489	1519
1399578138410382940	1490	1593	1500	1496
1399578138427356162	1561	1543	1478	1507
1399578138516418632	1556	1556	1459	1507
1399578138558309280	1581	1535	1478	1482
1399578138629095650	1581	1538	1477	1481
1399578138645427203	1555	1555	1480	1480
1399578138729326151	1549	1557	1455	1506
1399578138847311844	1533	1569	1458	1508
1399578138864151941	1562	1534	1478	1492
1399578138880141031	1571	1517	1479	1498
1399578138953219255	1568	1522	1482	1497
1399578139075113279	1572	1515	1476	1501
1399578139091082019	1576	1509	1482	1499
1399578139162081680	1553	1539	1462	1521
1399578139177985903	1534	1555	1459	1524
1399578139291987842	1553	1535	1466	1521
1399578139307958236	1551	1531	1483	1513
1399578139379989707	1549	1528	1492	1509
1399578139396987523	1548	1525	1506	1500
1399578139477913454	1543	1523	1488	1526
1399578139493868376	1542	1522	1476	1539
1399578139596895574	1549	1509	1498	1527
1399578139613828526	1544	1518	1486	1535
1399578139629836489	1540	1524	1484	1535
1399578139701702915	1531	1531	1479	1541
1399578139719109155	1527	1533	1481	1546
1399578139816736214	1531	1528	1494	1538
1399578139833714552	1520	1537	1491	1543
1399578139904656428	1531	1525	1514	1526
1399578139920706783	1535	1520	1524	1516
1399578139936707080	1542	1520	1524	1520
1399578140012629147	1553	1507	1505	1535
1399578140052634346	1565	1495	1533	1510
1399578140130696942	1561	1498	1516	1531
1399578140146643829	1553	1507	1496	1546
1399578140163559861	1551	1506	1502	1548
1399578140241593330	1540	1514	1514	1540
1399578140344422972	1535	1519	1491	1562
1399578140361382200	1536	1508	1501	1562
1399578140380369900	1542	1490	1526	1550
1399578140453348069	1544	1479	1518	1560
1399578140469296788	1525	1500	1526	1562
1399578140486373173	1506	1519	1526	1565
1399578140584364798	1514	1503	1533	1562
1399578140654241247	1516	1501	1514	1578
1399578140671231780	1515	1504	1507	1581
1399578140687223570	1513	1504	1510	1574
1399578140762252826	1523	1496	1518	1567
1399578140805236551	1521	1502	1525	1558
1399578140875102001	1526	1501	1510	1566
1399578140892148362	1517	1515	1504	1567
1399578140908112449	1517	1515	1501	1567
1399578140985160033	1531	1502	1516	1553
1399578141001118173	1549	1486	1509	1557
1399578141102119187	1535	1505	1514	1542
1399578141119047631	1524	1524	1508	1541
1399578141190035384	1537	1516	1526	1516
1399578141408074053	1540	1534	1478	1535
1399578141424965429	1531	1546	1486	1528
1399578141442038762	1540	1537	1486	1528
1399578141517065700	1545	1528	1497	1518
1399578141632913075	1547	1528	1501	1511
1399578141724061174	1549	1531	1489	1519
1399578141740877358	1545	1532	1498	1513
1399578141840720815	1545	1532	1498	1513
1399578141857714800	1541	1533	1496	1519
1399578141873702032	1541	1529	1497	1522
1399578141943885894	1540	1528	1501	1520
1399578141960730663	1549	1516	1491	1531
1399578141976754260	1558	1510	1495	1526
1399578142076695172	1552	1524	1492	1522
1399578142151556618	1550	1531	1485	1529
1399578142167559072	1541	1546	1492	1522
1399578142183522388	1545	1545	1496	1515
1399578142260530722	1548	1541	1477	1527
1399578142300444492	1544	1555	1487	1517
1399578142378511313	1553	1549	1491	1508
1399578142394489390	1552	1550	1479	1517
1399578142411570322	1555	1549	1488	1509
1399578142487580414	1558	1551	1488	1507
1399578142503637597	1554	1553	1488	1505
1399578142607509399	1558	1548	1491	1504
1399578142624443363	1558	1549	1497	1497
1399578142699412130	1556	1549	1494	1502
1399578142716498464	1556	1549	1483	1513
1399578142732460606	1559	1548	1497	1501
1399578142831258999	1557	1553	1479	1515
1399578142899208203	1562	1550	1496	1500
1399578142923199801	1554	1558	1487	1513
1399578142940161207	1546	1566	1490	1509
1399578143016176919	1553	1556	1500	1500
1399578143033142770	1545	1565	1469	1532
1399578143134076658	1549	1561	1484	1518
1399578143151086042	1549	1564	1497	1505
1399578143219987913	1542	1576	1488	1507
1399578143244082192	1545	1575	1473	1520
1399578143260011730	1552	1573	1468	1519
1399578143359985398	1585	1542	1484	1501
1399578143376951542	1576	1556	1458	1517
1399578143447914829	1570	1558	1482	1497
1399578143464923608	1573	1550	1484	1497
1399578143562836501	1567	1546	1492	1492
1399578143578773120	1563	1545	1484	1507
1399578143653781303	1567	1531	1485	1517
1399578143673787709	1554	1536	1474	1535
1399578143766780641	1541	1541	1462	1540
1399578143786732666	1535	1551	1478	1526
1399578143802706062	1536	1543	1473	1531
1399578143881740249	1540	1528	1486	1526
1399578143985660771	1540	1523	1489	1533
1399578144001661760	1535	1522	1490	1534
1399578144018638208	1540	1516	1501	1528
1399578144092615585	1541	1506	1509	1524
1399578144187608762	1535	1506	1496	1543
1399578144203691944	1511	1526	1511	1537
1399578144220546004	1503	1526	1511	1547
1399578144321550525	1531	1489	1532	1537
1399578144337445677	1491	1525	1517	1556
1399578144410503551	1489	1519	1522	1555
1399578144519465688	1496	1510	1514	1563
1399578144536406104	1480	1535	1503	1563
1399578144552460808	1535	1498	1506	1548
1399578144626464794	1533	1517	1502	1535
1399578144721398925	1537	1524	1515	1510
1399578144738348912	1563	1514	1498	1504
1399578144754287204	1540	1551	1457	1532
1399578144854306772	1543	1554	1467	1514
1399578144935424898	1567	1541	1466	1500
1399578145041403521	1589	1519	1496	1464
1399578145083415915	1549	1561	1467	1492
1399578145153339100	1553	1560	1452	1507
1399578145262369479	1561	1548	1462	1508
1399578145388239146	1538	1549	1447	1546
1399578145405172317	1544	1532	1494	1519
1399578145477120057	1541	1525	1503	1520
1399578145494236000	1551	1502	1509	1524
1399578145601124806	1536	1515	1497	1547
1399578145616972392	1533	1521	1514	1539
1399578145690925192	1515	1541	1504	1543
1399578145750944436	1516	1542	1490	1555
1399578145809018421	1531	1531	1508	1540
1399578145895093492	1535	1532	1524	1520
1399578145910886126	1540	1535	1514	1520
1399578145996971249	1550	1535	1517	1513
1399578146137758496	1534	1555	1496	1529
1399578146154016642	1536	1553	1491	1525
1399578146233837336	1525	1567	1479	1531
1399578146252809158	1551	1540	1496	1519
1399578146348789562	1559	1536	1489	1523
1399578146364856679	1557	1544	1479	1523
1399578146437710814	1560	1544	1479	1523
1399578146453894895	1571	1537	1498	1506
1399578146470700318	1557	1557	1497	1497
1399578146543522883	1558	1558	1480	1514
1399578146584729415	1558	1562	1466	1523
1399578146655583656	1550	1573	1462	1527
1399578146672643258	1557	1568	1464	1519
1399578146688539636	1573	1550	1484	1501
1399578146765575640	1589	1535	1489	1496
1399578146869585254	1582	1533	1486	1501
1399578146885602847	1570	1545	1488	1499
1399578146902517528	1573	1542	1494	1494
1399578146977516121	1551	1566	1488	1497
1399578146994402235	1562	1553	1498	1489
1399578147010430921	1546	1562	1486	1505
1399578147114441283	1531	1572	1479	1519
1399578147186479033	1525	1572	1490	1514
1399578147202398301	1533	1559	1497	1516
1399578147219320152	1500	1579	1498	1523
1399578147292402922	1519	1561	1494	1527
1399578147333410473	1542	1542	1482	1539
1399578147410468406	1561	1515	1502	1523
1399578147427361696	1571	1502	1490	1534
1399578147498405343	1553	1524	1495	1531
1399578147515208412	1540	1535	1494	1535
1399578147532326289	1571	1484	1494	1544
1399578147634293858	1540	1529	1486	1550
1399578147650174647	1573	1478	1498	1548
1399578147716126335	1536	1525	1503	1544
1399578147732080240	1516	1544	1508	1540
1399578147748985164	1514	1544	1509	1540
1399578147850872416	1524	1537	1509	1539
1399578147866892202	1478	1571	1514	1537
1399578147941874563	1523	1538	1502	1544
1399578147957891894	1554	1504	1496	1548
1399578147973843085	1531	1531	1490	1553
1399578148047806652	1554	1500	1492	1553
1399578148143766739	1547	1511	1495	1553
1399578148160803971	1564	1494	1500	1546
1399578148176733985	1553	1513	1503	1540
1399578148253828150	1570	1499	1505	1542
1399578148269740517	1585	1486	1486	1552
1399578148371668454	1540	1541	1497	1544
1399578148387677138	1571	1503	1501	1544
1399578148404605076	1543	1540	1513	1536
1399578148474612124	1535	1547	1516	1531
1399578148496601070	1508	1567	1506	1543
1399578148513618608	1536	1543	1492	1555
1399578148611591747	1504	1567	1505	1550
1399578148689412736	1531	1543	1510	1549
1399578148705441117	1556	1510	1508	1554
1399578148722433053	1498	1561	1513	1556
1399578148795379616	1547	1511	1515	1558
1399578148836405909	1550	1501	1507	1568
1399578148907394621	1548	1506	1502	1571
1399578148924358141	1537	1520	1508	1566
1399578148941403045	1552	1492	1508	1569
1399578149133354151	1543	1502	1520	1568
1399578149150309772	1535	1507	1532	1558
1399578149220280250	1524	1524	1535	1555
1399578149237284000	1525	1525	1532	1553
1399578149253291557	1504	1544	1529	1554
1399578149354312381	1511	1539	1529	1561
1399578149428239511	1522	1534	1538	1549
1399578149444209134	1546	1510	1522	1560
1399578149461197732	1423	1609	1548	1538
1399578149536168047	1470	1574	1537	1544
1399578149553100888	1537	1524	1525	1549
1399578149757073924	1592	1477	1492	1547
1399578149773037051	1575	1505	1498	1544
1399578149871998062	1609	1459	1492	1550
1399578149887981622	1612	1448	1491	1562
1399578149959027440	1542	1535	1524	1535
1399578149975968925	1585	1479	1507	1547
1399578149991957064	1524	1557	1503	1537
1399578150067958507	1553	1533	1497	1535
1399578150107854353	1546	1546	1507	1514
1399578150183771301	1543	1553	1499	1518
1399578150200832543	1459	1617	1519	1502
1399578150216825381	1533	1556	1495	1534
1399578150293760520	1540	1540	1494	1541
1399578150396725680	1549	1514	1508	1536
1399578150413715624	1523	1535	1526	1532
1399578150429686095	1535	1521	1528	1532
1399578150499666003	1469	1558	1533	1541
1399578150539640522	1546	1485	1514	1557
1399578150612605329	1558	1470	1505	1570
1399578150634598376	1635	1354	1482	1611
1399578150707538919	1500	1515	1548	1562
1399578150749570528	1528	1471	1549	1566
1399578150820540219	1513	1477	1546	1567
1399578150837512420	1486	1520	1546	1541
1399578150853490604	1473	1553	1517	1543
1399578150954474966	1447	1581	1527	1531
1399578151028471618	1553	1494	1501	1550
1399578151045451889	1461	1570	1519	1538
1399578151061420987	1486	1553	1492	1549
1399578151162372158	1554	1489	1503	1537
1399578151179384156	1498	1559	1525	1506
1399578151249385540	1566	1500	1492	1532
1399578151266316935	1733	1282	1447	1592
1399578151381283016	1565	1450	1529	1569
1399578151397307822	1544	1489	1506	1554
1399578151477243298	1452	1591	1501	1531
1399578151573197758	1430	1612	1529	1510
1399578151593183017	1524	1531	1531	1535
1399578151609172946	1304	1660	1564	1546
1399578151685152364	1564	1443	1513	1569
1399578151781104761	1553	1459	1494	1569
1399578151797087513	1626	1399	1511	1539
1399578151814051086	1582	1474	1515	1544
1399578151890077207	1764	1211	1503	1612
1399578151930032512	1667	1234	1555	1652
1399578152006993532	1452	1526	1567	1585
1399578152022991488	1350	1640	1558	1527
1399578152039959322	1242	1717	1486	1586
1399578152137906383	1463	1545	1527	1594
1399578152209854565	1211	1656	1621	1593
1399578152225813181	1472	1443	1564	1623
1399578152241861758	1525	1411	1489	1633
1399578152346811402	1738	1211	1466	1599
1399578152362821328	1617	1357	1522	1558
1399578152435754463	1709	1211	1546	1581
1399578152452795157	1463	1497	1567	1560
1399578152557744460	1367	1633	1510	1515
1399578152573721987	1389	1647	1451	1536
1399578152644699742	1211	1688	1473	1520
1399578152660670763	1506	1339	1423	1486
1399578152766635309	1581	1218	1443	1466
1399578152783533403	1537	1256	1451	1462
1399578152857735292	1452	1347	1440	1469
1399578152953857223	1372	1427	1412	1454
1399578152994707592	1331	1479	1408	1448
1399578153065640806	1350	1458	1407	1434
1399578153081610180	1407	1403	1396	1426
1399578153125620088	1460	1360	1389	1418
1399578153195594588	1459	1357	1377	1417
1399578153284546470	1418	1404	1373	1415
1399578153301530641	1393	1425	1370	1402
1399578153379484620	1385	1437	1374	1393
1399578153396557835	1387	1437	1375	1390
1399578153497471576	1394	1422	1369	1388
1399578156512310506	1409	1409	1363	1391
1399578156512372527	1418	1387	1351	1391
1399578156512431948	1672	1211	1523	1388
1399578156512481360	1479	1295	1374	1399
1399578156512523987	1392	1375	1383	1385
1399578156512556668	1175	1175	1175	1175
1399578156512588767	1175	1175	1175	1175
1399578156512621621	1175	1175	1175	1175
1399578156512653230	1175	1175	1175	1175
1399578156512693621	1175	1175	1175	1175
1399578156512725507	1175	1175	1175	1175
1399578156512758054	1175	1175	1175	1175
1399578156512789813	1175	1175	1175	1175
1399578156512848425	1175	1175	1175	1175
1399578156512891396	1175	1175	1175	1175
1399578156512924638	1175	1175	1175	1175
1399578156512956868	1175	1175	1175	1175
1399578156513005588	1175	1175	1175	1175
1399578156513062364	1175	1175	1175	1175
1399578156513119116	1175	1175	1175	1175
1399578156513152231	1175	1175	1175	1175
1399578156513184153	1175	1175	1175	1175
1399578156513216359	1175	1175	1175	1175
1399578156513235466	1175	1175	1175	1175
1399578156513267589	1175	1175	1175	1175
1399578156513299618	1175	1175	1175	1175
1399578156513332065	1175	1175	1175	1175
1399578156513363673	1175	1175	1175	1175
1399578156513412243	1175	1175	1175	1175
1399578156513451930	1175	1175	1175	1175
1399578156513484868	1175	1175	1175	1175
1399578156513516539	1175	1175	1175	1175
1399578156513548311	1175	1175	1175	1175
1399578156513580571	1175	1175	1175	1175
1399578156513613255	1175	1175	1175	1175
1399578156513655170	1175	1175	1175	1175
1399578156513693287	1175	1175	1175	1175
1399578156513726121	1175	1175	1175	1175
1399578156513758648	1175	1175	1175	1175
1399578156513816847	1175	1175	1175	1175
1399578156513858357	1175	1175	1175	1175
1399578156513889545	1175	1175	1175	1175
1399578156513922045	1175	1175	1175	1175
1399578156513932886	1175	1175	1175	1175
1399578156513964451	1175	1175	1175	1175
1399578156513995799	1175	1175	1175	1175
1399578156514035526	1105	1105	1105	1105
1399578156514068510	1105	1105	1105	1105
1399578156514100082	1105	1105	1105	1105
1399578156514132722	1105	1105	1105	1105
1399578156514164347	1105	1105	1105	1105
1399578156514200306	1105	1105	1105	1105
1399578156514232225	1105	1105	1105	1105
1399578156514264140	1105	1105	1105	1105
1399578156514296009	1105	1105	1105	1105
1399578156514327664	1105	1105	1105	1105
1399578156514359857	1105	1105	1105	1105
1399578156514400516	1105	1105	1105	1105
1399578156514432956	1105	1105	1105	1105
1399578156514464722	1105	1105	1105	1105
1399578156514500746	1105	1105	1105	1105
1399578156567171455	1105	1105	1105	1105
1399578156614009774	1105	1105	1105	1105
1399578156693063821	1105	1105	1105	1105
1399578156778873769	1105	1105	1105	1105
1399578156794808365	1105	1105	1105	1105
1399578156818876039	1105	1105	1105	1105
1399578156835918411	1105	1105	1105	1105
1399578156869771420	1105	1105	1105	1105
1399578156990877439	1105	1105	1105	1105
1399578157006833212	1105	1105	1105	1105
1399578157058857516	1105	1105	1105	1105
1399578157181800785	1105	1105	1105	1105
1399578157198794679	1105	1105	1105	1105
