#Time	 Roll 	 Pitch 	 Yaw
1399576737107934567	-0.0611948	-0.0128477	0.376394
1399576737124933572	-0.0612319	-0.0128348	0.376459
1399576737190933766	-0.0612131	-0.0128638	0.376592
1399576737207988156	-0.0612288	-0.0128586	0.376706
1399576737223852093	-0.0612269	-0.0128779	0.376781
1399576737259814264	-0.0611891	-0.0129035	0.376867
1399576737401949743	-0.0611874	-0.0129235	0.376936
1399576737417845078	-0.0611962	-0.0129498	0.376987
1399576737434874386	-0.0611614	-0.0129647	0.377057
1399576737450808731	-0.0611339	-0.0129863	0.377088
1399576737517821560	-0.0611274	-0.0130018	0.377168
1399576737560717704	-0.0611113	-0.0130305	0.377147
1399576737583874664	-0.061102	-0.0130336	0.37707
1399576737599818620	-0.061098	-0.0130189	0.376999
1399576737618857598	-0.0610912	-0.0129968	0.376922
1399576737717849684	-0.06109	-0.0129996	0.376878
1399576737734782130	-0.0611069	-0.0129958	0.376754
1399576737776776358	-0.061127	-0.0130031	0.376561
1399576737799466533	-0.0611215	-0.0129666	0.376392
1399576737849526281	-0.0611365	-0.0129922	0.3763
1399576737870522472	-0.0611406	-0.0130148	0.376226
1399576737938518738	-0.061159	-0.0130492	0.376132
1399576737984482002	-0.0611751	-0.0130566	0.376031
1399576738007482611	-0.0611857	-0.0130869	0.375935
1399576738024429680	-0.0611854	-0.0130914	0.375807
1399576738138514909	-0.0611791	-0.0130753	0.375685
1399576738155370016	-0.0611876	-0.0130603	0.37554
1399576738172397027	-0.0611804	-0.0130605	0.375363
1399576738220344636	-0.0611939	-0.0130552	0.375201
1399576738236343760	-0.0611923	-0.0130328	0.375142
1399576738263348716	-0.0611941	-0.0130367	0.375053
1399576738349332557	-0.0611842	-0.0130353	0.374997
1399576738366283435	-0.0611544	-0.0130465	0.375012
1399576738428271926	-0.0611818	-0.0130377	0.375018
1399576738445287362	-0.061159	-0.0130321	0.37516
1399576738504254408	-0.0611505	-0.013038	0.375309
1399576738522194408	-0.0611397	-0.0130361	0.375469
1399576738538196760	-0.0611696	-0.0130646	0.375686
1399576738664199120	-0.0611721	-0.0130929	0.375869
1399576738704130970	-0.0611668	-0.0131298	0.376028
1399576738722143479	-0.0611553	-0.0131577	0.376161
1399576738744101454	-0.0611281	-0.0131706	0.376311
1399576738760118206	-0.0611404	-0.0131568	0.376478
1399576738795081687	-0.0611587	-0.0131716	0.376661
1399576738862055564	-0.0611542	-0.0131605	0.376808
1399576738879068892	-0.0611514	-0.0131672	0.376938
1399576738904078664	-0.06115	-0.0131563	0.376894
1399576738984022732	-0.061146	-0.013142	0.37671
1399576739001012033	-0.061175	-0.0131254	0.376541
1399576739052998735	-0.0612003	-0.0130949	0.376418
1399576739102987981	-0.061158	-0.0131145	0.376258
1399576739161936074	-0.0611531	-0.0131132	0.37625
1399576739197884588	-0.0611167	-0.013106	0.37619
1399576739251914067	-0.0610889	-0.0131387	0.376035
1399576739305920070	-0.0610767	-0.0131335	0.375919
1399576739325901410	-0.0611072	-0.0131272	0.375808
1399576739363883287	-0.0611225	-0.0131055	0.375696
1399576739380841298	-0.0611193	-0.0131012	0.375596
1399576739470864870	-0.061088	-0.0130981	0.375592
1399576739486820418	-0.0610846	-0.0130834	0.3756
1399576739521825900	-0.0610479	-0.0130861	0.375575
1399576739566790192	-0.061014	-0.0130981	0.375548
1399576739583805632	-0.0609801	-0.0131352	0.375537
1399576739688739584	-0.0609457	-0.013138	0.375663
1399576739704719317	-0.0609078	-0.013153	0.375737
1399576739750726925	-0.0608988	-0.013187	0.375818
1399576739785730252	-0.0609195	-0.0131962	0.375879
1399576739801685093	-0.0609627	-0.0132253	0.375905
1399576739869804170	-0.060968	-0.0132204	0.37611
1399576739887621639	-0.0609857	-0.0132159	0.376271
1399576739903607506	-0.0610143	-0.0132266	0.376431
1399576739956590571	-0.061028	-0.0132347	0.376588
1399576740019582307	-0.0610696	-0.0132389	0.376711
1399576740040572530	-0.0611055	-0.0132532	0.376895
1399576740075563398	-0.0611438	-0.0132581	0.377043
1399576740096551551	-0.0611473	-0.0132742	0.377051
1399576740168532085	-0.0611336	-0.0132448	0.376958
1399576740247499174	-0.0611376	-0.0132359	0.376841
1399576740264464340	-0.0611581	-0.0132124	0.376784
1399576740280468992	-0.0611477	-0.0132173	0.376741
1399576740331451700	-0.0611415	-0.0131735	0.376678
1399576740348449227	-0.0611437	-0.0131613	0.376623
1399576740423435843	-0.0611448	-0.013135	0.376548
1399576740440419273	-0.0611577	-0.0131166	0.37642
1399576740525426529	-0.0611438	-0.0130832	0.376301
1399576740541408748	-0.0611269	-0.0130888	0.376284
1399576740558338748	-0.0611129	-0.013134	0.376383
1399576740637296427	-0.0610843	-0.0131658	0.376451
1399576740653291805	-0.0610634	-0.0131799	0.376413
1399576740673362910	-0.0610827	-0.0131852	0.376365
1399576740726304662	-0.0611122	-0.0132049	0.37636
1399576740743238698	-0.0611238	-0.0131876	0.376375
1399576740847201681	-0.0611131	-0.013187	0.376393
1399576740895195441	-0.0611299	-0.0132	0.376618
1399576740911191035	-0.0611516	-0.0132009	0.376818
1399576740949180971	-0.0611626	-0.0131884	0.376878
1399576740965175258	-0.061146	-0.0131808	0.376816
1399576741049192788	-0.0610887	-0.0131398	0.376758
1399576741106140505	-0.0610709	-0.0131042	0.376695
1399576741123134008	-0.0610563	-0.0130985	0.376668
1399576741165081692	-0.0610664	-0.013082	0.376631
1399576741201111780	-0.061089	-0.0130793	0.376576
1399576741259084437	-0.0610707	-0.0130615	0.376445
1399576741313046078	-0.0611104	-0.013025	0.376297
1399576741363056770	-0.0611026	-0.0130038	0.376208
1399576741410028299	-0.0611022	-0.0130054	0.376152
1399576741426051505	-0.0611095	-0.0129591	0.376103
1399576741509011886	-0.0611172	-0.0129647	0.376075
1399576741525998860	-0.0611027	-0.0129624	0.376054
1399576741577956859	-0.0610984	-0.0129639	0.37604
1399576741594942166	-0.0611082	-0.0129984	0.376034
1399576741730915420	-0.0611222	-0.0130261	0.376072
1399576741791791500	-0.0611371	-0.0130244	0.376089
1399576741807798156	-0.0611266	-0.0130439	0.376106
1399576741835822864	-0.0611059	-0.013037	0.376167
1399576741888796311	-0.0610918	-0.0130461	0.376197
1399576741946790150	-0.0611117	-0.0130617	0.376192
1399576741963738024	-0.0611071	-0.0130587	0.376168
1399576742005733941	-0.0611046	-0.013071	0.376152
1399576742039715551	-0.0611168	-0.0130693	0.376176
1399576742100732901	-0.0611122	-0.0130803	0.37621
1399576742116696323	-0.0610856	-0.0130796	0.376213
1399576742163724335	-0.0610877	-0.0130713	0.376253
1399576742195657298	-0.061141	-0.0131104	0.376285
1399576742221732432	-0.0611534	-0.0131167	0.376312
1399576742347648184	-0.0611501	-0.0131359	0.376301
1399576742366598264	-0.0611746	-0.0131294	0.376337
1399576742449579971	-0.0611938	-0.013146	0.376357
1399576742466535189	-0.0612051	-0.0131498	0.376373
1399576742482541780	-0.0612108	-0.0131432	0.376394
1399576742504537853	-0.0611923	-0.0131657	0.376406
1399576742521522486	-0.0612011	-0.0131706	0.376446
1399576742550561090	-0.0611937	-0.0131772	0.376467
1399576742699427723	-0.0611994	-0.0131909	0.376493
1399576742715398313	-0.0612129	-0.0131983	0.376533
1399576742738418698	-0.0611973	-0.0132037	0.376561
1399576742754421250	-0.0612043	-0.0131864	0.376594
1399576742824481677	-0.0612041	-0.013214	0.376588
1399576742847582603	-0.061207	-0.0132152	0.376649
1399576742863638577	-0.0612139	-0.0132166	0.376636
1399576742978509586	-0.0612477	-0.0132345	0.376613
1399576742995483797	-0.0612476	-0.0132523	0.376622
1399576743011490352	-0.0612319	-0.0132178	0.37665
1399576743105480954	-0.0612077	-0.013234	0.376609
1399576743122482340	-0.0612168	-0.0132433	0.37661
1399576743138417624	-0.0612274	-0.0132495	0.376629
1399576743155410235	-0.0612521	-0.0132512	0.376665
1399576743189444087	-0.061243	-0.0132571	0.376678
1399576743283426201	-0.0612351	-0.0132606	0.376698
1399576743304193659	-0.061237	-0.0132852	0.376732
1399576743324106571	-0.0612599	-0.0133015	0.376744
1399576743351175685	-0.0612616	-0.0133022	0.376737
1399576743378144418	-0.0612837	-0.0133175	0.376744
1399576743505169689	-0.0612988	-0.0133483	0.376757
1399576743545025502	-0.0612859	-0.0133742	0.376778
1399576743611141453	-0.061278	-0.0134013	0.376777
1399576743627049143	-0.0612854	-0.0134004	0.376764
1399576743644065530	-0.0612717	-0.0134169	0.376759
1399576743663097658	-0.0612926	-0.0134241	0.376807
1399576743710010301	-0.0612944	-0.0134561	0.376787
1399576743734976916	-0.0612637	-0.0134892	0.376783
1399576743774994463	-0.0612537	-0.013501	0.376776
1399576743871999016	-0.061246	-0.0134974	0.376764
1399576743895928773	-0.0612312	-0.0134985	0.376742
1399576743945950080	-0.0611941	-0.0134995	0.37676
1399576744030951326	-0.0612228	-0.0135084	0.376799
1399576744047876566	-0.0612628	-0.0135419	0.376816
1399576744063872056	-0.0612846	-0.0135473	0.376821
1399576744171784998	-0.0612875	-0.0135586	0.376824
1399576744188828834	-0.0612788	-0.0135554	0.376843
1399576744204812051	-0.0612533	-0.0135512	0.376827
1399576744221779464	-0.0612508	-0.0135429	0.376788
1399576744348752888	-0.061256	-0.0135514	0.376781
1399576744368668188	-0.0612733	-0.0135798	0.376776
1399576744451782423	-0.0612666	-0.0135744	0.376767
1399576744467749062	-0.0612577	-0.0135789	0.376771
1399576744484762357	-0.0612634	-0.0135659	0.376746
1399576744502762234	-0.0612543	-0.0135819	0.376718
1399576744520805668	-0.0612349	-0.013578	0.37668
1399576744593607780	-0.0612086	-0.0135956	0.376676
1399576744610650419	-0.0612209	-0.0136133	0.376649
1399576744636624250	-0.0612517	-0.0136328	0.37663
1399576744673556721	-0.061268	-0.0136424	0.37664
1399576744707586045	-0.0612463	-0.0136545	0.376618
1399576744777540130	-0.0612608	-0.0136863	0.376591
1399576744820568604	-0.0612516	-0.0136998	0.37656
1399576744838554886	-0.0612542	-0.0136856	0.376553
1399576744873503710	-0.0612758	-0.0136906	0.376536
1399576744903507408	-0.0612795	-0.0136817	0.376512
1399576744943519697	-0.0612814	-0.0137039	0.376512
1399576745010500534	-0.0612781	-0.013735	0.376538
1399576745083598882	-0.0613049	-0.0137534	0.376581
1399576745099522690	-0.0613314	-0.0137431	0.376611
1399576745116399217	-0.061349	-0.0137662	0.376614
1399576745188513490	-0.0613547	-0.0138039	0.37665
1399576745205473974	-0.0613526	-0.0138222	0.376642
1399576745247388513	-0.0613614	-0.0138373	0.376633
1399576745264330057	-0.0613733	-0.0138512	0.376621
1399576745299350651	-0.0613607	-0.013865	0.376623
1399576745398292341	-0.061379	-0.0138899	0.376663
1399576745414289426	-0.061376	-0.0139105	0.376705
1399576745503231227	-0.0613915	-0.0139232	0.376684
1399576745520245644	-0.061409	-0.0139437	0.376666
1399576745536205127	-0.0613938	-0.0139645	0.37663
1399576745563212873	-0.0614026	-0.0139948	0.37663
1399576745579156065	-0.0614145	-0.0140226	0.376622
1399576745714138309	-0.0614341	-0.0140468	0.376638
1399576745754125192	-0.0614462	-0.014022	0.376663
1399576745772079580	-0.061429	-0.013995	0.376632
1399576745794134610	-0.0614178	-0.0139931	0.376602
1399576745811093044	-0.0614268	-0.0140006	0.376579
1399576745870058804	-0.0614669	-0.0140024	0.376535
1399576745916031236	-0.0614624	-0.0140221	0.376511
1399576745943014358	-0.0614511	-0.0140094	0.376457
1399576746028048537	-0.0614541	-0.0140127	0.376448
1399576746044993785	-0.0614472	-0.0140016	0.376417
1399576746076055013	-0.0614547	-0.0140057	0.376392
1399576746170077917	-0.0614665	-0.0140006	0.376339
1399576746185974716	-0.0614705	-0.0139946	0.376303
1399576746203068127	-0.0614535	-0.0139934	0.376294
1399576746220093171	-0.0614754	-0.0140057	0.376256
1399576746342068071	-0.0614824	-0.014042	0.376227
1399576746387971716	-0.0614837	-0.0140643	0.376214
1399576746449958626	-0.061495	-0.0140645	0.376236
1399576746466893284	-0.0615075	-0.014065	0.376204
1399576746482883631	-0.0614949	-0.0140834	0.376167
1399576746501887275	-0.0615029	-0.0140865	0.376159
1399576746525848310	-0.0614825	-0.0140936	0.376171
1399576746581841198	-0.0614599	-0.0141201	0.376151
1399576746597703412	-0.0614599	-0.0141351	0.376151
1399576746666700622	-0.0614636	-0.0141571	0.376171
1399576746683785686	-0.0614806	-0.0142004	0.37619
1399576746716730433	-0.0614825	-0.0141893	0.376165
1399576746787728183	-0.0614921	-0.0142046	0.376171
1399576746804832804	-0.0614958	-0.0142232	0.376167
1399576746870869426	-0.0615144	-0.0142	0.376154
1399576746887718003	-0.0615239	-0.0141976	0.376156
1399576746904741978	-0.061518	-0.0142291	0.376169
1399576746936725857	-0.0615546	-0.0142272	0.376164
1399576747032740654	-0.0615637	-0.0142352	0.376165
1399576747055517204	-0.0615809	-0.01426	0.376156
1399576747072564693	-0.061598	-0.0142677	0.376177
1399576747100573098	-0.0616161	-0.0142888	0.376199
1399576747143664235	-0.0616314	-0.0143067	0.376188
1399576747223485809	-0.0616193	-0.0142872	0.376175
1399576747239503439	-0.061618	-0.0142975	0.376219
1399576747305404182	-0.0616196	-0.0143035	0.376242
1399576747325379642	-0.0616181	-0.0143047	0.376263
1399576747400433289	-0.061607	-0.0142959	0.376247
1399576747417379777	-0.0616039	-0.0143064	0.376236
1399576747459373443	-0.061623	-0.0143019	0.376232
1399576747481360271	-0.0616291	-0.0142921	0.376216
1399576747531384244	-0.0616315	-0.0143042	0.376185
1399576747551342947	-0.0616445	-0.0143142	0.376177
1399576747621307969	-0.0616606	-0.0143399	0.376175
1399576747664228011	-0.0616547	-0.0143528	0.376153
1399576747691211387	-0.0616583	-0.0143781	0.376095
1399576747707239366	-0.0616737	-0.014404	0.376073
1399576747734222940	-0.0616668	-0.0144294	0.376057
1399576747775223541	-0.061668	-0.0144344	0.376005
1399576747873154508	-0.0616496	-0.0144437	0.376055
1399576747919120941	-0.0616434	-0.0144784	0.376037
1399576747937093879	-0.0616331	-0.0145014	0.376016
1399576747954066481	-0.0616331	-0.0144939	0.375979
1399576747987096243	-0.0616304	-0.0144774	0.375964
1399576748041980512	-0.0616286	-0.0144903	0.375954
1399576748107964504	-0.0616271	-0.0145178	0.37598
1399576748125015243	-0.0616262	-0.0145285	0.375982
1399576748191937911	-0.0616425	-0.0145416	0.376006
1399576748208931523	-0.0616209	-0.0145462	0.376049
1399576748225958811	-0.0616212	-0.0145455	0.376074
1399576748346857917	-0.0616083	-0.0145565	0.376062
1399576748392806548	-0.0616044	-0.0145515	0.376064
1399576748453828849	-0.0616065	-0.0145428	0.376079
1399576748470793302	-0.0616014	-0.0145815	0.376104
1399576748486791330	-0.061609	-0.0146033	0.376116
1399576748506747444	-0.0615677	-0.0146171	0.376142
1399576748552741400	-0.0615725	-0.0146301	0.376171
1399576748582726356	-0.0616194	-0.0146442	0.37619
1399576748621696260	-0.0616133	-0.0146336	0.376206
1399576748674730661	-0.0616297	-0.0146233	0.376208
1399576748734675643	-0.0616322	-0.0146369	0.376191
1399576748874555101	-0.0616126	-0.0146353	0.376178
1399576748890602463	-0.0615945	-0.014642	0.376203
1399576748907643003	-0.0615851	-0.0146887	0.376078
1399576748983644221	-0.0616442	-0.0146582	0.376424
1399576749111533574	-0.0618697	-0.014758	0.37673
1399576749127468342	-0.0620413	-0.0147017	0.377956
1399576749201504813	-0.0621172	-0.0148206	0.37775
1399576749219457547	-0.0620877	-0.0148812	0.378914
1399576749312420317	-0.062069	-0.0150097	0.378932
1399576749328428924	-0.0618596	-0.0155671	0.38017
1399576749345429397	-0.0615427	-0.0157247	0.380655
1399576749424425790	-0.0611659	-0.0159182	0.381686
1399576749441343147	-0.0603544	-0.0167416	0.382111
1399576749525378973	-0.0604648	-0.0169293	0.383063
1399576749542335093	-0.0595216	-0.0163096	0.383679
1399576749558365254	-0.0593249	-0.0156196	0.384151
1399576749633344678	-0.0588277	-0.015346	0.384934
1399576749649333595	-0.0587221	-0.0156477	0.385414
1399576749665287621	-0.0592102	-0.0154533	0.385886
1399576749765446304	-0.0582504	-0.0154928	0.386597
1399576749800254991	-0.0572975	-0.0156836	0.387406
1399576749816259094	-0.0558527	-0.015685	0.388259
1399576749852453312	-0.0551166	-0.0140714	0.389641
1399576749948415212	-0.0549947	-0.0138909	0.390429
1399576749966141392	-0.05376	-0.0142842	0.390911
1399576749981343748	-0.0523179	-0.0157652	0.391762
1399576750055309089	-0.0505019	-0.0164637	0.39308
1399576750072400581	-0.0486997	-0.016068	0.39443
1399576750089289825	-0.0449116	-0.0169292	0.396637
1399576750185195311	-0.0430141	-0.01755	0.398349
1399576750201128630	-0.0416332	-0.0166182	0.400931
1399576750273095633	-0.0399705	-0.0159955	0.404385
1399576750289233012	-0.039324	-0.0172067	0.406521
1399576750306206398	-0.0407966	-0.0173294	0.4084
1399576750406049499	-0.0437774	-0.0179939	0.410716
1399576750482024181	-0.0469727	-0.0164721	0.414543
1399576750498041503	-0.0455985	-0.0156909	0.419492
1399576750515045246	-0.0410364	-0.0176615	0.424923
1399576750588917700	-0.0395311	-0.0174691	0.429732
1399576750605874738	-0.0419414	-0.0150352	0.43413
1399576750700866172	-0.0456399	-0.0128085	0.439327
1399576750716804616	-0.045759	-0.0128421	0.447862
1399576750733842192	-0.0448165	-0.0119494	0.450822
1399576750807703075	-0.044121	-0.00611651	0.456572
1399576750823849772	-0.0422545	0.00261287	0.462333
1399576750925780051	-0.0408571	0.00894949	0.467625
1399576750941697009	-0.0418605	0.00801245	0.472544
1399576751010855600	-0.0444183	-0.00129327	0.477316
1399576751026853295	-0.0449293	-0.00785033	0.480843
1399576751043787113	-0.0421516	-0.00501688	0.482769
1399576751117725425	-0.0407446	0.000927737	0.483147
1399576751157684132	-0.0481054	0.00377958	0.482204
1399576751228866294	-0.0579295	0.000855647	0.481029
1399576751245833355	-0.0630281	-0.00548387	0.479889
1399576751261628144	-0.0594811	-0.00655532	0.478074
1399576751336767667	-0.0557626	-0.000825107	0.47549
1399576751376623589	-0.0579722	0.00404236	0.472799
1399576751446673001	-0.0608647	0.00810359	0.469814
1399576751463673211	-0.0598238	0.0119158	0.466784
1399576751480614081	-0.0560142	0.0159107	0.463922
1399576751559536628	-0.0559545	0.0137267	0.460854
1399576751576581566	-0.0637331	0.00409084	0.458087
1399576751671563005	-0.0722061	-0.00288039	0.455244
1399576751687518626	-0.0762883	-0.00219815	0.4523
1399576751756544016	-0.0773564	-0.00252744	0.449107
1399576751772513139	-0.0771143	-0.00879849	0.446713
1399576751789503590	-0.0737526	-0.0146244	0.444934
1399576751886547408	-0.062965	-0.0123016	0.444245
1399576751903504608	-0.0502608	-0.00569019	0.444261
1399576751974511414	-0.0416624	-0.00308863	0.445561
1399576751991291193	-0.0415814	-0.00494828	0.447655
1399576752007296881	-0.0505906	-0.002355	0.450223
1399576752189282937	-0.0577434	0.0120578	0.459873
1399576752206315811	-0.0570773	7.75605e-06	0.462299
1399576752222262036	-0.0633437	-0.00574643	0.463953
1399576752296226403	-0.0731055	-0.00454725	0.465192
1399576752391301695	-0.0795332	-0.00257914	0.465692
1399576752408259389	-0.0786475	-0.0062218	0.466366
1399576752424212140	-0.0730023	-0.0132304	0.467475
1399576752465287758	-0.0690639	-0.0170836	0.468493
1399576752482256671	-0.0674536	-0.0152886	0.469327
1399576752541200920	-0.0532269	-0.00282578	0.469344
1399576752619126519	-0.0484325	-0.0033433	0.468569
1399576752636003518	-0.0478362	-0.00552044	0.468071
1399576752652076946	-0.0518959	-0.00635023	0.468329
1399576752725957935	-0.0556857	-0.0082204	0.468953
1399576752821870415	-0.0559664	-0.0126182	0.4695
1399576752838894412	-0.0557011	-0.013449	0.469778
1399576752854866245	-0.057412	-0.0102576	0.470027
1399576752896821102	-0.0602394	-0.00861935	0.470285
1399576752912959834	-0.0615083	-0.0108785	0.470847
1399576752970860863	-0.0595098	-0.0161737	0.471273
1399576753042772956	-0.0609471	-0.0157611	0.471154
1399576753059680365	-0.0608804	-0.0134978	0.471014
1399576753075725336	-0.0580927	-0.00699371	0.471221
1399576753150668773	-0.054736	0.00132844	0.470898
1399576753190754016	-0.0504681	0.00507645	0.470334
1399576753260614667	-0.0446188	0.00145249	0.46933
1399576753277692741	-0.0380779	-0.00416315	0.46801
1399576753293749527	-0.0339115	-0.00784389	0.466173
1399576753367621470	-0.0322172	-0.0102214	0.464126
1399576753383625225	-0.0335025	-0.0115089	0.462425
1399576753451641172	-0.040186	-0.00969825	0.461056
1399576753481671869	-0.0598148	-0.00120722	0.459022
1399576753500632370	-0.0689525	0.00366447	0.458525
1399576753574632482	-0.0763874	0.00838186	0.458424
1399576753614663720	-0.0788012	0.0137458	0.459113
1399576753691532591	-0.0746428	0.0140001	0.462053
1399576753707490194	-0.0726231	0.0133447	0.463756
1399576753724480664	-0.0705916	0.0140679	0.465127
1399576753798496554	-0.0640728	0.0146917	0.465985
1399576753894497671	-0.0520811	0.0133562	0.466788
1399576753910414540	-0.0376543	0.00964084	0.467177
1399576753927352841	-0.0266039	0.00547508	0.467244
1399576754000393817	-0.0213286	0.00180314	0.467467
1399576754018333821	-0.0202727	-0.000426155	0.467836
1399576754111299644	-0.0233618	-0.00176738	0.468182
1399576754128331263	-0.0314268	-0.00202313	0.469073
1399576754144292556	-0.0406467	-0.00085596	0.470241
1399576754219276451	-0.0550719	0.0019035	0.471686
1399576754235265831	-0.0722559	0.00554811	0.473416
1399576754252208487	-0.0844803	0.00929229	0.475
1399576754349241996	-0.0869942	0.0103394	0.476627
1399576754365201594	-0.0836997	0.0084435	0.478285
1399576754436134060	-0.0775689	0.00843687	0.480226
1399576754453202509	-0.0695077	0.0150791	0.482402
1399576754469138531	-0.0612525	0.0232089	0.484837
1399576754569051808	-0.0497761	0.0233824	0.487608
1399576754641058810	-0.03682	0.0157582	0.489682
1399576754659986165	-0.0265518	0.00455083	0.490849
1399576754676970149	-0.0217398	-0.00616688	0.491413
1399576754750050695	-0.0208648	-0.0122052	0.491881
1399576754767980967	-0.0254534	-0.0138833	0.492545
1399576754861933333	-0.0341619	-0.0155818	0.492785
1399576754878910830	-0.0478847	-0.0188831	0.493424
1399576754894944898	-0.0683912	-0.020413	0.494584
1399576754932874549	-0.0882232	-0.0176538	0.495648
1399576754948934799	-0.0997475	-0.0126426	0.496865
1399576754993848689	-0.108272	-0.00215987	0.498002
1399576755063896811	-0.109568	0.001929	0.498313
1399576755079829004	-0.103844	0.0115968	0.499129
1399576755096817005	-0.0875283	0.0220513	0.499745
1399576755169817131	-0.0688677	0.0289745	0.500868
1399576755186740026	-0.0494901	0.030074	0.501493
1399576755281736012	-0.0336345	0.0283994	0.501263
1399576755298747570	-0.023241	0.0235538	0.500618
1399576755314752326	-0.014546	0.0117472	0.499407
1399576755355790633	-0.0049769	-0.00309033	0.497844
1399576755372730389	0.00176949	-0.0174596	0.495883
1399576755411664962	0.00259158	-0.0282058	0.494307
1399576755428706222	-0.0012298	-0.034006	0.493311
1399576755502618889	-0.0151952	-0.0334845	0.493367
1399576755518653802	-0.0466237	-0.0281778	0.494703
1399576755534668814	-0.0838494	-0.0207597	0.496726
1399576755582679683	-0.113525	-0.00842245	0.499574
1399576755624611867	-0.130927	0.00659155	0.502334
1399576755640518261	-0.133676	0.0203382	0.504785
1399576755712587907	-0.119837	0.0308771	0.506717
1399576755728586480	-0.100096	0.0380215	0.508312
1399576755745664512	-0.0821108	0.0423039	0.509723
1399576755835664071	-0.0698357	0.0447417	0.511146
1399576755851510468	-0.0577461	0.0425481	0.512752
1399576755920450700	-0.0369642	0.0295521	0.513899
1399576755936472206	-0.0116721	0.00952091	0.513726
1399576755952507519	0.00717387	-0.0114474	0.512222
1399576756028484364	0.0157793	-0.0272009	0.510146
1399576756068397706	0.012885	-0.0382963	0.508704
1399576756139403201	-0.0102228	-0.0453088	0.509521
1399576756156402567	-0.046283	-0.0468575	0.511068
1399576756172367367	-0.0822681	-0.042744	0.513626
1399576756247292822	-0.115607	-0.0304325	0.516486
1399576756287276655	-0.140846	-0.0134639	0.518518
1399576756357219493	-0.149366	0.0075813	0.520056
1399576756373209297	-0.143937	0.0286228	0.520893
1399576756390290816	-0.129471	0.0462322	0.521881
1399576756432223767	-0.101483	0.0630758	0.5225
1399576756448314980	-0.0686731	0.079124	0.52258
1399576756492237552	-0.0376873	0.0875475	0.522641
1399576756564183337	-0.00428574	0.0752056	0.520488
1399576756584184955	0.0281082	0.0471125	0.515426
1399576756600157835	0.04902	0.0111623	0.509417
1399576756641229532	0.049967	-0.0213336	0.503927
1399576756696134627	0.00356775	-0.0611572	0.498621
1399576756713337387	-0.0356652	-0.0720869	0.498708
1399576756790109460	-0.0723882	-0.0760351	0.500232
1399576756806080170	-0.108726	-0.0704504	0.501508
1399576756822067942	-0.14105	-0.0601073	0.503019
1399576756922101417	-0.163269	-0.0427431	0.503854
1399576756992994247	-0.166944	-0.00890618	0.50414
1399576757010002606	-0.148488	0.0378311	0.505043
1399576757025933730	-0.113177	0.0843223	0.50752
1399576757102160693	-0.0792111	0.120203	0.513981
1399576757141942388	-0.0459405	0.144057	0.527088
1399576757211900009	-0.0106731	0.137397	0.533784
1399576757228836717	0.0353835	0.119237	0.536901
1399576757244915299	0.0680509	0.0823978	0.53533
1399576757319828386	0.0701925	0.0282147	0.532259
1399576757359766677	0.0441086	-0.0305967	0.530516
1399576757429748929	-0.00345264	-0.0827893	0.53211
1399576757446718397	-0.0529624	-0.120158	0.537136
1399576757462789213	-0.0957654	-0.132273	0.544384
1399576757540737533	-0.130577	-0.116889	0.550444
1399576757560722553	-0.157608	-0.0885487	0.553914
1399576757655658547	-0.165242	-0.0424021	0.55716
1399576757671652454	-0.153342	0.0165594	0.560062
1399576757741652273	-0.129116	0.0744649	0.56532
1399576757757629918	-0.092717	0.123963	0.573689
1399576757774550942	-0.0557774	0.157333	0.582468
1399576757871728271	-0.0320466	0.159213	0.588154
1399576757887745995	-0.020427	0.130422	0.591464
1399576757959842841	-0.00981815	0.0867412	0.590708
1399576757975787022	0.00677137	0.0455591	0.58773
1399576757992897423	0.0286159	0.01822	0.584961
1399576758034697943	0.0456935	0.00561749	0.58182
1399576758083637385	0.0498484	0.00274796	0.578427
1399576758099589324	0.0384764	0.00423625	0.57543
1399576758169699499	0.0174969	0.00576068	0.573185
1399576758185557564	-0.00275458	0.0053014	0.571046
1399576761209555015	-0.0138925	0.00350218	0.569412
1399576761209648112	-0.0133776	0.00155092	0.567008
1399576761209696636	-0.00643116	0.000903824	0.56435
1399576761209730770	0.000234354	0.00120145	0.561611
1399576761209763931	0.00246752	0.00143963	0.559016
1399576761209796619	-0.000428388	0.00106272	0.555241
1399576761209838547	-0.00555633	-0.00668004	0.545888
1399576761209871348	-0.0150485	-0.0097175	0.540108
1399576761209910367	-0.050159	0.0130254	0.540743
1399576761209943191	-0.0657957	0.0180456	0.540448
1399576761209991210	-0.0678779	0.0231319	0.537103
1399576761210048787	-0.0273921	0.0285268	0.529262
1399576761210096665	0.00723307	0.030511	0.525432
1399576761210130455	0.0473907	0.0316903	0.520997
1399576761210163564	0.0932801	0.0327242	0.516802
1399576761210204931	-0.0440951	0.0126209	0.501946
1399576761210240672	-0.0831017	0.0109388	0.504443
1399576761210272614	-0.0601689	0.0107405	0.501889
1399576761210305382	-0.0572472	0.0121732	0.50218
1399576761210345833	-0.0638654	0.0122483	0.500988
1399576761210378324	-0.062483	0.0117014	0.499895
1399576761210410891	-0.0626729	0.0121709	0.499566
1399576761210442439	-0.0641345	0.0118119	0.499059
1399576761210474438	-0.0638603	0.011572	0.498634
1399576761210515080	-0.0637502	0.0118909	0.498065
1399576761210550995	-0.0642497	0.0119921	0.497468
1399576761210583141	-0.0642681	0.0119719	0.497032
1399576761210615164	-0.0639543	0.0121967	0.496597
1399576761210647003	-0.0640382	0.0123592	0.495813
1399576761210692479	-0.0639984	0.0123531	0.495467
1399576761210724167	-0.0637799	0.0123667	0.495049
1399576761210755926	-0.063963	0.0122748	0.494268
1399576761210787641	-0.0640526	0.0125386	0.494148
1399576761210819704	-0.0639386	0.0126003	0.493213
1399576761210850801	-0.0638898	0.0126474	0.493153
1399576761210890254	-0.0640329	0.0126349	0.492415
1399576761210922453	-0.0640396	0.0128597	0.491871
1399576761210954656	-0.063937	0.0128304	0.49148
1399576761211007797	-0.0641162	0.0130304	0.490771
1399576761211051807	-0.06394	0.0130649	0.490442
1399576761211091864	-0.0640961	0.0131755	0.4898
1399576761211124428	-0.064002	0.0132389	0.489283
1399576761211156123	-0.0639786	0.0133558	0.488934
1399576761211198532	-0.0639594	0.0134638	0.488016
1399576761211230532	-0.0639357	0.0135613	0.487295
1399576761211255244	-0.0639874	0.0134725	0.486945
1399576761211286963	-0.0639181	0.0135876	0.486428
1399576761211318464	-0.0639146	0.0137203	0.486005
1399576761211350380	-0.0638694	0.0136023	0.485543
1399576761211381958	-0.0637879	0.0137449	0.485086
1399576761211421792	-0.0638603	0.0138999	0.484663
1399576761211453671	-0.0637757	0.0138584	0.48415
1399576761211485586	-0.0637054	0.0139225	0.48364
1399576761211502802	-0.063699	0.0140046	0.483277
1399576761211534186	-0.0639995	0.0135067	0.478642
1399576761211566035	-0.0642928	0.0130392	0.474562
1399576761211606487	-0.0646097	0.0126039	0.470402
1399576761211638970	-0.0648905	0.0120983	0.46619
1399576761211681527	-0.0654553	0.0111872	0.458268
1399576761211713242	-0.0657383	0.0107457	0.454544
1399576761211749057	-0.0659799	0.0102919	0.450842
1399576761211781039	-0.0662426	0.00985465	0.447183
1399576761211835008	-0.0664887	0.00939378	0.44399
1399576761211851439	-0.0666875	0.00903192	0.440495
1399576761211867482	-0.0668547	0.00868942	0.437387
1399576761211883217	-0.0670606	0.0083423	0.434381
1399576761211903876	-0.0672355	0.0079532	0.431375
1399576761211919991	-0.0673984	0.0075472	0.428827
1399576761211962783	-0.0675715	0.00722416	0.425514
1399576761212043962	-0.0677501	0.00692113	0.422705
1399576761212085580	-0.0680779	0.00625814	0.417576
1399576761212118067	-0.0682069	0.00593123	0.41526
1399576761212135433	-0.0683171	0.00566575	0.412818
1399576761212167569	-0.0684014	0.00539049	0.410602
1399576761235276362	-0.0685875	0.00486131	0.406408
1399576761315405456	-0.068668	0.00460142	0.404497
1399576761340279815	-0.0687491	0.00438876	0.402122
1399576761372218591	-0.0688363	0.00418236	0.400066
1399576761446301010	-0.0689105	0.00396462	0.398159
1399576761463208247	-0.0689668	0.00374652	0.396383
1399576761532051731	-0.0690326	0.0035247	0.394763
1399576761552102596	-0.0690674	0.00333767	0.392931
1399576761568137791	-0.0690861	0.00312704	0.391259
1399576761645135696	-0.0691041	0.00292775	0.389701
1399576761662098535	-0.069132	0.0027201	0.388159
1399576761697114207	-0.0691492	0.00251668	0.386837
1399576761744109300	-0.0692007	0.00233386	0.38511
1399576761777061034	-0.0692518	0.00214001	0.383583
1399576761856105267	-0.0692853	0.00195152	0.382131
1399576761872998007	-0.0693011	0.0017599	0.380664
1399576761889009493	-0.0693512	0.00157263	0.379368
1399576761961976525	-0.0694045	0.00141826	0.378016
1399576761978952343	-0.0694514	0.00128097	0.376832
1399576762007842695	-0.0694875	0.00111852	0.375524
1399576762075860152	-0.0695288	0.000994541	0.374105
1399576762091753123	-0.0695643	0.000857679	0.372889
1399576762170832411	-0.0696138	0.000723235	0.371547
1399576762210778724	-0.0696402	0.000566838	0.370381
1399576762228729829	-0.0696765	0.000442171	0.36938
1399576762244609876	-0.0697122	0.000316422	0.368439
1399576762280760724	-0.0697314	0.000187678	0.367616
1399576762380704558	-0.069754	7.43344e-05	0.366563
1399576762420644259	-0.0697831	-2.55425e-05	0.365632
1399576762438720804	-0.0698182	-0.00011342	0.364607
1399576762460661314	-0.0698369	-0.000227636	0.363533
1399576762511648344	-0.0698395	-0.000316655	0.362615
1399576762533605677	-0.0698359	-0.000411579	0.361569
1399576762601621611	-0.069856	-0.000501918	0.360661
1399576762644464180	-0.0698654	-0.000601307	0.359743
1399576762661549477	-0.069861	-0.000697956	0.358869
1399576762678660154	-0.0698654	-0.000800991	0.358137
1399576762801500310	-0.0698585	-0.000880912	0.357392
1399576762818405517	-0.0698526	-0.000969226	0.356747
1399576762861347819	-0.0698525	-0.00107611	0.356111
1399576762883381450	-0.0698544	-0.0011886	0.355455
1399576762899377351	-0.0698181	-0.00126487	0.354923
1399576762933346666	-0.0698211	-0.00131231	0.354257
1399576763013325005	-0.069838	-0.00137647	0.353642
1399576763030289473	-0.0698427	-0.00143074	0.353115
1399576763082279812	-0.0698612	-0.00146887	0.352646
1399576763099277298	-0.0698535	-0.00156051	0.352231
1399576763170226025	-0.0698417	-0.00161579	0.351695
1399576763187177095	-0.0698064	-0.00165726	0.351244
1399576763204128143	-0.0697666	-0.00169742	0.350813
1399576763278136242	-0.0697537	-0.00174799	0.350409
1399576763298157052	-0.0697445	-0.00179043	0.350089
1399576763330141331	-0.069731	-0.00182693	0.349488
1399576763360076547	-0.0697074	-0.00185257	0.348975
1399576763395126213	-0.0697066	-0.00187205	0.348427
1399576763485092956	-0.069683	-0.0018764	0.347881
1399576763531041064	-0.0696549	-0.00192031	0.347402
1399576763557038304	-0.0696808	-0.00199134	0.346461
1399576763600001920	-0.0696841	-0.00202833	0.346015
1399576763652982579	-0.0696917	-0.00205964	0.345647
1399576763717918246	-0.0696758	-0.00208641	0.345305
1399576763734851299	-0.0696668	-0.0021126	0.344786
1399576763853924889	-0.0696745	-0.00215453	0.344355
1399576763870807092	-0.0696665	-0.00219474	0.343962
1399576763886828658	-0.0696435	-0.00224136	0.343578
1399576763906814327	-0.0696123	-0.00225491	0.343263
1399576763952784326	-0.069623	-0.00228209	0.342841
1399576764008848065	-0.0696504	-0.00232399	0.342523
1399576764026819417	-0.0696401	-0.00236431	0.342413
1399576764043798009	-0.0696626	-0.00239376	0.342467
1399576764121739361	-0.0696636	-0.00243249	0.342527
1399576764173750692	-0.0696769	-0.002473	0.342318
1399576764189745960	-0.0696934	-0.00252178	0.342121
1399576764206682433	-0.0696861	-0.00256051	0.341879
1399576764233707347	-0.0697099	-0.00259072	0.341638
1399576764322711244	-0.0697291	-0.00259795	0.341422
1399576764346661894	-0.0697268	-0.00261146	0.341211
1399576764395668013	-0.0697215	-0.00265528	0.340787
1399576764435617454	-0.0697355	-0.00268408	0.340532
1399576764535608635	-0.0697231	-0.00269929	0.340281
1399576764559513046	-0.0697117	-0.00271984	0.340031
1399576764608578611	-0.0696767	-0.00273753	0.339793
1399576764625528507	-0.0696515	-0.00272908	0.339591
1399576764691577986	-0.0696537	-0.0027413	0.339459
1399576764708541801	-0.0696653	-0.00275619	0.339326
1399576764724541870	-0.0696956	-0.00272618	0.339016
1399576764757481684	-0.0697028	-0.00270244	0.338759
1399576764853367890	-0.0696704	-0.00267434	0.338536
1399576764876519075	-0.0696818	-0.00264501	0.338313
1399576764892430672	-0.0696959	-0.0026134	0.338128
1399576764920501901	-0.0696622	-0.00260274	0.33784
1399576765007412715	-0.0696243	-0.00260764	0.337605
1399576765047348636	-0.0695961	-0.00261204	0.337384
1399576765076419645	-0.069603	-0.00260068	0.337217
1399576765092313359	-0.0696015	-0.0026113	0.337108
1399576765162366049	-0.0695954	-0.00265862	0.337049
1399576765179292409	-0.0695853	-0.00269038	0.336985
1399576765196315102	-0.0695745	-0.00272243	0.336884
1399576765249241240	-0.0695825	-0.00274489	0.336755
1399576765327261526	-0.0695564	-0.00278669	0.336702
1399576765344258869	-0.0695483	-0.00283459	0.336493
1399576765378242295	-0.0695677	-0.00286537	0.336317
1399576765412192610	-0.0695828	-0.00289614	0.336148
1399576765602180325	-0.0695464	-0.00293204	0.335649
1399576765619113880	-0.069562	-0.00294378	0.335565
1399576765688141859	-0.0695603	-0.00295025	0.33548
1399576765735124596	-0.0695793	-0.00295777	0.335442
1399576765762109793	-0.0695527	-0.00294696	0.335098
1399576765847171655	-0.0695339	-0.00295824	0.334977
1399576765863969684	-0.0695229	-0.00297368	0.334865
1399576765921943669	-0.0695033	-0.0029582	0.334793
1399576765937959497	-0.0694944	-0.00296801	0.334883
1399576765957036250	-0.0695052	-0.00298252	0.334991
1399576766055978457	-0.0695282	-0.00299728	0.33513
1399576766072014186	-0.0695317	-0.00302533	0.33531
1399576766088901027	-0.0695219	-0.00305526	0.33546
1399576766145971377	-0.0695378	-0.00306002	0.335683
1399576766210831600	-0.0695491	-0.00310591	0.335853
1399576766228837177	-0.0695658	-0.00314615	0.336086
1399576766245821569	-0.0695571	-0.00317515	0.336326
1399576766282814841	-0.0695107	-0.00318857	0.336568
1399576766356762972	-0.0694578	-0.00319344	0.336659
