#Time	 Roll 	 Pitch 	 Yaw
1399582091937969434	-0.0122797	-0.034785	0.462339
1399582091985882395	-0.0122677	-0.0347889	0.46221
1399582092041769817	-0.0122484	-0.0347854	0.462109
1399582092090841974	-0.0122464	-0.0347896	0.462091
1399582092148854161	-0.0122583	-0.0347755	0.462167
1399582092249719958	-0.0122644	-0.0347475	0.462273
1399582092298732665	-0.0122898	-0.0347382	0.462365
1399582092355028895	-0.0122949	-0.0347527	0.462483
1399582092403658774	-0.0122818	-0.0347473	0.462652
1399582092458678343	-0.0122901	-0.0347432	0.462833
1399582092515584053	-0.0123459	-0.0347327	0.463003
1399582092611572036	-0.0123086	-0.0347378	0.463165
1399582092670569012	-0.0122625	-0.0347335	0.463362
1399582092716509161	-0.0122669	-0.0347467	0.463561
1399582092771438698	-0.0122306	-0.0347498	0.463718
1399582092820462620	-0.0122368	-0.0347796	0.463758
1399582092875412318	-0.0122158	-0.034817	0.463906
1399582092932618790	-0.0122391	-0.034844	0.464068
1399582093029497959	-0.0122289	-0.034861	0.464233
1399582093087453529	-0.0122332	-0.0348748	0.4643
1399582093139441641	-0.0121938	-0.0348844	0.464293
1399582093189447227	-0.0121999	-0.0349138	0.464443
1399582093238375282	-0.0121795	-0.0349398	0.464596
1399582093293528560	-0.0121513	-0.0349624	0.464805
1399582093350524109	-0.0121477	-0.0349777	0.46486
1399582093447448196	-0.0121634	-0.0349423	0.46483
1399582093502280664	-0.012215	-0.0349269	0.464453
1399582093551355160	-0.0122366	-0.0348967	0.464161
1399582093610213100	-0.0122514	-0.0348574	0.464042
1399582093656256521	-0.0122769	-0.0348236	0.463915
1399582093711267033	-0.0123236	-0.0347985	0.46376
1399582093815208777	-0.012371	-0.0348181	0.463684
1399582093864214733	-0.0123859	-0.0348381	0.463598
1399582093920197415	-0.012369	-0.0348653	0.463495
1399582093969158564	-0.0123792	-0.0348863	0.463557
1399582094024115641	-0.0123566	-0.0349163	0.463667
1399582094073149792	-0.0123386	-0.0349016	0.463978
1399582094138203238	-0.0123481	-0.0348907	0.464275
1399582094233237988	-0.0123354	-0.0348784	0.464608
1399582094282070589	-0.0123347	-0.0348667	0.464619
1399582094350015841	-0.012332	-0.0348256	0.464479
1399582094385982902	-0.0123698	-0.0348662	0.464583
1399582094454038440	-0.0123815	-0.0348452	0.464701
1399582094490949908	-0.012407	-0.0348628	0.464879
1399582094558994653	-0.0123714	-0.0348727	0.465001
1399582094665912701	-0.0123649	-0.0348683	0.465152
1399582094672867963	-0.0123848	-0.0348844	0.465185
1399582094766649073	-0.0123844	-0.0349042	0.46511
1399582094802663742	-0.0123539	-0.0349224	0.464922
1399582094870672611	-0.0123306	-0.0349286	0.464788
1399582094981795790	-0.012312	-0.0349291	0.464761
1399582094988717032	-0.0123064	-0.0349194	0.464718
1399582095079696158	-0.0123192	-0.0349012	0.464646
1399582095094685741	-0.0123034	-0.0348822	0.464576
1399582095185657388	-0.012344	-0.0348668	0.464539
1399582095219647441	-0.0123679	-0.0348856	0.464522
1399582095274638964	-0.0124139	-0.0348863	0.464306
1399582095331645492	-0.0124323	-0.0348844	0.464218
1399582095428553454	-0.0124372	-0.0349365	0.46419
1399582095483507278	-0.012434	-0.0349618	0.463997
1399582095532459547	-0.0123936	-0.0349651	0.463735
1399582095588371652	-0.0123914	-0.0349584	0.463558
1399582095636481158	-0.0123911	-0.0349531	0.463463
1399582095695437711	-0.0124174	-0.0349907	0.46343
1399582095749406362	-0.0124141	-0.0349897	0.463447
1399582095845340361	-0.0123958	-0.0350087	0.463518
1399582095901306916	-0.0123619	-0.0350249	0.463833
1399582095950319796	-0.0123311	-0.0350525	0.464078
1399582096005266078	-0.0122999	-0.0350645	0.464237
1399582096054242178	-0.0122839	-0.0350777	0.464619
1399582096116258702	-0.012279	-0.0351111	0.465026
1399582096237165067	-0.0122673	-0.0351258	0.465054
1399582096243286119	-0.0122667	-0.0351663	0.465084
1399582096325103844	-0.0122415	-0.0351673	0.465163
1399582096368205452	-0.0122372	-0.0351573	0.465161
1399582096423076976	-0.0122076	-0.0351624	0.465117
1399582096472104191	-0.0122126	-0.0351534	0.465325
1399582096577079239	-0.0122042	-0.0351504	0.465482
1399582096592048632	-0.0122347	-0.0351544	0.465579
1399582096681031263	-0.0122755	-0.0351319	0.465636
1399582096739924152	-0.0122786	-0.0351005	0.465669
1399582096784932911	-0.0123197	-0.0351262	0.465842
1399582096852826874	-0.0123421	-0.0351178	0.465984
1399582096889758680	-0.0123526	-0.0350951	0.4661
1399582096957845684	-0.0123422	-0.0350893	0.466276
1399582097061561606	-0.0123477	-0.0351033	0.466438
1399582097069551186	-0.0123524	-0.0350711	0.466505
1399582097153716814	-0.012321	-0.0350891	0.466621
1399582097201615896	-0.0123478	-0.0350807	0.46678
1399582097260484692	-0.0123963	-0.0350861	0.466835
1399582097313393388	-0.0124154	-0.0350534	0.466828
1399582097410442208	-0.0123938	-0.0350114	0.466863
1399582097465389956	-0.0123924	-0.0349682	0.466877
1399582097514421526	-0.0123832	-0.0349155	0.466962
1399582097570462066	-0.0123614	-0.0349158	0.467001
1399582097619364881	-0.0123606	-0.0348911	0.466939
1399582097674356571	-0.0123408	-0.0348917	0.467023
1399582097731288581	-0.0123107	-0.0348889	0.467085
1399582097827275474	-0.0123219	-0.0348886	0.46712
1399582097883307517	-0.012298	-0.0348615	0.467113
1399582097932249094	-0.0123088	-0.0348576	0.467114
1399582097987131832	-0.0123025	-0.0348691	0.467149
1399582098036130331	-0.0122931	-0.0348856	0.467106
1399582098092068562	-0.0122769	-0.0349158	0.46711
1399582098154020308	-0.0122689	-0.0349221	0.467148
1399582098245995040	-0.0122836	-0.0348878	0.467208
1399582098301009561	-0.0122748	-0.0348696	0.467018
1399582098350033022	-0.0122667	-0.0348384	0.466862
1399582098404979158	-0.012244	-0.0348383	0.466694
1399582098453972119	-0.0122376	-0.0348477	0.466462
1399582098509927625	-0.0122316	-0.0348566	0.46617
1399582098613876579	-0.0122594	-0.034847	0.46596
1399582098662823291	-0.0122789	-0.0348134	0.465763
1399582098721802144	-0.0123016	-0.0347891	0.465613
1399582098767770266	-0.0122812	-0.0347971	0.465522
1399582098822755761	-0.01229	-0.0348318	0.465485
1399582098871708494	-0.0123234	-0.034849	0.465366
1399582098975695665	-0.0123473	-0.0348791	0.465191
1399582098990642628	-0.0123439	-0.034878	0.464948
1399582099080635040	-0.0123399	-0.0349119	0.464729
1399582099135654052	-0.0123444	-0.034914	0.464541
1399582099184579582	-0.0123762	-0.0349123	0.464654
1399582099242584220	-0.0123482	-0.0349039	0.46485
1399582099288522683	-0.0123541	-0.0348914	0.465225
1399582099393507442	-0.0123315	-0.0348938	0.465341
1399582099408513402	-0.0122971	-0.0348834	0.465327
1399582099497459734	-0.0122992	-0.0348905	0.465348
1399582099552433065	-0.0123044	-0.0349046	0.465321
1399582099601385458	-0.0123199	-0.0349323	0.465171
1399582099657390668	-0.0123169	-0.0349245	0.46491
1399582099713386401	-0.01234	-0.0349539	0.464606
1399582099810254786	-0.0123323	-0.0349754	0.464576
1399582099828284826	-0.012321	-0.0350093	0.46449
1399582099915243996	-0.0123301	-0.0350237	0.464406
1399582099970215031	-0.0123087	-0.0350349	0.464467
1399582100019166402	-0.0123036	-0.0350369	0.464554
1399582100075166713	-0.0122712	-0.035041	0.464408
1399582100137094666	-0.0122705	-0.0350453	0.464279
1399582100229159068	-0.0122642	-0.0350001	0.464231
1399582100287103595	-0.0122645	-0.0349659	0.464145
1399582100332998309	-0.012265	-0.0349155	0.464095
1399582100388008903	-0.0122795	-0.034918	0.463722
1399582100436939652	-0.0123153	-0.0349104	0.463408
1399582100492925882	-0.0123453	-0.0349449	0.463176
1399582100548876667	-0.0123666	-0.0349507	0.463196
1399582100645838062	-0.0123692	-0.0349433	0.463289
1399582100701822384	-0.0123703	-0.0349442	0.463556
1399582100750757406	-0.0123544	-0.0349583	0.463656
1399582100808792744	-0.0123447	-0.0349728	0.463623
1399582100854734251	-0.0123537	-0.0349907	0.46371
1399582100909787582	-0.0123891	-0.034997	0.463825
1399582101014639148	-0.0123696	-0.0350088	0.463867
1399582101063603940	-0.0123768	-0.0350688	0.463893
1399582101122592243	-0.012408	-0.0350614	0.46387
1399582101167556226	-0.0124249	-0.0350392	0.46384
1399582101223542797	-0.0124432	-0.0350177	0.463816
1399582101272515628	-0.0124467	-0.0349761	0.463831
1399582101330456002	-0.0124438	-0.034969	0.46384
1399582101431438549	-0.0124229	-0.0349647	0.463924
1399582101480426410	-0.0124171	-0.0349973	0.463981
1399582101536381936	-0.0124383	-0.0350347	0.464032
1399582101585411116	-0.0124423	-0.0350566	0.464069
1399582101640352122	-0.0124406	-0.0350614	0.464161
1399582101689343916	-0.0124412	-0.0350928	0.46428
1399582101793402354	-0.01244	-0.0351008	0.464238
1399582101809402535	-0.0124609	-0.0350888	0.464115
1399582101898281636	-0.012462	-0.0350621	0.464134
1399582101953286402	-0.0124962	-0.0350516	0.464083
1399582102002233721	-0.0125072	-0.0350553	0.46401
1399582102058235439	-0.0124916	-0.0350323	0.46399
1399582102112226722	-0.0125091	-0.0350072	0.463974
1399582102211173856	-0.0124638	-0.0349859	0.463589
1399582102266119530	-0.0124596	-0.0349643	0.463294
1399582102315120688	-0.0124468	-0.0349178	0.46309
1399582102374064595	-0.0124435	-0.0348786	0.462841
1399582102420051651	-0.0124732	-0.0348417	0.46264
1399582102475002376	-0.0124453	-0.0348171	0.462505
1399582102531030122	-0.0124186	-0.0348123	0.462408
1399582102627960398	-0.0124217	-0.0348455	0.462358
1399582102683963819	-0.0124122	-0.0348956	0.462363
1399582102733011130	-0.0123733	-0.0349196	0.462429
1399582102787935537	-0.0123653	-0.0348946	0.462361
1399582102836895479	-0.0123576	-0.034889	0.462388
1399582102895896333	-0.0123677	-0.0348786	0.462576
1399582102949110669	-0.0124088	-0.0348847	0.46278
1399582103046004076	-0.0124177	-0.0348796	0.463016
1399582103117014480	-0.0124094	-0.0348714	0.463226
1399582103133915667	-0.012432	-0.0348511	0.46344
1399582103217877269	-0.012457	-0.0348139	0.463646
1399582103254964365	-0.0124791	-0.0347769	0.463921
1399582103325853401	-0.0124843	-0.0347647	0.464197
1399582103426803200	-0.0124925	-0.0347926	0.464458
1399582103434815859	-0.0124835	-0.0348195	0.464632
1399582103530749210	-0.0124907	-0.0348249	0.464729
1399582103566722509	-0.0124824	-0.0348439	0.464944
1399582103634755513	-0.0125159	-0.0348332	0.4652
1399582103671716853	-0.0125031	-0.0348394	0.465228
1399582103774680045	-0.0125235	-0.0348427	0.465233
1399582103846609650	-0.012555	-0.0348569	0.465182
1399582103854569747	-0.0125995	-0.0348681	0.465184
1399582103948515283	-0.012625	-0.0348889	0.465162
1399582103984561125	-0.012651	-0.0349055	0.465145
1399582104039461280	-0.0126818	-0.0349333	0.465152
1399582104089446664	-0.012683	-0.0349349	0.465197
1399582104149277771	-0.0127048	-0.0349671	0.465231
1399582104261374661	-0.0126986	-0.0349806	0.465227
1399582104268342333	-0.0127035	-0.0350011	0.465234
1399582104355349807	-0.0127243	-0.0350291	0.465202
1399582104401266912	-0.0127437	-0.0350898	0.465172
1399582104456281079	-0.0127531	-0.0351192	0.465148
1399582104513200011	-0.0127568	-0.0351593	0.465142
1399582104610241343	-0.0127239	-0.0351707	0.465088
1399582104665201508	-0.0127373	-0.0351707	0.465042
1399582104713961466	-0.0127604	-0.0351869	0.464978
1399582104769872907	-0.0127506	-0.0352013	0.464957
1399582104819154057	-0.0127939	-0.0352143	0.464926
1399582104877055749	-0.0127856	-0.0352418	0.464919
1399582104930926905	-0.0127973	-0.0352869	0.464886
1399582105026844684	-0.0127934	-0.0353048	0.464833
1399582105082767575	-0.0127961	-0.0353042	0.46483
1399582105137740654	-0.0127871	-0.0353199	0.46482
1399582105187696860	-0.0128207	-0.0353309	0.464877
1399582105236686433	-0.0128511	-0.0353025	0.464917
1399582105291635516	-0.0128439	-0.0353661	0.464909
1399582105348625609	-0.0128825	-0.0353943	0.464953
1399582105445528640	-0.0129089	-0.0354036	0.465007
1399582105500553968	-0.0129097	-0.0354304	0.465002
1399582105549520411	-0.012955	-0.0354119	0.465
1399582105604527043	-0.0129944	-0.0354201	0.465003
1399582105653522365	-0.0130021	-0.0354646	0.464962
1399582105709421978	-0.013028	-0.0354982	0.464941
1399582105813348609	-0.013027	-0.0355279	0.464959
1399582105862421512	-0.0130004	-0.0355598	0.464966
1399582105921300423	-0.0130214	-0.035552	0.464946
1399582105966317368	-0.0130638	-0.0355611	0.464944
1399582106022370235	-0.0130821	-0.0355758	0.464979
1399582106070384006	-0.0130724	-0.035571	0.46499
1399582106131223326	-0.013055	-0.0356019	0.464977
1399582106230099772	-0.0130584	-0.0356221	0.464976
1399582106279206265	-0.0130933	-0.0356362	0.464929
1399582106335107623	-0.0131085	-0.0356478	0.464931
1399582106384107879	-0.0131319	-0.0356777	0.464911
1399582106442111188	-0.0131381	-0.0356831	0.464885
1399582106488063598	-0.0131594	-0.0356874	0.464884
1399582106592042780	-0.0131808	-0.035702	0.464863
1399582106648047601	-0.0131728	-0.0356941	0.464852
1399582106696938355	-0.0131675	-0.0357229	0.464843
1399582106752049643	-0.0131952	-0.0357417	0.464818
1399582106800949576	-0.0132165	-0.0357252	0.464836
1399582106856897313	-0.0132519	-0.0357443	0.464804
1399582106912829613	-0.0132689	-0.0357634	0.464785
1399582107009848708	-0.0133024	-0.0357685	0.464786
1399582107027764357	-0.0132833	-0.0357919	0.464763
1399582107117825241	-0.0133018	-0.0357923	0.464746
1399582107170692259	-0.013329	-0.0358078	0.464772
1399582107219737522	-0.0133403	-0.0358172	0.464716
1399582107274733373	-0.0133745	-0.0358196	0.46466
1399582107331719229	-0.0133854	-0.0358291	0.464683
1399582107428695922	-0.0134066	-0.0358386	0.464673
1399582107486587286	-0.0134158	-0.0358422	0.464652
1399582107532602711	-0.013424	-0.0358922	0.464655
1399582107587563520	-0.0134392	-0.0358901	0.46464
1399582107636512595	-0.0134365	-0.0359217	0.464647
1399582107692477316	-0.0134384	-0.0359233	0.46465
1399582107748497245	-0.0134227	-0.035934	0.464675
1399582107845515299	-0.0134135	-0.0359295	0.464714
1399582107901435294	-0.0134072	-0.0359246	0.46471
1399582107950380629	-0.0134311	-0.0359303	0.464687
1399582108008405979	-0.0134453	-0.0359458	0.464674
1399582108054396789	-0.0134711	-0.0359591	0.464618
1399582108115268384	-0.0134904	-0.0359493	0.464557
1399582108214267347	-0.0135173	-0.0359557	0.464508
1399582108263322737	-0.0135247	-0.035957	0.464464
1399582108318248070	-0.0135353	-0.0359869	0.464462
1399582108367248395	-0.013543	-0.0359909	0.464441
1399582108426203182	-0.0135168	-0.0360189	0.464417
1399582108472198327	-0.0135258	-0.0360184	0.46442
1399582108576091741	-0.0135534	-0.0360248	0.464434
1399582108591146759	-0.0135541	-0.0360341	0.464405
1399582108680055995	-0.0135681	-0.0360201	0.464402
1399582108736015563	-0.0135758	-0.0360346	0.464354
1399582108785026737	-0.0136083	-0.0360268	0.46432
1399582108839973582	-0.0136284	-0.0360296	0.464327
1399582108888971661	-0.0136503	-0.0360533	0.464325
1399582108947959862	-0.0136632	-0.0360733	0.464316
1399582109048881563	-0.0136723	-0.0360837	0.464304
1399582109097799032	-0.0136783	-0.0361064	0.464292
1399582109152783842	-0.0136656	-0.0360853	0.464292
1399582109201777947	-0.0136816	-0.0360936	0.464237
1399582109257779408	-0.0136907	-0.0360803	0.464185
1399582109313739791	-0.0137142	-0.0361028	0.464129
1399582109410751691	-0.0137138	-0.0361226	0.464065
1399582109469711478	-0.01374	-0.0361304	0.464051
1399582109515686342	-0.0137257	-0.0361313	0.463981
1399582109570684596	-0.0137179	-0.0361427	0.463957
1399582109619628272	-0.0137461	-0.0361647	0.463974
1399582109674614948	-0.013759	-0.0361753	0.463965
1399582109731602681	-0.0137573	-0.0361737	0.463988
1399582109828567555	-0.0137584	-0.0361389	0.463987
1399582109883419113	-0.0137362	-0.0361248	0.46394
1399582109932497482	-0.0137539	-0.0361214	0.463906
1399582109991374326	-0.0137793	-0.0361304	0.463903
1399582110037435685	-0.0137914	-0.0361379	0.46393
1399582110092391214	-0.01379	-0.036119	0.46392
1399582110154407382	-0.0137773	-0.0361302	0.463953
1399582110246332472	-0.0137775	-0.0361387	0.46396
1399582110302325510	-0.0137929	-0.0361598	0.463909
1399582110351239566	-0.013765	-0.036184	0.463859
1399582110406267216	-0.0137203	-0.0362017	0.463833
1399582110455285829	-0.0137228	-0.0362103	0.463836
1399582110514297488	-0.013729	-0.0362096	0.463836
1399582110615169000	-0.0137265	-0.0362266	0.463857
1399582110663173064	-0.0137109	-0.0362155	0.463838
1399582110719134974	-0.0137315	-0.036233	0.463822
1399582110768141901	-0.0137506	-0.0362222	0.463776
1399582110824114888	-0.0137758	-0.036205	0.463743
1399582110873103345	-0.0137982	-0.0362375	0.463792
1399582110928125569	-0.0138183	-0.0362271	0.463817
1399582111035016875	-0.013814	-0.0362314	0.463836
1399582111080964856	-0.0138196	-0.036253	0.463849
1399582111142956228	-0.0138427	-0.036278	0.463828
1399582111184872869	-0.0138466	-0.0362915	0.463832
1399582111240850573	-0.0138575	-0.0362443	0.463846
1399582111289884765	-0.0138797	-0.0362601	0.463867
1399582111395856432	-0.0139016	-0.0362613	0.463878
1399582111410840056	-0.013901	-0.0362674	0.463916
1399582111500819156	-0.0138943	-0.0362919	0.463882
1399582111611734903	-0.0139376	-0.0363548	0.463927
1399582111617730453	-0.0139431	-0.0363456	0.464131
1399582111718639905	-0.0141723	-0.0364796	0.464486
1399582111724659382	-0.0135869	-0.0361498	0.464616
1399582111781629258	-0.0125138	-0.0355081	0.465027
1399582111885644743	-0.0125943	-0.0358465	0.465599
1399582111893642489	-0.00974997	-0.0364031	0.46615
1399582111989610704	-0.00585872	-0.0372088	0.466482
1399582112025588179	0.00176198	-0.0370767	0.467429
1399582112093531378	0.0111211	-0.0396179	0.467561
1399582112130510260	0.020834	-0.0366042	0.467997
1399582112207483341	0.0241069	-0.0414498	0.468746
1399582112306418464	0.0207287	-0.0390104	0.466473
1399582112314435977	0.0122795	-0.0354393	0.466162
1399582112409408562	-0.000882404	-0.0349957	0.464879
1399582112445412205	-0.0108745	-0.0356936	0.465929
1399582112514361787	-0.0112628	-0.0364539	0.468502
1399582112550267285	-0.00341656	-0.0364547	0.468509
1399582112655295537	0.00430523	-0.0340125	0.46954
1399582112670283321	0.0119363	-0.0351622	0.469168
1399582112762309218	0.0161718	-0.0346443	0.469659
1399582112874289865	0.0176	-0.0359228	0.470227
1399582112881214543	0.0132925	-0.0391651	0.467749
1399582112981162018	0.0104192	-0.0383757	0.468524
1399582112987175798	0.00989223	-0.0356278	0.470786
1399582113044189376	0.0126534	-0.0378595	0.471581
1399582113159160958	0.0143625	-0.0411979	0.47098
1399582113168076818	0.0242661	-0.0390424	0.470687
1399582113297105912	0.0346963	-0.0366815	0.471383
1399582113302958604	0.0384966	-0.0361379	0.470277
1399582113360049933	0.0385617	-0.0382005	0.467038
1399582113396009476	0.0350868	-0.0348663	0.467143
1399582113464007553	0.0240872	-0.0243379	0.471032
1399582113583932949	0.0159983	-0.0152103	0.477242
1399582113590916985	0.0197393	-0.018468	0.481239
1399582113672858353	0.0222032	-0.0161349	0.483223
1399582113708867005	0.0182989	-0.018198	0.484059
1399582113820781421	0.00444403	-0.0278567	0.484964
1399582113827779131	-0.0120978	-0.026475	0.484984
1399582113919800502	-0.00841492	-0.0228771	0.482994
1399582113927774899	0.00259176	-0.0164001	0.478034
1399582114026774130	0.0016887	-0.0104579	0.471096
1399582114094715660	0.00104184	-0.0135942	0.463375
1399582114114698521	-0.00818543	-0.0104416	0.457018
1399582114244573777	-0.0202126	0.000681989	0.451753
1399582114250561683	-0.0308125	0.000328384	0.448023
1399582114329577581	-0.0401626	-0.00445106	0.446421
1399582114351513621	-0.042925	-0.00650095	0.445465
1399582114449495340	-0.03577	-0.0170936	0.445268
1399582114519470244	-0.0254084	-0.0299844	0.446195
1399582114530486665	-0.0231957	-0.0306037	0.44787
1399582114638399592	-0.0266743	-0.0194329	0.450069
1399582114659415097	-0.0236892	-0.0122419	0.452904
1399582114726359489	-0.0141851	-0.0146544	0.456354
1399582114838226038	-0.00613726	-0.0241496	0.460052
1399582114844220689	-0.00491721	-0.0284186	0.463588
1399582114935238139	-0.00150005	-0.0250018	0.465633
1399582114950275658	0.00580988	-0.0237751	0.467362
1399582115043282255	0.00829321	-0.0214247	0.468816
1399582115078209746	0.0110395	-0.0185032	0.471571
1399582115152200740	0.0137326	-0.0213785	0.475422
1399582115257161670	0.00980532	-0.0261593	0.47851
1399582115263090286	0.00261019	-0.0222396	0.481055
1399582115354079240	0.00107114	-0.0139751	0.483169
1399582115369031154	0.00355486	-0.0143675	0.486004
1399582115459002380	0.00244685	-0.0181094	0.488658
1399582115495059284	-8.99889e-05	-0.0191661	0.490693
1399582115599984535	0.000372261	-0.0143594	0.4917
1399582115614990355	0.00132485	-0.00324194	0.492637
1399582115704942714	0.000194192	0.00340803	0.493365
1399582115772904597	-0.00380343	0.0040414	0.49262
1399582115808917420	-0.00731671	0.000165213	0.491253
1399582115920852665	-0.00620421	-0.00799137	0.490568
1399582115927826799	-0.00869637	-0.0202997	0.490397
1399582115983832564	-0.0111631	-0.0244921	0.490866
1399582116095790180	-0.0118504	-0.0194558	0.492612
1399582116101782182	-0.0127674	-0.0137964	0.495576
1399582116201741390	-0.0122092	-0.0102238	0.498873
1399582116209731928	-0.013127	-0.01268	0.501271
1399582116296695133	-0.0151324	-0.0162784	0.503112
1399582116332703042	-0.0168733	-0.00990745	0.5032
1399582116438592527	-0.0155083	-0.0032098	0.502176
1399582116453565241	-0.0138206	-0.00620246	0.500161
1399582116543615437	-0.0149239	-0.0114884	0.497957
1399582116656559782	-0.0145313	-0.0144746	0.496451
1399582116662507945	-0.0128331	-0.0164625	0.495584
1399582116719542196	-0.0113771	-0.0130344	0.494693
1399582116755481007	-0.00488316	-0.00892369	0.493935
1399582116860490848	-0.000316199	-0.00809834	0.493719
1399582116868364160	0.00138619	-0.00619626	0.49361
1399582116929411123	0.0112396	-0.000947174	0.493215
1399582117036373551	0.0214846	0.00787276	0.493516
1399582117051333768	0.0255053	0.0113052	0.494169
1399582117155291582	0.0319642	0.00447279	0.494692
1399582117176280794	0.0364959	-0.00478388	0.496016
1399582117244267461	0.0281332	-0.00529037	0.498954
1399582117355282493	0.013617	-0.00305057	0.502689
1399582117361234222	0.00374031	-0.00653264	0.506027
1399582117456280569	0.000210092	-0.00402374	0.509543
1399582117471174970	0.000680021	-0.000195958	0.513624
1399582117562178567	-0.00271498	-0.00452816	0.517203
1399582117598079543	-0.0144841	-0.00889981	0.519874
1399582117666097936	-0.0264272	-0.007197	0.520659
1399582117776999191	-0.0290772	-0.000744037	0.519539
1399582117782974593	-0.0299482	0.00213211	0.5176
1399582117874012076	-0.032117	0.00174381	0.514836
1399582117888996576	-0.0322989	0.00102172	0.511562
1399582117982117867	-0.0360024	-0.00184078	0.509139
1399582118017083242	-0.0404942	-0.0128246	0.507658
1399582118126020162	-0.0438911	-0.0184795	0.505475
1399582118236023282	-0.051542	-0.0165795	0.503281
1399582118241936690	-0.0536242	-0.0172759	0.500386
1399582118256949423	-0.0425961	-0.0200403	0.496225
1399582118333937849	-0.0277516	-0.0182884	0.491769
1399582118446984817	-0.0108717	-0.0137331	0.487625
1399582118452873425	0.000256094	-0.0121966	0.484968
1399582118546752921	0.0032187	-0.011211	0.484018
1399582118553740070	0.00335292	-0.0140137	0.484278
1399582118651913433	0.0046568	-0.0252988	0.485306
1399582118719820803	-0.000470933	-0.0330196	0.486575
1399582118755719174	-0.00331627	-0.0279927	0.488661
1399582118846853592	0.00257582	-0.0195433	0.491283
1399582118860784695	0.011286	-0.0130739	0.493967
1399582118921539631	0.0165066	-0.00827552	0.496664
1399582119039714761	0.0189646	-0.0082459	0.498709
1399582119045688783	0.021796	-0.012231	0.499745
1399582119140601117	0.0137387	-0.0132986	0.500904
1399582119157500330	-0.00119923	-0.0052904	0.503195
1399582119256434355	-0.0128279	0.00255509	0.50608
1399582119277503761	-0.0153356	0.00537914	0.510711
1399582119345491162	-0.0143848	0.0064687	0.515875
1399582119456453576	-0.0117967	0.0104794	0.521667
1399582119462487810	-0.0130659	0.0151925	0.528052
1399582119553340406	-0.0162217	0.0155702	0.53441
1399582119568355321	-0.0143487	0.0161196	0.540125
1399582119702262397	-0.00693805	0.0199179	0.544407
1399582119708419490	0.0048404	0.0242784	0.54647
1399582119765312733	0.0141132	0.0254835	0.546504
1399582119876163250	0.0220567	0.0231762	0.544358
1399582119883163833	0.0212708	0.0130433	0.54055
1399582119974066790	0.0135332	-0.0016468	0.537314
1399582119989050126	0.0129239	-0.0138147	0.534893
1399582120078075151	0.0188758	-0.0165694	0.533306
1399582120120016373	0.0240205	-0.0125021	0.533174
1399582120219012797	0.0279097	-0.0119149	0.5341
1399582120234011204	0.0264656	-0.0156867	0.534311
1399582120323959006	0.0206717	-0.016521	0.533483
1399582120391834271	0.015035	-0.0192051	0.531368
1399582120427877780	0.0108892	-0.0243204	0.528167
1399582120540806939	-0.00130934	-0.0295153	0.525682
1399582120546824584	-0.012812	-0.0347824	0.523706
1399582120603836463	-0.0114106	-0.0376067	0.52142
1399582120707738910	-0.0142789	-0.0365256	0.519638
1399582120715663484	-0.0236092	-0.0365267	0.519113
1399582120855682841	-0.0241879	-0.0398968	0.520031
1399582120861648266	-0.0291633	-0.0415587	0.521937
1399582120921629408	-0.0369593	-0.0338352	0.524657
1399582120956603956	-0.042139	-0.0248283	0.528852
1399582121046590276	-0.0383251	-0.0157923	0.534046
1399582121068529668	-0.028806	-0.00302883	0.540002
1399582121135547757	-0.0220249	0.00530319	0.546115
1399582121280495337	-0.0191894	0.00548666	0.552571
1399582121286367139	-0.0235469	0.00781446	0.559267
1399582121384358650	-0.0316951	0.012236	0.56646
1399582121391418374	-0.0301741	0.0130564	0.575982
1399582121448401968	-0.0114967	0.0155865	0.583799
1399582121559374833	0.00641341	0.0285134	0.588533
1399582121565347954	0.0160616	0.041304	0.59236
1399582121656364830	0.0153088	0.0419374	0.59431
1399582121671316894	0.00584922	0.0345154	0.594453
1399582121796272344	-0.00921204	0.0166929	0.5891
1399582121901235156	-0.00828066	0.0087687	0.584188
1399582121976218096	-0.0100127	-0.0011442	0.579657
1399582121982198432	-0.01283	-0.0049576	0.57632
1399582122073135233	-0.0170244	-0.00173301	0.574031
1399582122088117409	-0.0189832	-0.00449606	0.573953
1399582122223045569	-0.015414	-0.0152656	0.575439
1399582122230023473	-0.0133455	-0.0249277	0.578359
1399582122308040972	-0.01319	-0.0306666	0.58267
1399582122330035464	-0.0134839	-0.0290068	0.588012
1399582122393000312	-0.0130818	-0.0193752	0.594667
1399582122496984424	-0.0103714	-0.00524767	0.601839
1399582122511901615	-0.00645686	-0.00135538	0.609074
1399582122645910833	-0.00281659	-0.0096423	0.617729
1399582122651904390	0.00127088	-0.0171318	0.626862
1399582122745813143	0.00406317	-0.0168899	0.635975
1399582122753768207	0.00141606	-0.0114507	0.643833
1399582122814809954	0.00103122	-0.00618205	0.649016
1399582122905768996	0.00344268	0.00397547	0.651223
1399582122954864255	0.0159057	0.0154968	0.651258
1399582123066870200	0.0286445	0.0203173	0.649979
1399582123073989137	0.0340441	0.013253	0.646364
1399582123136846800	0.0393234	0.00625992	0.641036
1399582123244752927	0.0446707	-0.00315822	0.635263
1399582123250599862	0.0467956	-0.00544807	0.630485
1399582123384666111	0.046431	0.0020564	0.628177
1399582123390712389	0.047048	0.00321897	0.62694
1399582123448686220	0.0426902	-0.00842443	0.625042
1399582123484545116	0.0252631	-0.021283	0.622664
1399582123562554490	0.00588418	-0.027106	0.621038
1399582123588617886	-0.00598073	-0.0265894	0.620432
1399582123660509839	-0.00758046	-0.0185074	0.621349
1399582123774575185	-0.00344609	-0.00732696	0.623428
1399582123781448451	-0.00211953	0.00130611	0.625878
1399582123915494388	-0.0202587	0.00488266	0.629035
1399582123921429306	-0.0507458	0.00440104	0.633001
1399582123997467632	-0.0638265	0.00144275	0.637199
1399582124011412280	-0.0539944	0.00365393	0.642081
1399582124080419453	-0.0325749	0.0101086	0.647328
1399582124230341577	-0.0220935	0.015861	0.651381
1399582124236394637	-0.025052	0.0163658	0.65432
1399582124293362331	-0.0297592	0.0204721	0.656455
1399582124308252165	-0.0303415	0.0278337	0.655223
1399582124412278561	-0.0328684	0.0282602	0.651601
1399582124433399179	-0.0382365	0.0176481	0.645996
1399582124511112234	-0.0451922	0.00450756	0.639977
1399582124606227066	-0.048884	-0.00268438	0.635681
1399582124614044626	-0.0396709	-0.00861367	0.633987
1399582124713337053	-0.0212483	-0.0172259	0.635382
1399582124729107429	-0.00717888	-0.0210344	0.638458
1399582124838385338	-0.000373909	-0.0161572	0.643422
1399582124853449641	0.0063355	-0.00532493	0.650446
1399582124921149822	0.0158956	0.00210952	0.65876
1399582125032969367	0.0299023	-0.00947399	0.670962
1399582125135897223	0.0232071	-0.0157339	0.67199
1399582125152947711	0.0170953	-0.00713146	0.672034
1399582125279880942	0.0178178	0.00983541	0.671012
1399582125285868163	0.0135444	0.0206266	0.669259
1399582125342819213	0.00594546	0.01714	0.665123
1399582125453916887	0.00391439	0.00212005	0.659623
1399582125460842319	0.00107197	-0.019977	0.654042
1399582125551774528	-0.00509714	-0.0340883	0.648579
1399582125587801031	-0.00998242	-0.0292048	0.645011
1399582125655756352	-0.0107833	-0.0183892	0.645437
1399582125691706965	-0.00448756	-0.0127331	0.650365
1399582125797655998	-7.10003e-05	-0.016217	0.658948
1399582125812500438	-0.00261474	-0.0235658	0.669878
1399582125901673198	-0.00804662	-0.0290435	0.682368
1399582126013638548	-0.0121252	-0.0274918	0.695199
1399582126019484387	-0.0134373	-0.0211359	0.707867
1399582126123531144	-0.0147997	-0.014541	0.720499
1399582126132447324	-0.0129213	-0.00511355	0.731949
1399582126220291099	-0.011537	0.013687	0.742967
1399582126228428066	-0.0201009	0.0307163	0.753237
1399582126289246398	-0.0329575	0.0334581	0.762029
1399582126402150851	-0.0398819	0.0390497	0.767376
1399582126410184301	-0.0372812	0.0492917	0.769004
1399582126533180659	-0.0220333	0.0600721	0.763512
1399582126706064616	-0.00865065	0.0502904	0.752225
1399582126714037394	-0.00791464	0.0393979	0.747297
1399582126809997082	-0.00521646	0.0277556	0.743693
1399582126846141128	-0.00345219	0.0160832	0.741421
1399582126915029110	-0.00462338	0.00401191	0.741035
1399582126951101265	0.000724571	-0.00799168	0.742261
1399582127055003127	0.0119118	-0.0212521	0.744179
1399582127070974897	0.0185814	-0.0294051	0.748159
1399582127128950743	0.0261918	-0.0292116	0.755295
1399582127228000240	0.0358325	-0.0322693	0.763652
1399582127263887509	0.0330374	-0.0320367	0.771084
1399582127375909116	0.0272283	-0.0291411	0.777241
1399582127381887712	0.0284242	-0.0253868	0.781558
1399582127475852472	0.0270702	-0.0212274	0.783046
1399582127490688493	0.0226811	-0.0247939	0.782313
1399582127580789048	0.015423	-0.0252479	0.77885
1399582127684744452	-0.003993	0.00154768	0.771092
1399582127797704433	-0.00555578	0.0115838	0.768864
1399582127803691692	-0.00852243	0.0148542	0.766631
1399582127905600688	-0.0176328	0.0137497	0.764684
1399582127912631495	-0.0270493	0.00509986	0.763234
1399582127988373755	-0.029342	0.0028169	0.761404
1399582128071365855	-0.0254174	0.00835554	0.75978
1399582128110303798	-0.0208503	0.00779317	0.759712
1399582128176254188	-0.0114557	0.00272001	0.760527
1399582128212353735	-0.00805412	0.00191952	0.761657
1399582128317267555	-0.01938	0.00494569	0.763462
1399582128332330741	-0.0253093	0.00809364	0.7663
1399582128423238374	-0.01985	0.0109551	0.770213
1399582128491136622	-0.0195865	0.0118361	0.773566
1399582128527121784	-0.027791	0.0151291	0.776707
1399582128640166601	-0.0285874	0.0183841	0.77975
1399582128646127173	-0.0105826	0.0112251	0.780553
1399582128703056492	0.0223382	-0.00173494	0.779149
1399582128850965862	0.0557345	-0.0128238	0.77617
1399582128857937898	0.0730444	-0.0157944	0.773203
1399582128913959451	0.0797347	-0.00947085	0.771824
1399582128929886326	0.0809159	-0.00806015	0.771545
1399582129020963202	0.0771104	-0.0118731	0.772811
1399582129054906462	0.0654425	-0.0062858	0.775948
1399582129166868411	0.0596758	0.000398196	0.779774
1399582129274855047	0.0588088	0.00407837	0.785193
1399582129280766673	0.0487515	0.00606196	0.79165
1399582129337701360	0.0357378	0.00570288	0.798879
1399582129352743059	0.0274102	-0.000816483	0.806852
1399582129441707633	0.0185589	-0.00797876	0.814893
1399582129478739445	0.0104091	-0.00841901	0.823096
1399582129546698721	0.00346947	-0.00730308	0.831876
1399582129648623897	-0.0115931	-0.0102002	0.841244
1399582129659583664	-0.0275676	-0.00502389	0.849194
1399582129755578244	-0.039925	0.00677074	0.854192
1399582129770601522	-0.0438445	0.0125983	0.857523
1399582129859533237	-0.0422169	0.00948981	0.858714
1399582129896481496	-0.0352911	0.00481181	0.859257
1399582130001474256	-0.0205999	0.00370491	0.86035
1399582130009412605	-0.00398064	0.00617364	0.862969
1399582130109383809	0.00544626	0.0125128	0.866444
1399582130219359857	0.00967982	0.0189552	0.869275
1399582130225337843	0.00833052	0.022651	0.871139
1399582130282367476	0.00246484	0.0232553	0.872517
1399582130318277827	-0.000222725	0.0241069	0.873026
1399582130424277721	0.00483655	0.0203469	0.872511
1399582130431224398	0.0101613	0.0167808	0.871104
1399582130529190285	0.00819979	0.0207091	0.870243
1399582130547209690	0.0062711	0.0264493	0.869223
1399582130634164620	0.0131571	0.0232681	0.867934
1399582130738136571	0.0275254	0.00239983	0.867679
1399582130800091163	0.0164811	-0.00825947	0.868449
1399582130918075689	0.00456585	-0.0198131	0.86954
1399582130924014919	-0.00177305	-0.025878	0.87074
1399582131057946517	-0.00188473	-0.0199998	0.872261
1399582131064957065	0.00386956	-0.0149095	0.874614
1399582131166908807	0.0131056	-0.0143482	0.877297
1399582131175875975	0.0177745	-0.0165837	0.881029
1399582131264905878	0.0131356	-0.0224919	0.885554
1399582131272818315	0.00364379	-0.025623	0.89086
1399582131332882684	-0.00374146	-0.0220892	0.896061
1399582131481763455	-0.00829625	-0.0111656	0.900787
1399582131487797475	-0.00657928	-0.00252502	0.904976
1399582131585738999	-0.000125815	0.00406687	0.90846
1399582131592723723	0.0046279	0.0123282	0.91153
1399582131649696203	0.0118976	0.0180452	0.914679
1399582131760584665	0.0215238	0.022339	0.917251
1399582131766593334	0.0247673	0.0263937	0.919056
1399582131857557479	0.0219082	0.0313009	0.920303
1399582131872481181	0.0163525	0.0353249	0.921735
1399582131961536097	0.0153865	0.0339112	0.922374
1399582131997567691	0.0182527	0.0298478	0.921913
1399582132065507822	0.017797	0.0269264	0.92048
1399582132186427357	0.0105306	0.0239903	0.917148
1399582132193418108	-0.00214634	0.0221164	0.912555
1399582132321307796	-0.00754662	0.0194544	0.906496
1399582132327341401	-0.00598397	0.0146089	0.899406
1399582132384311978	-0.00378201	0.00734928	0.891332
1399582132420314686	-0.00665251	-0.00216297	0.882064
1399582132526236034	-0.00996155	-0.0117814	0.872943
1399582132533247397	-0.00604585	-0.0168386	0.864687
1399582132609120870	0.00609629	-0.0196453	0.859528
1399582132701173486	0.0179619	-0.0297163	0.857354
1399582132709152976	0.0219148	-0.0449508	0.856167
1399582132804078383	0.0148441	-0.0508444	0.857289
1399582132840155148	0.0106866	-0.0453231	0.859836
1399582132908074061	0.00988068	-0.033469	0.862507
1399582133032071884	0.0054962	-0.0200414	0.865738
1399582133037989162	0.00202521	-0.0106953	0.868279
1399582133163955607	0.000142722	-0.00662791	0.871111
1399582133173919150	-0.00397135	-0.00246475	0.87541
1399582133227901466	-0.00790947	-0.00299091	0.88216
1399582133263884911	-0.0089299	-0.0019651	0.890735
1399582133353865946	-0.00557457	0.0027742	0.899642
1399582133367929523	-0.0028035	0.00576974	0.909348
1399582133473857919	-0.00492788	0.00892122	0.921384
1399582133488764584	-0.0142607	0.0180268	0.935339
1399582133580817476	-0.0223653	0.0307112	0.950231
1399582133693783810	-0.020237	0.0447217	0.963327
1399582133699712270	-0.0126171	0.0525333	0.974065
1399582133756754822	-0.00327028	0.049637	0.982601
1399582133792674040	0.00761935	0.0417995	0.988802
1399582133898660112	0.0131247	0.0237779	0.992746
1399582133964628410	0.0153801	0.000299472	0.994236
1399582133975591614	0.0164062	-0.00752154	0.99444
1399582134094548379	0.0167878	-0.000711531	0.99417
1399582134101508946	0.0281051	0.00661431	0.994275
1399582134219474927	0.0478434	0.00313836	0.994959
1399582134226393951	0.0617732	-0.00802277	0.995569
1399582134283364468	0.0637084	-0.0131274	0.996069
1399582134398346823	0.0532438	-0.0123637	0.997516
1399582134404305180	0.0422816	-0.00621551	1.00046
1399582134493285827	0.0425486	0.00351845	1.00345
1399582134509247523	0.0427592	0.00621744	1.00583
1399582134642177477	0.0361187	0.00297104	1.0072
1399582134648175983	0.0283155	0.00281341	1.00723
1399582134706167590	0.0180531	0.00659591	1.00525
1399582134816112794	0.000369365	0.00861614	1.0025
1399582134823145736	-0.0127498	0.00639969	0.999298
1399582134913141803	-0.018105	0.00155125	0.996843
1399582134929081831	-0.0267908	-0.00256613	0.994561
1399582135062296783	-0.0366572	-0.00350993	0.993383
1399582135069208063	-0.0420307	-0.000264276	0.99391
1399582135165989090	-0.0433314	0.00634426	0.996544
1399582135239019580	-0.0408897	0.0151699	1.00058
1399582135245980936	-0.0311789	0.0215665	1.00382
1399582135335969763	-0.0127805	0.0208698	1.00569
1399582135350939503	0.0077136	0.0185865	1.00571
1399582135440162664	0.0266121	0.0122637	1.00621
1399582135476087406	0.0425295	0.0059492	1.00867
1399582135582029422	0.0503476	0.00464791	1.01284
1399582135588998216	0.0567277	0.00481316	1.01672
1399582135685956158	0.0650697	0.00306168	1.01964
1399582135756772174	0.0726357	-0.00115419	1.02127
1399582135767838720	0.0667442	-0.00596804	1.02242
1399582135859884012	0.0498193	-0.0086778	1.02538
1399582135895877559	0.0329381	-0.0124385	1.03068
1399582136001759660	0.0149901	-0.0148494	1.03722
1399582136009789748	-0.00407847	-0.0121254	1.04234
1399582136069817657	-0.016982	-0.00532317	1.04532
1399582136173689833	-0.0190684	0.00664885	1.04685
1399582136188649416	-0.0137918	0.018429	1.04607
1399582136277715088	-0.00925493	0.0229745	1.0429
1399582136313711195	-0.00987015	0.0171554	1.03755
1399582136419719535	-0.00821245	0.0078479	1.02993
1399582136427621792	-0.00366368	0.00271451	1.02099
1399582136525588522	-0.00530116	-0.00176916	1.012
1399582136637481832	-0.0135236	-0.0039424	1.00437
1399582136644451343	-0.0176832	-0.000769951	1.00019
1399582136742291909	-0.00986142	-0.00291032	0.999342
1399582136748282623	0.00293908	-0.015031	0.999796
1399582136805311662	0.00888022	-0.0272477	1.00156
1399582136916197564	0.00312973	-0.0313991	1.0061
1399582136922205153	-0.0116463	-0.0227299	1.0132
1399582137017234036	-0.0321897	-0.000576336	1.02071
1399582137032163842	-0.036418	0.013805	1.02557
1399582137167250875	-0.0224843	0.0129868	1.02757
1399582137177235892	-0.00411671	0.00447059	1.02738
1399582137264270195	0.00664908	0.00084915	1.02578
1399582137271281634	0.0104766	0.00608533	1.02392
1399582137335138297	0.0127449	0.0109574	1.02226
1399582137438272970	0.012162	0.0149861	1.02065
1399582137475095917	0.0105881	0.0208562	1.01896
1399582137587043188	0.0046497	0.0250266	1.01778
1399582137593094562	0.00707613	0.0239187	1.01767
1399582137650066311	0.0137595	0.0217275	1.01831
1399582137686078397	0.0224451	0.0193082	1.01895
1399582137792076926	0.0304594	0.0177795	1.02074
1399582137857067865	0.0388045	0.0193991	1.023
1399582137868016851	0.0496129	0.0278609	1.02496
1399582137964755577	0.04811	0.0419495	1.02782
1399582138000791539	0.0389099	0.048673	1.03068
1399582138069761842	0.0315074	0.0446246	1.0332
1399582138110687671	0.022518	0.0389955	1.03691
1399582138173662180	0.0147278	0.0344813	1.04217
1399582138381658200	-0.00710081	0.0218342	1.06326
1399582138417685623	-0.00946895	0.0201186	1.06975
1399582138523591713	0.00195796	0.0150127	1.07503
1399582138531594714	0.0157296	0.0104195	1.07902
1399582138591538858	0.0173855	0.0106804	1.08284
1399582138740423310	0.0138137	0.0131518	1.08815
1399582138746398013	0.0173772	0.0181793	1.09485
1399582138803373436	0.0232089	0.0152698	1.10221
1399582138839320097	0.0291894	-0.00113077	1.10927
1399582138930367153	0.0306668	-0.0193506	1.11612
1399582138951352329	0.0222179	-0.0326609	1.1223
1399582139049264306	0.0125955	-0.0383527	1.12767
1399582139121212939	0.00563452	-0.0326002	1.13068
1399582139130167594	-0.000102073	-0.0181012	1.13116
1399582139266137031	-0.00304772	-0.00552728	1.13059
1399582139272167208	0.00453798	-0.00381443	1.12935
1399582139330089623	0.0147274	-0.00680331	1.12638
1399582139440095967	0.0188625	-0.0114117	1.12062
1399582139447071601	0.0128548	-0.0134542	1.11269
1399582139537112184	-0.00293335	-0.00857256	1.10329
1399582139553027509	-0.0130566	0.0103026	1.09322
1399582139645005518	-0.00928604	0.0358498	1.08516
1399582139680009159	0.00576875	0.0505023	1.08035
1399582139748053363	0.0205518	0.0542282	1.07737
1399582139845903182	0.0212127	0.0468343	1.07589
1399582139853821063	0.00945615	0.0355198	1.0767
1399582140000810890	0.00405519	0.031126	1.07888
1399582140006848463	0.00831802	0.0320462	1.07999
1399582140056805198	0.0166046	0.0341328	1.07982
1399582140099740082	0.0218635	0.0348301	1.07805
1399582140204655668	0.0262383	0.0304226	1.07559
1399582140212754451	0.032428	0.0219936	1.07356
1399582140309660424	0.0386734	0.0111187	1.07106
1399582140377666750	0.038806	0.00139603	1.06846
1399582140392605879	0.029399	-0.00442257	1.06689
1399582140481599590	0.0197634	-0.00949966	1.06664
1399582140518535055	0.0108985	-0.0173758	1.06676
1399582140623455242	0.00675126	-0.0245497	1.06599
1399582140631503614	0.00277004	-0.02086	1.06538
1399582140692445350	-0.00313521	-0.00844792	1.06497
1399582140936264705	0.00457991	-0.000917148	1.07173
1399582141042315963	-0.0120149	0.00250849	1.07349
1399582141049254969	-0.0236741	0.00721657	1.07441
1399582141154252870	-0.0259857	0.00920024	1.07315
1399582141324143290	-0.0301576	0.00962264	1.05912
1399582141475075499	0.00454243	0.0171962	1.0439
1399582141573078995	0.0136146	0.0146344	1.04009
1399582141588079147	0.0141286	0.0126292	1.03678
1399582141677943189	0.0053806	0.0135968	1.03262
1399582141789894066	-0.000850863	0.020731	1.02874
1399582141795909645	0.00703329	0.0229265	1.02611
1399582141855934252	0.0214365	0.0106575	1.02549
1399582141890937355	0.0268417	0.00198043	1.02881
1399582141995888548	0.0190907	0.00172662	1.03766
1399582142010905408	0.00772717	0.00612072	1.05041
1399582142100806305	0.00314341	0.0109754	1.06561
1399582142169795375	0.00453806	0.012425	1.08135
1399582142186805877	0.0104549	0.0136419	1.09681
1399582142318699694	0.0180911	0.019683	1.11234
1399582142324728346	0.0223627	0.0212828	1.12698
1399582142415708727	0.0196546	0.0174513	1.14061
1399582142430651327	0.0148409	0.0177944	1.15302
1399582142488003503	0.0118711	0.0292312	1.1616
1399582142590598637	0.00920167	0.0427993	1.16548
1399582142627616907	0.00949559	0.0537776	1.16427
1399582142739506224	0.0100545	0.0636879	1.15879
1399582142745515622	-7.2112e-05	0.0709822	1.14949
1399582142810481594	-0.0100237	0.0691107	1.13698
1399582142913390702	-0.00965471	0.0542497	1.12276
1399582142920549923	-0.00028967	0.0333394	1.10724
1399582143014619647	0.0122402	0.0156329	1.0913
1399582143029542057	0.014173	0.00961784	1.07841
1399582143165521358	0.00226298	0.0173055	1.06978
1399582143175502513	-0.0145426	0.0248719	1.06606
1399582143229441707	-0.0237973	0.0270131	1.06656
1399582143267449526	-0.0242806	0.0192954	1.07062
1399582143333409462	-0.0193068	0.00154558	1.07688
1399582143437359213	-0.0147782	-0.0109553	1.08395
1399582143452432511	-0.015253	-0.0121166	1.08988
1399582143541468687	-0.0189012	-0.00775463	1.09602
1399582143577264433	-0.0194785	-0.00431917	1.10283
1399582143683233019	-0.0121587	-0.00115769	1.10933
1399582143691205099	-0.00111423	0.00141728	1.11562
1399582143788286174	0.00690145	6.34715e-05	1.12127
1399582143878187121	0.00688399	-0.00599312	1.12677
1399582143885158703	0.00232542	-0.00596518	1.13067
1399582143971983094	-0.00286989	-0.00034523	1.1324
1399582143987012296	0.00123524	0.00672534	1.13029
1399582144060209205	0.0111867	0.00959322	1.12539
1399582144183989273	0.020218	0.0103985	1.11858
1399582144190028831	0.0189578	0.0103685	1.11021
1399582144274975502	0.0132372	0.0119153	1.10209
1399582144290008180	0.00994132	0.017359	1.09436
1399582144394998690	0.0148819	0.0232302	1.08669
1399582144415976327	0.0270027	0.0290336	1.07888
1399582144483973690	0.0387407	0.0300227	1.07063
1399582144597849831	0.0475321	0.0251021	1.06293
1399582144604853437	0.0505315	0.0134629	1.05606
1399582144694847116	0.0476428	0.004409	1.04988
1399582144709776581	0.0416079	0.00394333	1.04425
1399582144802747367	0.034254	0.00619956	1.03855
1399582144837687517	0.0261019	0.00920834	1.03299
1399582144941555691	0.0189831	0.0138488	1.02974
1399582144949585547	0.0158512	0.0166239	1.02905
1399582145046595198	0.011198	0.011457	1.03002
1399582145118645784	-0.00389468	0.00191292	1.03243
1399582145151443958	-0.025462	-0.00518495	1.03664
1399582145264375125	-0.0435341	-0.0100334	1.04233
1399582145270485696	-0.0508567	-0.00535753	1.0483
1399582145364527364	-0.0516915	0.0100762	1.05315
1399582145371307922	-0.0460479	0.023431	1.05675
1399582145467374960	-0.0372744	0.0278317	1.05847
1399582145536332171	-0.0285137	0.0293731	1.05804
1399582145551303411	-0.0178237	0.0328445	1.05682
1399582145684297718	-0.00876565	0.0382893	1.05581
1399582145690316983	-0.000657675	0.0487961	1.05378
1399582145783276359	0.00977602	0.0620035	1.04999
1399582145791242006	0.0190186	0.069981	1.04479
1399582145889225281	0.0229977	0.0646529	1.03902
1399582145959222992	0.0237427	0.0514543	1.03284
1399582145970166165	0.0241701	0.0345123	1.02694
1399582146106238943	0.0246695	0.011525	1.02259
1399582146112091221	0.0240789	0.000870094	1.02157
1399582146176100384	0.0255796	0.0011984	1.02455
1399582146261043661	0.0267564	0.000977937	1.03034
1399582146310148793	0.0230144	-0.00105648	1.03826
1399582146327969466	0.0143277	0.00309637	1.0473
1399582146415021326	0.00493483	0.00356562	1.05708
1399582146526839324	-0.0018316	0.000657808	1.06796
1399582146532812979	-0.00588978	-0.000694398	1.08006
1399582146625924755	-0.0095786	-0.000261426	1.0919
1399582146633877458	-0.00783075	0.00247096	1.10246
1399582146693894593	-0.00606784	0.00911516	1.11143
1399582146797908429	-0.0148366	0.02179	1.11726
1399582146812846085	-0.0337563	0.0342989	1.12034
1399582146945857595	-0.0505429	0.0336238	1.12307
1399582146952758200	-0.0538634	0.0282729	1.12406
1399582147008798542	-0.0423312	0.0282177	1.12126
1399582147123678647	-0.0291869	0.0343145	1.11593
1399582147132551099	-0.0265963	0.0426629	1.11024
1399582147266602939	-0.0320631	0.0427683	1.10465
1399582147273658093	-0.032965	0.0320256	1.09906
1399582147373522608	-0.0279236	0.0177406	1.09357
1399582147379455406	-0.0215495	0.0110222	1.08883
1399582147477501011	-0.00885576	0.00920488	1.08503
1399582147483516306	0.00619796	0.00915585	1.08232
1399582147540483128	0.0197625	0.0102684	1.08051
1399582147644432255	0.0292657	0.0127524	1.07945
1399582147652352120	0.0356259	0.0117368	1.07815
1399582147749360192	0.0368025	0.0132132	1.07716
1399582147785184404	0.0379042	0.0167047	1.07733
1399582147897193746	0.0398162	0.0214624	1.07851
1399582147903163100	0.0418665	0.0268714	1.07947
1399582147958140473	0.0495939	0.0344456	1.07961
1399582148056105039	0.0650272	0.0410627	1.07939
1399582148071084479	0.0744117	0.0424222	1.07812
1399582148173006259	0.0709085	0.0378771	1.07568
1399582148187004532	0.0554592	0.0258667	1.07245
1399582148271014907	0.0434536	0.0119882	1.0689
1399582148307049487	0.0380171	0.00343462	1.06745
1399582148413278065	0.0394019	-0.00104225	1.06828
1399582148427932422	0.0422614	0.00225867	1.07038
1399582148516933084	0.0423394	0.00559834	1.07332
1399582148628798361	0.0392935	-0.00111171	1.07659
1399582148635790736	0.0374604	-0.0115248	1.08039
1399582148735824858	0.0318205	-0.012435	1.08434
1399582148741746730	0.0100253	-0.00668805	1.0898
1399582148798713691	-0.0194683	0.00350923	1.09504
1399582148902579588	-0.036605	0.0185995	1.09788
1399582148910694338	-0.0471175	0.0290326	1.09794
1399582149006617359	-0.0567693	0.0287139	1.09712
1399582149043646091	-0.0727798	0.0273041	1.09487
1399582149114642506	-0.0946732	0.0298583	1.0912
1399582149147573997	-0.108033	0.0327647	1.08682
1399582149219519225	-0.112728	0.0312246	1.08282
1399582149322448747	-0.106739	0.0292626	1.07824
1399582149330458751	-0.0957107	0.0349919	1.07076
1399582149470323496	-0.082233	0.0446933	1.06043
1399582149476353632	-0.061359	0.0453093	1.04844
1399582149534292838	-0.0366749	0.0285585	1.03656
1399582149570333490	-0.0163716	0.00276295	1.02542
1399582149675267387	0.0034486	-0.0194654	1.01693
1399582149690266964	0.0239247	-0.0331276	1.0127
1399582149781212482	0.0461817	-0.0334805	1.01442
1399582149849139799	0.0744463	-0.0206465	1.02345
1399582149885139323	0.0973884	-0.00709265	1.03831
1399582149997238226	0.10387	0.00388738	1.0552
1399582150004265227	0.0964619	0.0118606	1.07216
1399582150048435557	0.0845607	0.0186287	1.08857
1399582150165210008	0.0715501	0.0255707	1.10379
1399582150172117302	0.0636181	0.0365235	1.11785
1399582150269092497	0.0599114	0.0444384	1.13046
1399582150305127107	0.0512739	0.0486111	1.14049
1399582150416922522	0.0359188	0.0525412	1.14778
1399582150422892271	0.0160591	0.0552266	1.15311
1399582150478020978	0.000317766	0.0529503	1.15806
1399582150585961810	-0.0125675	0.0489853	1.16177
1399582150593769289	-0.0164182	0.0492144	1.16437
1399582150688892519	-0.0153235	0.0564647	1.1652
1399582150725046947	-0.023635	0.0633715	1.16599
1399582150837841062	-0.0328358	0.0644956	1.168
1399582150843736823	-0.0385579	0.0610914	1.16873
1399582150922804719	-0.0437315	0.0610502	1.16717
1399582151048748164	-0.0528905	0.0621753	1.1644
1399582151055723147	-0.057356	0.0603286	1.16072
1399582151115727423	-0.048056	0.0532618	1.15612
1399582151132669001	-0.0303219	0.0398462	1.14974
1399582151219542874	-0.0158893	0.0286531	1.1427
1399582151254617749	-0.0108013	0.0206901	1.1367
1399582151360440652	-0.0179958	0.0129177	1.13161
1399582151368486478	-0.0346164	0.0106985	1.12617
1399582151465418974	-0.0466119	0.0100576	1.11934
1399582151577348923	-0.049898	0.000594072	1.11253
1399582151583300472	-0.0442924	-0.0130465	1.10644
1399582151683376939	-0.0361332	-0.0228997	1.10174
1399582151690404017	-0.0313164	-0.0256314	1.09912
1399582151747295456	-0.0276471	-0.0255971	1.09768
1399582151895207072	-0.0259809	-0.0241295	1.09775
1399582151901252930	-0.0222703	-0.0204488	1.09866
1399582152001206840	-0.0139156	-0.0197266	1.09974
1399582152007146011	-0.00384971	-0.0247482	1.10268
1399582152106076555	0.00868996	-0.0299795	1.10704
1399582152112138804	0.0243208	-0.0290631	1.11258
1399582152175022160	0.0373183	-0.019513	1.11826
1399582152280023504	0.0376646	-0.00198512	1.12429
1399582152286023187	0.0349905	0.0147477	1.13073
1399582152371011219	0.0345741	0.0280852	1.13627
1399582152386016438	0.0430817	0.0372589	1.13873
1399582152481966547	0.059101	0.040093	1.13692
1399582152517934778	0.0742423	0.0360073	1.1314
1399582152585896044	0.0809656	0.0344698	1.12215
1399582152696861546	0.0772204	0.0470871	1.11116
1399582152702767481	0.0704875	0.0650074	1.09912
1399582152839720423	0.0572213	0.0798771	1.08637
1399582152845710666	0.0374047	0.0814992	1.07396
1399582152902737809	0.0201314	0.0724679	1.06282
1399582152938622032	0.00615059	0.0599125	1.05417
1399582153042652468	-0.00699982	0.0468352	1.04786
1399582153057654243	-0.0148968	0.0384079	1.04377
1399582153153610155	-0.0176731	0.0385992	1.04145
1399582153219588106	-0.0154279	0.0476083	1.0407
1399582153227556306	-0.0124371	0.0551012	1.04179
1399582153326536278	-0.0225621	0.0536669	1.04516
1399582153361525937	-0.0427559	0.042076	1.05077
1399582153451486634	-0.0599814	0.025322	1.05676
1399582153465472149	-0.0653007	0.0167039	1.06141
1399582153555444524	-0.0530649	0.0177689	1.06563
1399582153637423229	-0.0312903	0.0199277	1.07083
1399582153645404132	-0.0156657	0.0192102	1.0774
1399582153736350219	-0.0121475	0.0174332	1.08546
1399582153778371981	-0.0146062	0.0126623	1.09497
1399582153884277981	-0.0119719	0.00951409	1.10447
1399582153891243010	-0.00355012	0.0097625	1.11393
1399582153988238198	-0.000479265	0.0107225	1.12385
1399582154007218480	-0.00102464	0.0179896	1.13429
1399582154094234748	-0.0037485	0.0244671	1.14577
1399582154206120789	-0.00898932	0.0227856	1.15672
1399582154212069095	-0.012183	0.0211825	1.16541
1399582154269044855	-0.00994107	0.0255978	1.17099
1399582154380024374	-0.00268781	0.0313418	1.17289
1399582154386987458	0.00423784	0.0319799	1.17158
1399582154476984130	0.00989511	0.0300995	1.1687
1399582154513983259	0.0103922	0.0346504	1.1648
1399582154581955049	0.00531679	0.0442418	1.16087
1399582154617944591	0.00337685	0.0510321	1.15694
1399582154722838264	0.00792199	0.0517088	1.15318
1399582154730890051	0.0132312	0.0416918	1.15026
1399582154828839479	0.0172151	0.0277077	1.14922
1399582154898798744	0.0157094	0.0228704	1.14947
1399582154909783190	0.00955088	0.0290367	1.15022
1399582154995785838	0.00441481	0.0346763	1.15081
1399582155037681744	0.00610472	0.0326254	1.15121
1399582155146750235	0.0176331	0.0237184	1.15154
1399582155255693498	0.0336978	0.0208721	1.15026
1399582155261689236	0.039375	0.0295654	1.14792
1399582155312640755	0.0342779	0.0367831	1.1434
1399582155327635587	0.0311376	0.0315401	1.13599
1399582155426606277	0.0326497	0.0134816	1.12585
1399582155461565793	0.0352332	0.00394923	1.11415
1399582155530538600	0.0396636	0.00933372	1.10134
1399582155566493380	0.0399753	0.0182561	1.08825
1399582155670417210	0.0303643	0.0206259	1.07661
1399582155738384692	0.0140509	0.0205191	1.06683
1399582155745378442	0.00111596	0.0215545	1.05846
1399582155846339870	-0.00962881	0.0168694	1.05157
1399582155881312256	-0.0215075	0.00330847	1.04642
1399582155974315935	-0.0325433	-0.00988483	1.04449
1399582155987254337	-0.0404061	-0.0155924	1.04583
1399582156054237702	-0.0450267	-0.00992308	1.04979
1399582156188104255	-0.0427586	0.00390502	1.05555
1399582156194154397	-0.0348109	0.0167562	1.06267
1399582156310155894	-0.0338714	0.0205914	1.07172
1399582156316140993	-0.0369763	0.0160325	1.08139
1399582156373025391	-0.0352298	0.0125421	1.09025
1399582156410112909	-0.0342841	0.0126785	1.09778
1399582156515044053	-0.0322744	0.0182647	1.1034
1399582156529990081	-0.0215792	0.0287718	1.10741
1399582156620071317	-0.0011791	0.0375379	1.11001
1399582156688973822	0.0220702	0.0368922	1.11191
1399582156724916897	0.0356712	0.0263169	1.11286
1399582156836929646	0.0352143	0.0197182	1.113
1399582156842969847	0.0296397	0.0242888	1.11395
1399582156935884052	0.0282059	0.0397025	1.11603
1399582156950804684	0.0325566	0.0556942	1.11956
1399582157048809736	0.0336901	0.061651	1.12483
1399582157112780082	0.026726	0.0551716	1.13175
1399582157129806064	0.0169608	0.041853	1.14057
1399582157257664928	0.00670636	0.0295076	1.15066
1399582157263764990	-0.00152073	0.0258394	1.16034
1399582157320723571	-0.00228946	0.0255429	1.16881
1399582157469650029	-0.00171325	0.0234669	1.17585
1399582157475638364	-0.00553608	0.019572	1.18069
1399582157532623013	-0.01531	0.0170014	1.18358
1399582157547601798	-0.0230151	0.0163413	1.18389
1399582157636602514	-0.0247201	0.0188253	1.18296
1399582157672550073	-0.0225329	0.0246548	1.18123
1399582157741533303	-0.0219775	0.026788	1.1788
1399582157852493534	-0.0228475	0.0257393	1.17507
1399582157858540714	-0.0242607	0.0259292	1.17062
1399582157953555221	-0.0227714	0.0280245	1.16652
1399582157968621727	-0.0146814	0.0309383	1.16356
1399582158056390520	-0.00166624	0.0360819	1.16328
1399582158092519038	0.00752332	0.0371612	1.16539
1399582158196436765	0.00640277	0.0341603	1.1683
1399582158265294773	0.00328262	0.0245322	1.17148
1399582158272375647	0.00441876	0.0145762	1.17423
1399582158369435888	0.0091188	0.0138925	1.17586
1399582158405361511	0.00850295	0.0239284	1.17653
1399582158473392127	0.00278664	0.0339512	1.17608
1399582158510247073	-0.00301676	0.0344111	1.17464
1399582158615148608	-0.00534219	0.0311057	1.17183
1399582158630258076	-0.000963019	0.0333236	1.16814
1399582158687203087	0.00497885	0.0406089	1.16342
1399582158833066628	0.00792862	0.047225	1.15679
1399582158838955160	0.00834448	0.0507713	1.1488
1399582158896114217	0.00447339	0.0489075	1.13996
1399582158932102968	-0.00130139	0.0422716	1.12987
1399582159001065197	-0.00447866	0.033542	1.11903
1399582159108048347	-0.00476856	0.0271803	1.10779
1399582159118054941	-0.00539639	0.026203	1.09801
1399582159252888105	-0.00582421	0.0263206	1.08968
1399582159258806282	-0.00348419	0.0221596	1.08158
1399582159302990481	-0.00157505	0.0164408	1.074
1399582159351912618	0.00119412	0.00996505	1.06726
1399582159442871445	0.00764161	0.00482547	1.0625
1399582159524832166	0.0114274	0.00470164	1.06055
1399582159532841027	0.0096467	0.00649113	1.06163
1399582159622780676	0.00787621	0.0076136	1.0651
1399582159664821296	0.00719342	0.00634358	1.07043
1399582159776687263	0.0042704	0.00255653	1.07794
1399582159783639870	-0.00254671	0.00228249	1.08589
1399582159842731594	-0.00978495	0.00627677	1.09302
1399582159944605265	-0.0164125	0.0130249	1.09867
1399582159952676505	-0.0217292	0.0258953	1.10253
1399582160042424948	-0.02706	0.0444877	1.10407
1399582160084606760	-0.0373753	0.0604251	1.10326
1399582160196485909	-0.0460831	0.0676022	1.10091
1399582160202510145	-0.0466078	0.0638211	1.09735
1399582160249468446	-0.0422983	0.0544698	1.09217
1399582160363485454	-0.0381432	0.0448126	1.08623
1399582160371445698	-0.037147	0.0424765	1.07929
1399582160471379602	-0.0394501	0.0471423	1.07156
1399582160486317344	-0.0372165	0.0537331	1.06355
1399582160578364728	-0.0277551	0.0587572	1.05558
1399582160613290737	-0.0140799	0.0576525	1.04762
1399582160718215965	-0.00249547	0.0515824	1.03978
1399582160796250706	0.00331574	0.0436135	1.03411
1399582160802231576	0.0033501	0.0361246	1.02987
1399582163874522702	-0.00129702	0.0290046	1.02629
1399582163874543864	-0.00965079	0.0148954	1.02362
1399582163874553507	-0.00358428	0.000162061	1.02208
1399582163874561217	-0.000865998	-0.000501808	1.02486
1399582163874568808	-0.00307375	0.00480298	1.02832
1399582163874581107	-0.0119247	0.0151924	1.03282
1399582163874588693	-0.0154104	0.0241304	1.03711
1399582163874595919	0.00481241	0.00930532	1.03225
1399582163874603431	0.00126907	0.011242	1.03001
1399582163874611226	-0.0024626	0.0138727	1.02811
1399582163874618775	-0.000789399	0.0122792	1.02558
1399582163874625487	-0.00147313	0.0131306	1.02323
1399582163874632537	-0.00140342	0.0131502	1.02099
1399582163874639835	-0.00176238	0.0130698	1.01889
1399582163874658976	-0.00211237	0.0129413	1.01664
1399582163874666076	-0.00216126	0.0131556	1.01434
1399582163874672426	-0.00234732	0.0132024	1.01232
1399582163874678759	-0.0024671	0.0132139	1.0099
1399582163874685304	-0.00277395	0.0130723	1.00534
1399582163874691590	-0.00283295	0.0130803	1.00333
1399582163874699952	-0.00279756	0.0129214	1.00135
1399582163874706410	-0.00305915	0.0129223	0.99892
1399582163874712824	-0.00315016	0.0129084	0.996984
1399582163874719559	-0.00342186	0.0128987	0.994766
1399582163874726015	-0.00335269	0.0128739	0.992427
1399582163874732584	-0.00351183	0.0128152	0.990406
1399582163874739030	-0.00357578	0.0127574	0.988222
1399582163874745489	-0.00363486	0.0127936	0.986106
1399582163874751947	-0.00382687	0.0126553	0.984016
1399582163874758262	-0.0038165	0.0126926	0.981848
1399582163874764788	-0.00402148	0.0125792	0.979887
1399582163874770899	-0.00410357	0.0125673	0.977631
1399582163874777263	-0.00425729	0.0124815	0.975581
1399582163874784632	-0.00435428	0.0124749	0.973466
1399582163874790990	-0.00498656	0.0115211	0.958957
1399582163874797387	-0.0057482	0.0100205	0.941
1399582163874803966	-0.00655754	0.00860441	0.922255
1399582163874812020	-0.00711489	0.00714094	0.905403
1399582163874818604	-0.00756497	0.00576746	0.889002
1399582163874824997	-0.00794051	0.00437354	0.872936
1399582163874831338	-0.00830487	0.00297434	0.858429
1399582163874837835	-0.00856503	0.00179818	0.843142
1399582163874844177	-0.00878559	0.000563338	0.829345
1399582163874850594	-0.00892736	-0.000665892	0.815685
1399582163874856847	-0.0090678	-0.00181102	0.802645
1399582163874863235	-0.00916557	-0.00287047	0.791023
1399582163874869558	-0.00920794	-0.00396407	0.778686
1399582163874875924	-0.00923174	-0.00500748	0.767604
1399582163874882193	-0.00926023	-0.0059133	0.756673
1399582163874888462	-0.00924467	-0.00684164	0.745968
1399582163917690261	-0.00917325	-0.00781221	0.736329
1399582164009642978	-0.00914473	-0.00857235	0.725943
1399582164058634530	-0.00907124	-0.00935373	0.716579
1399582164117580176	-0.00899087	-0.0101122	0.707539
1399582164163600513	-0.00887701	-0.0108035	0.698649
1399582164218560390	-0.00877985	-0.0114802	0.690671
1399582164267530609	-0.00870055	-0.0121408	0.682254
1399582164371425273	-0.00858531	-0.0128001	0.67449
1399582164386390649	-0.00842347	-0.013386	0.666764
1399582164476368966	-0.00826189	-0.0139814	0.659091
1399582164531301141	-0.00809322	-0.0145776	0.652167
1399582164580320188	-0.00795939	-0.0150163	0.645063
1399582164636299368	-0.00779564	-0.0155292	0.638578
1399582164685328463	-0.00763766	-0.016019	0.632161
1399582164789232850	-0.00752189	-0.0164456	0.625896
1399582164847254165	-0.00739992	-0.0168753	0.620281
1399582164893184192	-0.0072628	-0.0172877	0.614405
1399582164949377068	-0.00713402	-0.017708	0.609059
1399582164998261090	-0.006987	-0.0180416	0.603656
1399582165053255823	-0.00686683	-0.0183939	0.598365
1399582165108175380	-0.00674168	-0.0187382	0.593636
1399582165207205299	-0.00660733	-0.0190527	0.588735
1399582165225278839	-0.00650016	-0.0193748	0.584304
1399582165311135222	-0.00634399	-0.0196805	0.579976
1399582165370101920	-0.00625441	-0.0199776	0.575719
1399582165416135434	-0.0061697	-0.0202694	0.571933
1399582165471086612	-0.00611036	-0.0205443	0.568104
1399582165527081214	-0.00598843	-0.0208152	0.564629
1399582165624074449	-0.00590325	-0.0210588	0.561193
1399582165680057272	-0.00577543	-0.0212958	0.557817
1399582165728841821	-0.00564389	-0.0215813	0.554851
1399582165783849360	-0.005551	-0.0217379	0.551958
1399582165832759633	-0.00545808	-0.0219272	0.54931
1399582165892009551	-0.00534352	-0.0221324	0.546707
1399582165944917715	-0.00523137	-0.0223274	0.544022
1399582166041906953	-0.00513027	-0.0225066	0.54161
1399582166100740104	-0.00502275	-0.0226728	0.539015
1399582166146835074	-0.00496064	-0.022859	0.536723
1399582166201801292	-0.00488062	-0.0230139	0.53447
1399582166250864138	-0.00476067	-0.0231917	0.532189
1399582166305813007	-0.00466462	-0.0233433	0.530123
1399582166412769739	-0.00458653	-0.0235012	0.527662
1399582166458725685	-0.00451218	-0.0236261	0.525564
1399582166514731312	-0.0044369	-0.0237525	0.523617
1399582166563649126	-0.00436062	-0.0238949	0.521582
1399582166618443653	-0.00426209	-0.0240506	0.51976
1399582166667628343	-0.00417632	-0.0241754	0.51784
1399582166772543269	-0.00410571	-0.0243138	0.516159
1399582166787562390	-0.00408399	-0.0244245	0.514469
1399582166876562056	-0.00404686	-0.0245579	0.512777
1399582166934690046	-0.00404464	-0.0246804	0.511242
1399582166980569021	-0.00399141	-0.0247768	0.509829
1399582167036359471	-0.00395145	-0.0249199	0.508589
1399582167085305509	-0.00393324	-0.0250333	0.507383
1399582167189278857	-0.0039021	-0.0251129	0.506325
1399582167244212630	-0.00391918	-0.025163	0.505478
1399582167301224136	-0.0039091	-0.025205	0.504296
1399582167348251417	-0.00390592	-0.0252786	0.503232
1399582167397246451	-0.00386678	-0.0254038	0.502102
1399582167456286189	-0.0037993	-0.0255285	0.501116
1399582167509339850	-0.00374905	-0.0256475	0.500301
1399582167606237421	-0.00369387	-0.025736	0.499111
1399582167662057655	-0.0036487	-0.0258318	0.498052
1399582167710957957	-0.00362098	-0.0259164	0.497015
1399582167766003928	-0.00358682	-0.026008	0.496193
1399582167815004828	-0.00354932	-0.0261106	0.495558
1399582167869915391	-0.00353142	-0.0262119	0.494983
1399582167926923522	-0.00347067	-0.0263083	0.494532
1399582168022892801	-0.00342701	-0.0263734	0.494086
1399582168078750059	-0.00338053	-0.0264364	0.493427
1399582168133772360	-0.00332023	-0.0265178	0.492789
1399582168183793248	-0.00332339	-0.026563	0.492205
1399582168232756436	-0.00338713	-0.0266509	0.4917
1399582168288718977	-0.00337629	-0.0267307	0.491282
1399582168392688237	-0.003353	-0.0267948	0.490831
1399582168448678993	-0.00331604	-0.0268892	0.490463
1399582168499707590	-0.00330263	-0.0269499	0.489863
1399582168545692176	-0.00330949	-0.0270115	0.489259
1399582168600571149	-0.00339651	-0.0270669	0.488614
1399582168649643283	-0.00342074	-0.0271184	0.488053
1399582168705617589	-0.00340835	-0.02716	0.487547
1399582168809528367	-0.00333521	-0.0271783	0.486918
1399582168858510750	-0.00332684	-0.0272149	0.48635
1399582168913434874	-0.00338074	-0.0272573	0.485784
1399582168962494630	-0.00339223	-0.0272754	0.485343
1399582169021507373	-0.00342708	-0.0273259	0.485053
1399582169066377755	-0.00345641	-0.0273721	0.48473
1399582169127349264	-0.00343086	-0.0273751	0.484345
1399582169226351777	-0.00337689	-0.0273676	0.48382
1399582169275341273	-0.00334079	-0.0274006	0.483418
1399582169330326943	-0.00333675	-0.0274158	0.483121
1399582169379197267	-0.00333791	-0.0274559	0.482739
1399582169438226368	-0.00328829	-0.0274836	0.482434
1399582169539177876	-0.00326534	-0.0275335	0.482127
1399582169588188142	-0.00323396	-0.0275698	0.48169
1399582169644125458	-0.00325294	-0.0275855	0.481271
1399582169693024154	-0.00322527	-0.0276032	0.480905
1399582169797029253	-0.0032013	-0.0276401	0.480108
1399582169852006060	-0.0031615	-0.0276823	0.479633
1399582169909011571	-0.00313177	-0.027683	0.479272
1399582170005964913	-0.00314609	-0.0276502	0.478864
1399582170060922364	-0.00316731	-0.0276279	0.478595
1399582170113919107	-0.00316702	-0.0276129	0.478489
1399582170165855894	-0.00316127	-0.0276409	0.47824
1399582170214885901	-0.0030985	-0.0276758	0.477926
1399582170270834427	-0.00304018	-0.0277038	0.477779
1399582170327846484	-0.00298648	-0.0277391	0.477688
1399582170423808852	-0.00299738	-0.0277517	0.477649
1399582170482755508	-0.00302664	-0.027796	0.477701
1399582170528768206	-0.00305496	-0.0278363	0.477824
1399582170583726028	-0.00308576	-0.027852	0.477709
1399582170632673679	-0.00307821	-0.0278968	0.477643
1399582170688719493	-0.00309472	-0.0279289	0.477475
1399582170744669020	-0.00315754	-0.0279243	0.477331
1399582170841571504	-0.00316821	-0.0279228	0.477225
1399582170896604235	-0.00318102	-0.0279476	0.477138
1399582170945552353	-0.00317708	-0.0279366	0.477065
1399582171004554126	-0.00322511	-0.0279021	0.476863
1399582171050502277	-0.00327866	-0.0278519	0.476585
1399582171111479010	-0.00325579	-0.0278017	0.476347
1399582171210412658	-0.0032428	-0.0278048	0.476042
1399582171259429331	-0.0032574	-0.0277949	0.475822
1399582171315359887	-0.0032545	-0.0277888	0.475709
1399582171363338595	-0.00330678	-0.0278053	0.475608
1399582171419361578	-0.00329477	-0.0278403	0.475516
1399582171468278269	-0.00332208	-0.0278679	0.47545
1399582171526266835	-0.00334161	-0.0278929	0.475354
1399582171628122926	-0.00332801	-0.0278731	0.475222
1399582171677090861	-0.00332825	-0.0278681	0.475107
1399582171732121835	-0.0033571	-0.0278579	0.47509
1399582171781085894	-0.00335935	-0.0278485	0.475014
1399582171837091409	-0.00337477	-0.0278539	0.474946
1399582171886070443	-0.00341484	-0.0278393	0.474933
1399582171990023377	-0.00340709	-0.0278534	0.47472
1399582172004927717	-0.00342998	-0.0278717	0.474531
1399582172097906252	-0.003466	-0.0278899	0.474486
1399582172149947354	-0.00347138	-0.0278822	0.474362
1399582172198942014	-0.00345802	-0.0278651	0.47417
1399582172254841994	-0.00339893	-0.0279013	0.47426
1399582172310891447	-0.00336187	-0.027932	0.474468
1399582172407817269	-0.00331413	-0.0279402	0.474627
1399582172425713609	-0.00333585	-0.0279662	0.474763
1399582172512781150	-0.00330776	-0.0279561	0.474795
1399582172570753208	-0.00330249	-0.0279527	0.474725
1399582172616707224	-0.00326342	-0.0279575	0.474665
1399582172672801671	-0.00324511	-0.0279587	0.474486
1399582172728645081	-0.00320013	-0.0279674	0.474338
1399582172825629522	-0.00317288	-0.0279787	0.474161
1399582172880567758	-0.00320706	-0.0279828	0.473863
