#Time	 Roll 	 Pitch 	 Yaw
1399890741600167542	0.05230686441	0.05188454315	0.5821370482
1399890741607123579	0.04992035404	0.05481855571	0.5900403857
1399890741712094670	0.04768545926	0.06381545961	0.5986505747
1399890741820012633	0.04691866413	0.06319043785	0.6060979366
1399890741825984884	0.04200126976	0.06558311731	0.611296773
1399890741927017014	0.03572796285	0.0720570609	0.6141178608
1399890741932962332	0.03164667264	0.07188214362	0.6148066521
1399890742033924473	0.02409958467	0.07441058755	0.6136904955
1399890742040861707	0.01691634208	0.08469899744	0.6115053296
1399890742133848571	0.01312168688	0.09054366499	0.6098704338
1399890742148824787	0.01056743134	0.08630978316	0.6096721292
1399890742238751711	0.007054317743	0.08012574911	0.6105982065
1399890742351783513	0.001891185413	0.0792863071	0.6115167737
1399890742358065703	-0.003680402413	0.080447115	0.6131900549
1399890742458711874	-0.005908525083	0.07777386904	0.6158829331
1399890742464864494	-0.003992000595	0.07292579859	0.6200175285
1399890742566749687	0.01703135855	0.07590585947	0.627456069
1399890742668784325	0.03371036798	0.07814239711	0.6299315095
1399890742779729183	0.05799945444	0.07788644731	0.6332248449
1399890742785559779	0.07149156183	0.06840028614	0.6380791664
1399890742878552640	0.07302922755	0.05292936042	0.6496959925
1399890742984578177	0.08552065492	0.05834306404	0.6585237384
1399890743088321620	0.07439634949	0.07648068666	0.6743302345
1399890743168522790	0.06559762359	0.06874084473	0.6815445423
1399890743307453320	0.06520064175	0.06571869552	0.6835409403
1399890743313358278	0.06728670001	0.06716957688	0.6835432649
1399890743415394290	0.06186658144	0.07031746209	0.6818834543
1399890743421363994	0.04610235989	0.07632815838	0.6807968616
1399890743482387756	0.03449229524	0.08035062999	0.6795041561
1399890743738088719	0.02858757414	0.06921000779	0.6718626618
1399890743747203139	0.02925113589	0.06989276409	0.6689428687
1399890743840181129	0.02126354538	0.07001178712	0.6668195724
1399890743846196975	0.01712216251	0.06898970902	0.665438652
1399890743907217720	0.02339909784	0.06405138224	0.6651068926
1399890744261997105	0.02880617417	0.07047942281	0.6773688793
1399890744268977724	0.03419598937	0.06952593476	0.6789270043
1399890744322999131	0.03928541392	0.06875674427	0.6793156862
1399890744471882708	0.03769798204	0.06685661525	0.679628849
1399890744477881241	0.03581967205	0.06137279421	0.6828197241
1399890744558140130	0.02689716779	0.07518400252	0.6970272064
1399890744780737135	0.05410593003	0.07377171516	0.7136453986
1399890744788672996	0.06159750745	0.075170286	0.7171746492
1399890744884624633	0.06648733467	0.08301752806	0.7222133279
1399890744996721466	0.05653594434	0.08610403538	0.7279189229
1399890745003670397	0.03519311547	0.08446970582	0.7340409756
1399890745096667631	0.04122540355	0.07621733099	0.7450602055
1399890745201612960	0.04850013927	0.06867572665	0.7497370243
1399890745209608426	0.05279901624	0.07138597965	0.7549857497
1399890745315633062	0.04977635294	0.07908347994	0.7605008483
1399890745326570994	0.0299307052	0.08229762316	0.7661451697
1399890745414468355	0.01904507354	0.07958380878	0.7706843615
1399890745525489477	0.02582700178	0.07612942904	0.7741144896
1399890745532435203	0.02752317488	0.07958045602	0.7757589817
1399890745633437785	0.01898609288	0.09177079797	0.7759384513
1399890745639473339	0.01485570334	0.09620002657	0.7764622569
1399890745739348510	0.02606483363	0.09026048332	0.7751201987
1399890745824321355	0.03831295669	0.08386173844	0.7716558576
1399890745837296335	0.04509139806	0.08243591338	0.7686011195
1399890745949120455	0.05362582952	0.08819698542	0.7669355869
1399890745956205341	0.0548232235	0.09798378497	0.7678306103
1399890746120168315	0.05326522142	0.09696082771	0.7740012407
1399890746365016362	0.05255300179	0.07434452325	0.7890165448
1399890746476893607	0.03586206958	0.07003254443	0.7970124483
1399890746483111579	0.02855588682	0.0684183687	0.8047109246
1399890746539966949	0.02851697989	0.0715982914	0.8114469647
1399890746896721396	0.02743832767	0.08823881298	0.8079144359
1399890746902746777	0.02227217145	0.08822342008	0.8067673445
1399890746962702568	0.02346869372	0.09183666855	0.8072540164
1399890747109648548	0.01915164292	0.09085015953	0.8103197813
1399890747115740637	0.01524485834	0.08908325434	0.8142132759
1399890747216729030	0.02240209468	0.09131189436	0.8180013299
1399890747223614062	0.03174529597	0.1000928655	0.8218015432
1399890747323560838	0.03631366789	0.1056811064	0.8256477118
1399890747329594044	0.041081734	0.103725031	0.8285908699
1399890747424496954	0.04867656529	0.1001704186	0.830779016
1399890747432468145	0.05589298531	0.1010922864	0.833450079
1399890747529481048	0.05689462647	0.1086344942	0.8360417485
1399890747598385389	0.05693992227	0.114954859	0.8368843794
1399890747609347918	0.05939593539	0.1179249063	0.8361279964
1399890747752329307	0.05876222998	0.1135801524	0.8334171772
1399890747758394969	0.04794661328	0.1039758325	0.8294044733
1399890747854399292	0.04131165147	0.09753641486	0.8261424303
1399890747860373837	0.04119837284	0.09189536422	0.8241356015
1399890747952359295	0.04360577464	0.08289783448	0.8240191936
1399890747967313307	0.04292730987	0.0695758611	0.826178968
1399890748065360771	0.03685005382	0.06197721139	0.8301266432
1399890748171180791	0.03170975298	0.06058847904	0.8365340233
1399890748177138053	0.0295680277	0.05947291106	0.8447909951
1399890748277988428	0.02652832493	0.05678409338	0.8523312211
1399890748284030182	0.02268383466	0.06202768534	0.8574349284
1399890748341102336	0.02280322649	0.07100283355	0.860699892
1399890748487052869	0.02896296233	0.08349534869	0.862313509
1399890748596019981	0.02855658531	0.0938410908	0.8598353863
1399890748602060847	0.03003158234	0.09996216744	0.8555271626
1399890748666048313	0.03447891027	0.1082710251	0.8519079089
1399890748698014395	0.04354451224	0.1152220592	0.8484387994
1399890748812922476	0.06637319177	0.1140098646	0.8450841308
1399890748871964807	0.07183674723	0.1134141982	0.8472816944
1399890749020780761	0.0741424188	0.1133950725	0.8497281671
1399890749027796093	0.07173113525	0.1075954586	0.8540212512
1399890749128816262	0.06667296588	0.104950197	0.8608466983
1399890749134735932	0.06940852851	0.1098676398	0.8693161011
1399890749235676621	0.07336968184	0.1102696434	0.8776882887
1399890749242735011	0.07400378585	0.1035073921	0.886082232
1399890749654537957	0.05389732867	0.09891895205	0.9038407803
1399890749661503572	0.058081761	0.08464429528	0.9045653939
1399890749760437098	0.06289000809	0.08195200562	0.9057863951
1399890749964466976	0.03452234343	0.06796552986	0.9193664193
1399890750277376310	0.01965618879	0.104113996	0.9197806716
1399890750390222134	0.01430908032	0.09701669961	0.9165892601
1399890750396308145	0.0157908313	0.09004196525	0.9129237533
1399890750495241598	0.02378208376	0.08450002968	0.9085143209
1399890750502184732	0.02679958567	0.08748174459	0.9043583274
1399890750596221723	0.02488571405	0.0995862484	0.9014591575
1399890750611185253	0.02695596591	0.1105818823	0.9006749988
1399890750815128184	0.03925761208	0.1114076078	0.901966989
1399890750822065985	0.05057711899	0.1050488129	0.9035065174
1399890750921985563	0.04689136147	0.09236302972	0.9052068591
1399890750927942085	0.04219859838	0.09187588841	0.9072149992
1399890751234883174	0.06653428823	0.09502576292	0.9214134812
1399890751240874110	0.06182602793	0.08400270343	0.9276849031
1399890751298109783	0.05595165119	0.08623129129	0.9350289702
1399890751653776542	0.06401413679	0.09260781109	0.9519482851
1399890751659762367	0.06774825603	0.08705033362	0.9492380619
1399890751767713653	0.07464859635	0.08716753125	0.9465324283
1399890751773652350	0.07908113301	0.09318784624	0.9459246993
1399890751861672489	0.07313140482	0.08926773816	0.9458281398
1399890751869706313	0.06353671849	0.08505066484	0.9467984438
1399890751966553750	0.06574135274	0.08851332217	0.9479854107
1399890752184566345	0.06106297299	0.1062509045	0.9496865273
1399890752191539477	0.04895228148	0.113401562	0.9495388865
1399890752285524479	0.03750457242	0.1137365028	0.948941052
1399890752292338886	0.03054752573	0.1106531098	0.9464440346
1399890752390453636	0.02970219776	0.1073906347	0.9419528842
1399890752408417477	0.03060601279	0.1039340869	0.9367277026
1399890752495361722	0.03115664236	0.1032069623	0.9318310022
1399890752607296092	0.03771563619	0.106308572	0.9290543199
1399890752614211156	0.04457115009	0.103986904	0.9271795154
1399890752677287607	0.04626962543	0.09675955027	0.926269114
1399890752709283547	0.04398319125	0.08881688863	0.9289584756
1399890752815196951	0.0391311571	0.07894387841	0.9342781901
1399890752830318205	0.03513743356	0.0713468045	0.9408794641
1399890752920182731	0.03764631599	0.06854295731	0.9496212006
1399890753032094936	0.03614808619	0.07210817188	0.9593877792
1399890753038173597	0.03376203775	0.07698961347	0.9688469172
1399890753139036626	0.04146670178	0.08049552888	0.977789402
1399890753145034969	0.05015970767	0.09186883271	0.9864001274
1399890753239070720	0.0579033643	0.1043359488	0.993863821
1399890753247073904	0.0645133853	0.1073897704	0.9980652928
1399890753345915913	0.06817016751	0.1096723154	0.9994634986
1399890753456904002	0.06601537764	0.1156965569	0.9986355305
1399890753463834694	0.06005591527	0.119149372	0.9970419407
1399890753659837391	0.04218379036	0.1107735112	0.9834234118
1399890753771808856	0.03819043189	0.1155826449	0.9784708023
1399890753777857439	0.03732680529	0.1164050624	0.9742462039
1399890753878731614	0.03781966493	0.1078751013	0.9734212756
1399890753884737912	0.03249280527	0.09756761789	0.9766162038
1399890753986687662	0.02651692741	0.08445677906	0.982034862
1399890753992665892	0.02102599852	0.07619801909	0.989985168
1399890754084719304	0.01594312862	0.08067241311	1.000368595
1399890754092687911	0.01203744765	0.08925370127	1.012194991
1399890754189692201	0.01291624643	0.09686908871	1.024033666
1399890754299624702	0.02113090642	0.09399924427	1.034601688
1399890754306626739	0.03254716098	0.07907425612	1.041933417
1399890754364534194	0.04460936412	0.07340142876	1.047155023
1399890754399614622	0.04986140877	0.07590509951	1.051016212
1399890754504534160	0.0466584675	0.07737351209	1.053778291
1399890754512432325	0.04272297397	0.07692451775	1.055197477
1399890754625491596	0.04701640084	0.08384244889	1.053569794
1399890754722326019	0.05741303787	0.09191032499	1.050899029
1399890754828401485	0.07584503293	0.1007545367	1.048620224
1399890754834384089	0.08180199564	0.1077138931	1.046639442
1399890754895413603	0.07901991159	0.1093015596	1.044777155
1399890754930438860	0.08240436763	0.1089994758	1.043416142
1399890755034407405	0.08241008222	0.1136325821	1.042968869
1399890755049410271	0.07969287783	0.116430454	1.043574691
1399890755106021185	0.08554241061	0.1153575256	1.043531179
1399890755254149850	0.09404814988	0.1200437248	1.043904305
1399890755260156489	0.08998689055	0.1229054332	1.046297669
1399890755362325590	0.08282035589	0.1211409867	1.047627687
1399890755368343190	0.07190487534	0.1215603426	1.04814899
1399890755462181809	0.06167904288	0.123157829	1.049199343
1399890755469999239	0.06104154885	0.1155846864	1.048943639
1399890755567038117	0.05768037587	0.1139848158	1.048550725
1399890755683210805	0.04423448443	0.1171169579	1.049476862
1399890755688955388	0.03087513149	0.111126937	1.049799442
1399890755788022411	0.02610326558	0.106070146	1.04943049
1399890755794959899	0.03481353074	0.09769076109	1.047558904
1399890755896023768	0.04245566577	0.08952298015	1.044641733
1399890755901970807	0.04493204132	0.08752006292	1.042068481
1399890755995889213	0.04125405848	0.09442847967	1.041447163
1399890756010844570	0.03678695112	0.1017914116	1.042594552
1399890756100840568	0.03323123232	0.1117081568	1.044944763
1399890756212827008	0.02584133483	0.1168755665	1.04863286
1399890756218766855	0.02148525789	0.1125836894	1.051317453
1399890756320758214	0.02610675804	0.1083300412	1.052258611
1399890756326780101	0.03195115551	0.1097555161	1.052863836
1399890756420646137	0.03043751605	0.1176237315	1.053717852
1399890756428741610	0.02693648636	0.1194563136	1.055120707
1399890756525614164	0.02586966008	0.1144221127	1.055139065
1399890756637694399	0.02238351665	0.1109203398	1.053328156
1399890756643643998	0.02887840942	0.110801734	1.050540924
1399890756750597630	0.04741362482	0.1107532531	1.047436953
1399890756757526455	0.05466755852	0.1074112803	1.045381188
1399890756853464395	0.05190652609	0.1029858515	1.044555426
1399890756859451869	0.04844850302	0.091624856	1.046129942
1399890756953378509	0.04389892891	0.07642523199	1.049602151
1399890756968407922	0.03750533238	0.07695775479	1.054765821
1399890757058409266	0.04381167144	0.0868973285	1.062087417
1399890757130426794	0.05205532908	0.09366215765	1.069762707
1399890757165373268	0.05858149752	0.09316813201	1.078039646
1399890757478221089	0.05438429862	0.09585311264	1.126178145
1399890757589181192	0.05280297995	0.1009165123	1.132622004
1399890757595200539	0.05207750946	0.1037646756	1.138963819
1399890757700154177	0.05051318556	0.1026654243	1.144693494
1399890757709086897	0.05397972837	0.1014776453	1.148473859
1399890757797087489	0.05994414538	0.1069183648	1.150060296
1399890757812067320	0.06207640469	0.1202499196	1.149762154
1399890757903207719	0.05874600634	0.1271195263	1.147915483
1399890758013966745	0.04878266901	0.1258438081	1.146366358
1399890758020908432	0.04116284847	0.124677442	1.145407081
1399890758120878201	0.03987816349	0.126078099	1.145538568
1399890758126831619	0.04298226908	0.1261057407	1.145392537
1399890758219842647	0.04741820693	0.1277419329	1.145128012
1399890758227873777	0.05230917782	0.1237767786	1.145003319
1399890758326804677	0.0548983328	0.1165585518	1.143905759
1399890758502676999	0.05906277522	0.1061022058	1.140307069
1399890758644679576	0.06083163619	0.09061846882	1.138686538
1399890758652696678	0.05179470778	0.09807825089	1.13731873
1399890758749670890	0.04081830382	0.1083576158	1.137246251
1399890758860524719	0.04333214462	0.1088353097	1.13779211
1399890758867493547	0.05350687355	0.1062236279	1.137668967
1399890758968511779	0.05208547786	0.1020854115	1.137452841
1399890758974472757	0.0469545424	0.09010735899	1.138717771
1399890759075518755	0.04755760357	0.07707595825	1.141408443
1399890759081444630	0.04789620638	0.07485451549	1.144412398
1399890759172453614	0.04793801531	0.07276904583	1.149479747
1399890759188379157	0.05575567856	0.07472737879	1.156153917
1399890759285356072	0.06855652481	0.08614981174	1.164290547
1399890759391416860	0.07974932343	0.09590873122	1.17034626
1399890759397403607	0.08713357896	0.1005263105	1.175222516
1399890759498418889	0.0866323486	0.1013400182	1.179239273
1399890759504367124	0.07842313498	0.1012379378	1.180615425
1399890759599171102	0.06619419158	0.1028156132	1.180052161
1399890759606285832	0.05522597581	0.1055698618	1.177218318
1399890759711236277	0.05025469139	0.1119276658	1.17203784
1399890759819129362	0.04961417988	0.1151995659	1.16729486
1399890759825176691	0.04319889471	0.1157619134	1.162571907
1399890760023164848	0.01895061694	0.1209040582	1.151801705
1399890760031055928	0.0173718147	0.1189684942	1.151496887
1399890760130003422	0.01570036449	0.1234099194	1.15337491
1399890760147915960	0.01497326978	0.1260677129	1.155895948
1399890760234930035	0.01942962036	0.1230726615	1.160151362
1399890760346925238	0.02230672352	0.1159480065	1.164592505
1399890760353878488	0.01860481501	0.1090126857	1.168354034
1399890760454908132	0.02522006631	0.0992467925	1.170761824
1399890760460854587	0.0493228063	0.0805074349	1.171608448
1399890760554766180	0.07438126951	0.1280006915	1.174798965
1399890760569944855	0.09357056022	0.2038006335	1.179217219
1399890760659779928	0.1102585495	0.2292648405	1.178056479
1399890760771786984	0.1180870831	0.2444244027	1.173730612
1399890760777646087	0.1206167862	0.2337427735	1.167070627
1399890760878605164	0.130221352	0.138366729	1.155440807
1399890760884595191	0.1218361184	0.02235053666	1.145587444
1399890760978685647	0.08811561018	-0.03543753922	1.14710021
1399890760986665415	0.05804122612	-0.03133425862	1.160246491
1399890761084619718	0.06264640391	-0.0693525672	1.173845172
1399890761196511471	0.07604171336	-0.1099196821	1.187589169
1399890761202487069	0.07639443129	-0.1036199778	1.203584552
1399890761304494874	0.05897639319	-0.0848268643	1.218917489
1399890761310540331	0.02536676824	-0.05498518422	1.232328773
1399890761404430766	-0.01622173376	0.04933906347	1.242453694
1399890761412402634	-0.0427999422	0.1532575041	1.250955582
1399890761508417766	-0.03535464033	0.2275933474	1.258947849
1399890761581378361	-0.01114172302	0.2657159865	1.265470386
1399890761588339362	0.004485666752	0.2503938377	1.273139477
1399890761731310265	0.01814027131	0.2178350687	1.278338432
1399890761741216218	0.03382972628	0.2381556183	1.284539104
1399890761836347703	0.04031679034	0.2874554694	1.291694403
1399890761842234750	0.04346457496	0.2934841812	1.297429562
1399890761936208825	0.05448304862	0.2235687077	1.297443151
1399890761951240176	0.08350019902	0.1165652797	1.291511774
1399890762043212010	0.1283892691	0.01818354428	1.285701394
1399890762113179045	0.1627091318	-0.02385433391	1.284250259
1399890762128132689	0.1617012471	-0.02647490427	1.283295393
1399890762260110472	0.134352237	-0.05070801079	1.279354334
1399890762266058136	0.09648802131	-0.05003312603	1.275720596
1399890762359902988	0.06629058719	-0.003213679418	1.273594856
1399890762368272937	0.0605381839	0.05963965878	1.27259469
1399890762466016668	0.07317400724	0.1213882864	1.271839142
1399890762533902089	0.08465974778	0.1408141404	1.268185139
1399890762548913576	0.06922081113	0.1391905099	1.266032577
1399890762685872173	0.02366126515	0.1175035313	1.266974449
1399890762694815388	-0.03683702648	0.1189407706	1.268024206
1399890762782871275	-0.08280576766	0.1472839713	1.271907806
1399890762789892366	-0.08047097921	0.1196821406	1.281487942
1399890762888582199	-0.03908319399	0.06632266939	1.292918801
1399890762999776634	0.009533160366	0.05186416581	1.302312851
1399890763005719002	0.04716277495	0.02664070949	1.310738444
1399890763063750666	0.05653904006	-0.01065930445	1.318625569
1399890763098726109	0.04431736469	-0.02847378701	1.327934623
1399890763211687832	0.0345050171	-0.01920715347	1.343110681
1399890763308598724	0.04457130656	-0.02536946908	1.347236276
1399890763421526613	0.07670456916	-0.001480177627	1.352655053
1399890763427563189	0.1104789153	0.06628864259	1.362392068
1399890763484519271	0.130265072	0.1464979053	1.37690711
1399890763520412207	0.1358954757	0.1856796592	1.38707149
1399890763632445887	0.1372659951	0.2010483593	1.390984297
1399890763639441042	0.139929086	0.2167322338	1.393296599
1399890763737374685	0.1424494833	0.2515760958	1.395145893
1399890763845365384	0.1372583658	0.2527776361	1.392028809
1399890763852313970	0.122379005	0.1901663095	1.379903078
1399890763912309755	0.09680619091	0.1147923395	1.367091656
1399890763927288166	0.06704667956	0.07700015604	1.359769464
1399890764019185641	0.04242789	0.0988541171	1.356506824
1399890764054217939	0.02635179274	0.1478994042	1.354117632
1399890764160220024	0.02194817178	0.146331653	1.34967041
1399890764168206022	0.02449708804	0.05711210147	1.34267962
1399890764265200226	0.01295791008	-0.03679228574	1.335072637
1399890764377046867	-0.01046703383	-0.03756661341	1.332084417
1399890764383221527	-0.02408161573	-0.02044322342	1.332360744
1399890764484994381	-0.03004431166	0.01172293723	1.333465099
1399890764490965390	-0.01823955216	0.03987662494	1.33690238
1399890764592947391	0.004764084704	0.05993075669	1.344105005
1399890764598901373	0.03421062231	0.01640213467	1.352483749
1399890764696033253	0.05478904769	-0.03887141868	1.363426924
1399890764804880192	0.06452874094	-0.03479524329	1.380518198
1399890764811842708	0.06616383046	-0.004915402737	1.400196433
1399890764912801427	0.05958891287	0.08502047509	1.420614123
1399890764918705235	0.04633806273	0.1877458543	1.43953228
1399890765018713637	0.04012714699	0.2192602605	1.451563597
1399890765025793495	0.05689110607	0.2120939493	1.455125332
1399890765085686433	0.08654750139	0.2274035364	1.45570755
1399890765233610981	0.1105540767	0.2497609556	1.455657721
1399890765239651596	0.1144741848	0.264528513	1.455233812
1399890765254609404	0.1065517738	0.2522016466	1.452818632
1399890765332641042	0.1012684852	0.2273521274	1.450990438
1399890765445666380	0.1036911011	0.2275691032	1.451992154
1399890765451575303	0.0979096666	0.2677832842	1.457624197
1399890765552653444	0.07533133775	0.248609066	1.459735274
1399890765558623482	0.0528935045	0.1778705269	1.456696749
1399890765652531968	0.04220455885	0.1351064295	1.45415628
1399890765672570152	0.0419963561	0.07281845063	1.449805856
1399890765758450230	0.05104839802	0.004330641124	1.444896579
1399890765870496444	0.07506572455	0.03198541328	1.444361091
1399890765876391212	0.09701441973	0.07253105193	1.443177223
1399890765933368746	0.09857264161	0.02352706157	1.432116508
1399890765969502154	0.08086030185	-0.04694253951	1.419826508
1399890766075425684	0.05432654545	-0.1261513382	1.412902832
1399890766090383104	0.02208497562	-0.1702161282	1.409967184
1399890766182334257	-0.004310513847	-0.1512720436	1.409281015
1399890766294396250	-0.01341372915	-0.07194571942	1.413912416
1399890766301304779	-0.006044228561	0.001348533202	1.423194885
1399890766402259831	0.01123085991	0.04843484238	1.435514569
1399890766408261050	0.01772956178	0.07678476721	1.448291063
1399890766502238225	0.01398718078	0.07836020738	1.460050344
1399890766509153573	0.01030719839	0.1128913015	1.471915841
1399890766608135565	0.01051406562	0.2021098882	1.482877374
1399890766683284638	0.02023139969	0.2731449008	1.49656713
1399890766692050129	0.03247490898	0.2671342492	1.507136464
1399890766783050437	0.04674467817	0.2168158144	1.511909246
1399890766819017324	0.06716466695	0.1804110855	1.515698791
1399890766923147653	0.0866945684	0.1908931732	1.520500064
1399890766930914574	0.0990305692	0.233177647	1.524335861
1399890766995965778	0.1059961915	0.2742498815	1.525753021
1399890767141927255	0.1170342118	0.2300267071	1.517830729
1399890767148961436	0.121347405	0.1048147604	1.500172973
1399890767249825802	0.1077269763	-0.03859686479	1.482342362
1399890767256855459	0.08635219187	-0.1262339205	1.469533682
1399890767354785331	0.06964725256	-0.1055251509	1.466108322
1399890767360775965	0.06338285655	-0.004735586233	1.468662381
1399890767454810916	0.07741648704	0.1048828587	1.474378586
1399890767469728805	0.09584038705	0.1230257601	1.476551771
1399890767559754925	0.08769028634	0.06911662221	1.4704566
1399890767675681976	0.05467979237	0.03311390802	1.467177033
1399890767681713029	0.03105795383	0.02266022749	1.470395207
1399890767794636779	0.03086822666	0.01467146445	1.473303676
1399890767800708636	0.03753557801	0.04203525558	1.476874352
1399890767879583138	0.05805516616	0.009179556742	1.480250955
1399890767887540528	0.07069522142	-0.08309938014	1.480963111
1399890767985481825	0.05365575105	-0.1605558395	1.483887792
1399890768055501618	0.02133346908	-0.1974462718	1.4906497
1399890768066515889	-0.001268337364	-0.1595249772	1.49716723
1399890768158412786	-0.01211270876	-0.01489344705	1.507331491
1399890768194515017	-0.008596931584	0.1371525824	1.518018603
1399890768264421121	0.00985142123	0.2072685808	1.531672239
1399890768411386439	0.02351370454	0.2335024774	1.541818142
1399890768417328734	0.02398560941	0.2436583489	1.548970461
1399890768519152480	0.02567501366	0.225257054	1.554291248
1399890768524265180	0.04111220688	0.2283444852	1.557566643
1399890768581270964	0.05606630445	0.2801166773	1.562163353
1399890768617204272	0.06608123332	0.3146970272	1.564851999
1399890768729218975	0.07942075282	0.3174318969	1.562798619
1399890768837071730	0.08678488433	0.2992517054	1.557078958
1399890768843058838	0.09040989727	0.2657660246	1.548804998
1399890768853041682	0.0958090201	0.2001206726	1.536990285
1399890768935034052	0.09236634523	0.1399671286	1.52845788
1399890769048245362	0.07960025221	0.1564192623	1.525806069
1399890769054048745	0.0809847936	0.1840858161	1.527027726
1399890769111051199	0.09647611529	0.1779109687	1.527386069
1399890769147085141	0.1220936701	0.09683854878	1.522120357
1399890769253113001	0.1350947469	-0.02912299335	1.512992859
1399890769268234922	0.1142838374	-0.1221443713	1.511470556
1399890769357936728	0.07318772376	-0.1342187971	1.521241546
1399890769469855356	0.04426365346	-0.05912717432	1.538586497
1399890769475658160	0.04593650624	0.02869946323	1.558307528
1399890769577776106	0.06306726485	0.1091309413	1.578462481
1399890769583824864	0.08752839267	0.1011107191	1.593113542
1399890769680781165	0.09582288563	0.06675073504	1.599143147
1399890769791729537	0.08018182218	0.01890967228	1.603546381
1399890769797709298	0.05202961341	-0.00387470657	1.611146688
1399890769812757781	0.0257573761	0.01507271547	1.620713472
1399890769889700912	0.01135145687	0.03981667012	1.628141642
1399890770098603125	-0.0008511908236	0.1012345627	1.63806808
1399890770106621572	0.01236638427	0.1587979048	1.643368006
1399890770204600762	0.02251739241	0.1315088421	1.649865866
1399890770318508623	0.05082375184	-0.02872646786	1.654817939
1399890770422461565	0.06881728768	-0.08446642756	1.653898358
1399890770428397447	0.08798349649	-0.055804912	1.659631014
1399890770522391717	0.1066500098	0.07901142538	1.672200203
1399890770530475050	0.09987832606	0.2123711407	1.68764627
1399890770628368107	0.07699926198	0.2786562741	1.688605309
1399890770745265109	0.07925623655	0.2396821678	1.650698543
1399890770806290164	0.09677047282	0.2292073518	1.629327416
1399890770842228006	0.1017345116	0.2594925761	1.612691641
1399890770955245767	0.09592749923	0.2960136831	1.598718286
1399890770961239221	0.08197640628	0.2886917889	1.58335638
1399890771054115223	0.05933683366	0.2645152509	1.570886612
1399890771070194145	0.03936680034	0.2228992432	1.55995965
1399890771160137494	0.03100390546	0.1483333558	1.550049543
1399890771272121054	0.02469827048	0.07499729097	1.544141173
1399890771278055627	0.003046679078	0.07759878039	1.542125106
1399890771380100489	-0.01261943299	0.1095811576	1.543635845
1399890771386005874	-0.0004293667153	0.09789200872	1.548355699
1399890771478128136	0.02402723022	0.07152298838	1.555392504
1399890771486003356	0.04773404077	0.01837027632	1.564640999
1399890771549967820	0.05042602494	-0.02184602246	1.577173829
1399890771701981890	0.04411835223	-0.002944101114	1.593212247
1399890771710977657	0.03960604966	0.07580352575	1.612949014
1399890771805959553	0.04886236042	0.09970909357	1.629498959
1399890771811891763	0.06621928513	0.05920609832	1.641260743
1399890771913183127	0.08132312447	-0.006548091769	1.649277687
1399890771918794561	0.08501562476	-0.07491329312	1.656140208
1399890772009836059	0.07013918459	-0.1172901914	1.663895249
1399890772024821309	0.05140444636	-0.0956049636	1.675556302
1399890772114843035	0.04085261002	-0.05393409729	1.685637474
1399890772226727541	0.04634242877	-0.02090105601	1.69177556
1399890772232598779	0.05665347353	0.008463695645	1.696898103
1399890772333541210	0.06731130928	0.0622269474	1.701093554
1399890772339656976	0.07614378631	0.1294831634	1.704699278
1399890772431635798	0.0759441033	0.1942422986	1.706718922
1399890772446498840	0.0687482059	0.2097769529	1.704354286
1399890772536532290	0.06814790517	0.2072711438	1.695916414
1399890772648471482	0.07405166328	0.204553321	1.685627937
1399890772654608419	0.08031386882	0.2252134532	1.675709844
1399890772721487659	0.08156461269	0.2546752393	1.664854407
1399890772750463514	0.07459616661	0.2821319997	1.653805375
1399890772855555624	0.0656022504	0.2824602127	1.641895533
1399890772871400186	0.05797411501	0.2489223927	1.629884958
1399890772960276657	0.05205630139	0.18177329	1.620002389
1399890773073339789	0.05324078724	0.06346734613	1.610497832
1399890773079382964	0.04150214419	-0.03336014226	1.603099227
1399890773180288049	0.02458084375	-0.07867023349	1.601660967
1399890773187220055	0.01396856178	-0.05920664966	1.605515122
1399890773387245439	0.04810646549	0.01931974851	1.62460649
1399890773405161595	0.05227119848	0.1101039946	1.637270331
1399890773492134016	0.05584250763	0.1733515412	1.64915061
1399890773597074809	0.02552040666	0.194911629	1.663450122
1399890773706257212	0.01646804623	0.1748297811	1.671136737
1399890773782029376	0.01407903899	0.1198249534	1.6765064
1399890773788140709	0.01551759243	0.05559780821	1.679974914
1399890773921888492	0.02683977783	0.0400194414	1.68526566
1399890773928938963	0.04893088341	0.05772744119	1.691568732
1399890774026875245	0.07329352945	0.141365543	1.700048566
1399890774033784770	0.08898881078	0.2011549771	1.707015991
1399890774134899167	0.09253583848	0.1338549852	1.703529239
1399890774141777723	0.08368682116	0.02111265436	1.690277219
1399890774198706087	0.06763403118	-0.03214519098	1.682103872
1399890774346761006	0.06068858504	-0.003877029289	1.679012299
1399890774353692163	0.06999716908	0.110565111	1.685286283
1399890774453663107	0.08827031404	0.2206048369	1.694082737
1399890774459704504	0.1037034169	0.2581047416	1.698560119
1399890774559600358	0.09839019924	0.2262343615	1.698105931
1399890774565590722	0.07298811525	0.1654463261	1.693369269
1399890774625596967	0.04278851673	0.1601372957	1.69484365
1399890774773506331	0.02534706518	0.1252249777	1.699112892
1399890774779517132	0.02941909805	0.03596311808	1.700011015
1399890774880550133	0.04733148217	0.0100375833	1.703172565
1399890774886513086	0.05856624246	0.01281248778	1.70600152
1399890774986493589	0.05522400886	0.01859591343	1.704651475
1399890774993482283	0.03519553319	0.09292727709	1.702296615
1399890775094504813	0.01803310588	0.2016555816	1.704136968
1399890775100510440	0.0184130948	0.2602037489	1.701493263
1399890775194451767	0.02630150132	0.2017560154	1.694227815
1399890775209444758	0.03768699244	0.02770130709	1.680077434
1399890775300327184	0.05523330718	-0.1394790858	1.662631869
1399890775412336135	0.0673879683	-0.2061095983	1.653803349
1399890775418298428	0.06023041904	-0.1472622454	1.656005859
1399890775516307306	0.05302465707	-0.03189076483	1.665826678
1399890775522252628	0.05351424217	0.09015094489	1.675641656
1399890775617330138	0.04913566262	0.1871872991	1.683504581
1399890775732126542	0.04526374489	0.2260341495	1.684625626
1399890775742102113	0.04369672388	0.2547219396	1.685556412
1399890775752151695	0.04207365215	0.2722648084	1.687674642
1399890775828145379	0.03613081202	0.2804168165	1.689724088
1399890775939064729	0.02766842023	0.3074561656	1.694555044
1399890775945020421	0.03096105158	0.327439785	1.700390339
1399890776037047189	0.05075076222	0.3024121225	1.702858329
1399890776044938492	0.0754372105	0.2204580009	1.70167923
1399890776142874752	0.08715061843	0.1473878175	1.699676991
1399890776361810873	0.0637049526	0.05594827235	1.704782486
1399890776368148940	0.06034643203	0.05477541313	1.709690094
1399890776462828560	0.06745709479	0.02671410888	1.712061405
1399890776469834008	0.08091112226	0.05663171411	1.717070341
1399890776566820090	0.09355413169	0.1285838336	1.72631681
1399890776683650660	0.0861685127	0.1567695439	1.730382681
1399890776689715559	0.05548213422	0.138361752	1.729555726
1399890776788712649	0.01690886728	0.08227286488	1.727362871
1399890776794638277	-0.01307362225	0.002396403346	1.727159262
1399890776894647331	-0.03252954409	-0.03817043453	1.727146268
1399890776901629073	-0.04342752323	0.003402183764	1.725585103
1399890776994668262	-0.04563528299	0.05808901414	1.725170851
1399890777010606211	-0.04559519142	0.06903729588	1.72622931
1399890777099435030	-0.04132749885	0.01964146271	1.729873061
1399890777212481715	-0.02534136176	-0.07958335429	1.734444618
1399890777218495754	0.008535786532	-0.1470201761	1.738085151
1399890777319440870	0.05506199598	-0.09374631941	1.744314551
1399890777325381197	0.08302424103	0.06090491265	1.761158347
1399890777419388902	0.07191471756	0.2136941701	1.780299306
1399890777427427144	0.03751017898	0.293648988	1.787854671
1399890777524289188	0.02331727184	0.2781546414	1.786638618
1399890777592300355	0.05551159009	0.2232237607	1.776987195
1399890777607337901	0.1217809767	0.209646821	1.76594162
1399890777706241524	0.1687666178	0.2406663597	1.75980711
1399890777735212699	0.165483743	0.2712710798	1.750350118
1399890777842096310	0.1200561523	0.2814297676	1.736980438
1399890777850177662	0.06974566728	0.2763108015	1.718321323
1399890777948294370	0.04528161511	0.2548131943	1.699479699
1399890777966125276	0.03725521639	0.219931528	1.684395671
1399890778054102084	0.02892803401	0.2228274941	1.676058173
1399890778130046388	0.02115955949	0.2651749849	1.67385602
1399890778158150213	0.01453636587	0.2739619017	1.673219681
1399890778263979930	0.00242177886	0.1717983484	1.672094941
1399890778271953778	-0.01761127263	-0.005643909797	1.674751878
1399890778335922735	-0.03291787207	-0.1750098914	1.678689241
1399890778438893482	-0.03389370441	-0.2330044359	1.681535244
1399890778446863734	-0.02360207401	-0.1364931911	1.683700562
1399890778546854617	-0.0001784038614	0.05086601153	1.693648338
1399890778581790550	0.04297017679	0.1466925591	1.70745194
1399890778697740733	0.07373052835	0.1205817088	1.713709593
1399890778706793814	0.07249224931	0.05344037339	1.719527245
1399890778794695180	0.05481476709	0.00647635432	1.726220846
1399890778809679752	0.035784401	0.0523398146	1.736919403
1399890778899593774	0.02013236471	0.1292723864	1.749070525
1399890779012563899	0.02235974185	0.1537147313	1.757249832
1399890779018636984	0.0399020575	0.1285627931	1.762654662
1399890779117668703	0.05917150155	0.08370592445	1.767547131
1399890779123534636	0.06861111522	0.02267748676	1.772484183
1399890779217595307	0.07359688729	-0.01883079298	1.779002309
1399890779224564684	0.07363215834	-0.01924029924	1.786978245
1399890779322438495	0.06361947209	-0.002632445889	1.793783545
1399890779392496731	0.05517980084	0.02001723275	1.796206236
1399890779407541178	0.04858104885	0.05928989127	1.796950698
1399890779539353308	0.03594209254	0.09522465616	1.79599762
1399890779546381900	0.01969229057	0.09649065882	1.792334795
1399890779637353361	0.007909726351	0.07596741617	1.784239888
1399890779645405376	0.009369919077	0.1105911285	1.773495793
1399890779751317286	0.01337689254	0.1937108487	1.761299014
1399890779857343639	0.008789424784	0.2594932914	1.749637723
1399890779863317537	0.0009624885861	0.2649843097	1.737373948
1399890779964240562	0.004546775948	0.2109750211	1.724660158
1399890779970182536	0.01792288199	0.1123020723	1.711664677
1399890780027136447	0.02973944135	0.06312219799	1.702348113
1399890780066169139	0.04556009546	0.09179641306	1.697966456
1399890780169185123	0.06571677327	0.1369677931	1.697485209
1399890780237192531	0.07029367238	0.2081978321	1.704609275
1399890780245031235	0.07021276653	0.2526859045	1.713902712
1399890780386041396	0.0768064931	0.2446018457	1.720015645
1399890780392014345	0.07675515115	0.2561685443	1.728646159
1399890780493978485	0.06788486987	0.2809921801	1.740339756
1399890780499975611	0.06442925334	0.238350004	1.748665214
1399890780593979964	0.07774887979	0.09839905053	1.749931097
1399890780609397715	0.0997524336	-0.005123252049	1.752530575
1399890780705885452	0.1193706095	-0.00870379433	1.76238358
1399890780813756737	0.1180338115	0.002068506088	1.775793076
1399890780819734540	0.09465296566	0.01131700259	1.787259221
1399890780919772339	0.05898833275	0.06798346341	1.7973212
1399890780926725806	0.02106229402	0.1133939326	1.804948926
1399890781020715236	-0.01106967777	0.1291612983	1.809024453
1399890781028650245	-0.03044372052	0.1179930717	1.810070395
1399890781125586948	-0.03554683551	0.08737418801	1.809951663
1399890781196547660	-0.0236691013	0.130015105	1.808131337
1399890781204609197	-0.009451752529	0.2104158103	1.803695202
1399890781344617541	0.002693394665	0.2388747036	1.799244285
1399890781350589634	0.01701988466	0.2228344083	1.793891072
1399890781407543440	0.02872623317	0.1545530856	1.785356402
1399890781522465541	0.04095482826	0.07641302049	1.77479887
1399890781528377373	0.06036869809	0.06955928355	1.767552376
1399890781662398370	0.08336710185	0.09350195527	1.763766646
1399890781668421927	0.1050025225	0.1205733791	1.763122559
1399890781775347428	0.1190358996	0.1162116155	1.763152599
1399890781782431107	0.1184560657	0.1294879466	1.765877008
1399890781876320219	0.1029260159	0.15219374	1.771238685
1399890781882283228	0.0759222284	0.1501338333	1.775912046
1399890781976325455	0.05890870467	0.1789429933	1.780933142
1399890782088113751	0.06140690669	0.1969319284	1.785957694
1399890782094218041	0.07355777919	0.1652249098	1.788032532
1399890782109133608	0.08067955822	0.08642798662	1.78529942
1399890782186221713	0.07304924726	-0.003201571992	1.781897187
1399890782299054666	0.04731827229	-0.1021647304	1.778606415
1399890782305044410	0.01406004373	-0.1617655456	1.777221799
1399890782399965401	-0.0166713018	-0.1434648782	1.776633263
1399890782407964211	-0.04277127236	-0.09975615144	1.771418571
1399890782506979651	-0.05209070817	-0.02326792479	1.760660529
1399890782617946487	-0.03368647769	0.08561425656	1.753062844
1399890782623953814	-0.002471397165	0.1779843122	1.74619019
1399890782725905428	0.01620986313	0.2172346264	1.742098093
1399890782734911555	0.0005959199043	0.2339196652	1.740641832
1399890782823171429	-0.03094705008	0.2432162762	1.741751313
1399890782830641499	-0.04678027704	0.2394900024	1.743814468
1399890782928774985	-0.03968729824	0.2735526562	1.746554017
1399890782996738320	-0.01064467616	0.3140220344	1.750879884
1399890783004739018	0.02889754064	0.3076662421	1.754998326
1399890783144668892	0.05199275166	0.2905101478	1.758601785
1399890783150647115	0.04866851121	0.3015001118	1.765938282
1399890783208626356	0.04131979868	0.2880295813	1.772542238
1399890783244531192	0.05106511712	0.2171933353	1.775042415
1399890783350531890	0.06378098577	0.1355492324	1.775387287
1399890783365590296	0.06663364172	0.1190674081	1.778054714
1399890783455653810	0.07312941551	0.1288700998	1.782396674
1399890783567549810	0.08207858354	0.1563489884	1.787423611
1399890783573460838	0.08799760789	0.1387623101	1.78991127
1399890783678497968	0.09014988691	0.04620071501	1.786001325
1399890783687476571	0.07878506184	-0.03420446068	1.781960487
1399890783774443035	0.06013727188	-0.04744255543	1.786725044
1399890783790436763	0.04481716082	-0.05153951421	1.790385127
1399890783879439564	0.0420817174	-0.03386485577	1.792345643
1399890783992362582	0.05209845304	0.008414476179	1.796503901
1399890783998274786	0.06210543215	0.05814130604	1.800014496
1399890784099392154	0.0647347942	0.04206100479	1.797589302
1399890784105313808	0.05583140627	-0.01898556389	1.792539239
1399890784197243483	0.03346336633	-0.07112507522	1.788221478
1399890784204260925	0.008111419156	-0.08781018853	1.784932494
1399890784276187409	0.002991549205	-0.04022428766	1.782166243
1399890784617041307	0.01837633923	0.1056183204	1.792255878
1399890784733877502	0.01299125049	0.2082923502	1.80374527
1399890784742931257	0.013191198	0.2689242959	1.814532995
1399890784753125373	0.007332272362	0.2401623726	1.823178649
1399890784828840769	0.00518062897	0.1650548726	1.827565432
1399890784941879860	0.02587133832	0.1499168873	1.829825044
1399890784948107854	0.06318239868	0.2063013762	1.838194728
1399890785041691827	0.1037849858	0.2860239446	1.84655869
1399890785049767054	0.1353308558	0.3217625916	1.847112417
1399890785149824873	0.1465979666	0.2898082435	1.836564779
1399890785262684931	0.1402901858	0.2137385011	1.820913911
1399890785268611417	0.1282700002	0.1701246947	1.805503845
1399890785325602422	0.1240469888	0.217121765	1.800873041
1399890785361601866	0.1211254448	0.278767705	1.801320553
1399890785475607486	0.1045535207	0.297883749	1.79621315
1399890785481689544	0.07866476476	0.2297263145	1.786275506
1399890785576546944	0.05219702423	0.1027192026	1.768966079
1399890785651589332	0.0216156505	0.01882485487	1.758161306
1399890785657526559	-0.01269976329	0.03175330907	1.753697157
1399890785792579940	-0.03850232437	0.1252199858	1.751833439
1399890785799447448	-0.04360008985	0.1900422424	1.750370622
1399890785855453350	-0.04265350103	0.1882418543	1.75167501
1399890785892433189	-0.05127933249	0.1622089148	1.755620956
1399890785997395982	-0.05768281221	0.1014658585	1.76231432
1399890786005386487	-0.06363341212	0.06798043847	1.767462015
1399890786216372782	-0.06807971746	0.1682381779	1.771591544
1399890786222379007	-0.05971538648	0.1837426126	1.776280999
1399890786280206036	-0.04756122455	0.148745209	1.781669855
1399890786315280503	-0.01658492908	0.06690231711	1.786123991
1399890786420227183	0.0340215452	0.007154689636	1.790709615
1399890786428184248	0.07824200392	0.01065664086	1.802560091
1399890786526983325	0.09124217927	0.05315026641	1.819087148
1399890786638121896	0.09670656919	0.132903859	1.850328684
1399890786750941049	0.09770192951	0.1134930998	1.857707977
1399890786757945425	0.1063243896	0.05347696319	1.856217027
1399890786851975477	0.1474898458	0.06722407043	1.857113481
1399890786858911793	0.1775873601	0.143989265	1.866594911
1399890786953333477	0.1555165648	0.2297729701	1.871323228
1399890786967818584	0.09247551113	0.2806701064	1.863946676
1399890787024941007	0.03004848771	0.2775256038	1.847537398
1399890787171854917	-0.01040340494	0.2625803649	1.82719183
1399890787178790995	-0.0179945454	0.2611821592	1.806037188
1399890787276772316	-0.004813667387	0.2565154135	1.786410213
1399890787282739489	-0.005838058889	0.2332509309	1.770462275
1399890787377743631	-0.0250002984	0.1425958723	1.759762764
1399890787384727999	-0.05078582466	0.01575612277	1.754159927
1399890787483601201	-0.07097604871	-0.05876157433	1.747885823
1399890787595701168	-0.08030248433	-0.04205167294	1.739285231
1399890787601716984	-0.07746529579	-0.009560814127	1.731170177
1399890787706634149	-0.06445216388	0.03748190776	1.726293802
1399890787715541563	-0.04573900625	0.08895891905	1.725178599
1399890787803560519	-0.02111893147	0.1454420835	1.726770878
1399890787811617318	-0.003076769644	0.1721456498	1.732036114
1399890787915582750	0.001725080772	0.1452250481	1.739628315
1399890788124487142	0.05366413668	0.06069913134	1.7538625
1399890788130298874	0.0908401981	0.02919808589	1.757680178
1399890788198469373	0.1073961407	0.02360785939	1.761314154
1399890788225389417	0.09629880637	0.05019275472	1.763484716
1399890788331341152	0.06939522177	0.09484639764	1.765479326
1399890788347345988	0.04971592873	0.1684151441	1.767278671
1399890788436308915	0.05093544722	0.2309951335	1.767058253
1399890788549202760	0.06244817004	0.2172510177	1.762597084
1399890788555273338	0.07070978731	0.1718221456	1.754549384
1399890788612291724	0.07114620507	0.1290161461	1.749447465
1399890788648212134	0.06056252494	0.1231513247	1.748466372
1399890788754130489	0.04025881737	0.1852995157	1.751651168
1399890788770141163	0.0152229527	0.2528551817	1.75656569
1399890788860127235	-0.004227477591	0.2715364993	1.757761359
1399890788971963310	-0.009565340355	0.2362526506	1.760338545
1399890788978135286	-0.004752889276	0.2019800395	1.763525367
1399890789034935906	0.0002955185191	0.1727008522	1.765283227
1399890789070823214	0.003963773139	0.1579949707	1.765012145
1399890789176907948	0.002400595695	0.1681901217	1.762958407
1399890789184972942	-0.0006376926904	0.217940703	1.762674451
1399890789283813143	-0.001500243321	0.241109997	1.765370369
1399890789354821590	-0.003886240534	0.1916374415	1.769195914
1399890789369854133	-0.005713962484	0.1047061756	1.771887422
1399890789502748199	-0.002363163745	0.03221241012	1.773216367
1399890789508794571	0.01060340554	-0.03993681818	1.772736549
1399890789602710120	0.03133710474	-0.04291737452	1.770484328
1399890789610765775	0.04476385936	0.006205691956	1.770371199
1399890789680832247	0.03873718157	0.08332806826	1.770698905
1399890789821626950	0.0176095441	0.1561837643	1.767976761
1399890789828600293	0.001348564518	0.1976214349	1.762349486
1399890789926518979	-0.007196018007	0.1678702384	1.75511229
1399890789933579896	-0.002699995181	0.1362586021	1.744708061
1399890789990638852	0.01287181582	0.1706963331	1.733028293
1399890790026586361	0.03386127576	0.2315716892	1.726114154
1399890790095621104	0.05483625457	0.2646175027	1.72025001
1399890790202527075	0.05903801322	0.2787567079	1.716052413
1399890790210519003	0.05251132697	0.2527311742	1.712106943
1399890790350432298	0.04847145081	0.1616114825	1.707594633
1399890790356374329	0.0459979102	0.1158905253	1.706508398
1399890790455442839	0.05180136487	0.1147981286	1.710732698
1399890790461378352	0.06053632498	0.1020250171	1.717521906
1399890790518275707	0.0585257411	0.07523791492	1.724068165
1399890790633368670	0.04231730849	0.08408976346	1.732549429
1399890790639300002	0.0220682919	0.1274343729	1.743364453
1399890790773210324	0.008514788933	0.1626103073	1.754135966
1399890790780197211	0.003281716956	0.1642793417	1.764071345
1399890790878229368	-0.001310930704	0.08195094764	1.770600319
1399890790884223758	0.007411495317	0.0256491825	1.774549842
1399890790978184305	0.02394664288	0.05877665803	1.78195107
1399890790986125221	0.02337907441	0.1363297403	1.785717726
1399890791084129481	0.005255303346	0.1890729666	1.784871459
1399890791153159134	-0.01133819297	0.1741795391	1.778485417
1399890791168135091	-0.006128680892	0.1335358024	1.767696023
1399890791300965736	0.01229505986	0.08584197611	1.755421758
1399890791306866994	0.02715861797	0.06727539003	1.744650722
1399890791397935365	0.04214471579	0.1168713346	1.739587665
1399890791404808044	0.04938792065	0.1767622083	1.735897303
1399890791502001270	0.04024079442	0.2023101151	1.731841207
1399890791614886624	0.02531033941	0.1562691778	1.729583383
1399890791620934364	0.0170042105	0.07113107294	1.725707889
1399890791684829728	0.01564424112	0.04792196676	1.721866727
1399890791836789602	0.01572544128	0.2102280408	1.730690837
1399890791927699232	0.005614746362	0.1871908456	1.735129595
1399890791995867772	0.005345082842	0.1325491667	1.737599611
1399890792003755469	0.01111726277	0.08218937367	1.736763597
1399890792124654587	0.01714348421	0.09703404456	1.733978868
1399890792137628203	0.01834542304	0.1519781351	1.730582595
1399890792242601620	0.01340103056	0.196180433	1.724926114
1399890792250579186	0.00893055182	0.2437958568	1.719086885
1399890792348573733	-0.002958281664	0.2712919712	1.714413404
1399890792366574745	-0.01545363851	0.2904895842	1.711337328
1399890792454568130	-0.01565519534	0.2945120037	1.709877372
1399890792567461692	-0.006906080991	0.2759488225	1.709850788
1399890792573483110	-0.002959410427	0.2090983242	1.710731506
1399890792677402073	-0.005743340589	0.1616573334	1.710966229
1399890792687425332	-0.0009834350785	0.14659518	1.712238073
1399890792775373235	0.01569266804	0.1136443391	1.715041995
1399890792783430110	0.04296766967	0.08988758922	1.719232678
1399890792880246283	0.06937564909	0.1461131722	1.727436781
1399890792993355561	0.07904134691	0.2387463301	1.736144781
1399890792999225669	0.07812650502	0.2797700167	1.738995314
1399890793064296732	0.06926240772	0.2769840658	1.734433174
1399890793092283010	0.05675785244	0.1951753497	1.723990083
1399890793198308922	0.0438987948	0.04228340462	1.709627986
1399890793416048340	0.024631612	-0.01018715743	1.691884875
1399890793423165373	0.0333551541	0.01215580571	1.696779132
1399890793523993938	0.04159622267	0.02709836885	1.702890158
1399890793530123741	0.036739178	0.02540917322	1.713030815
1399890793630792737	0.02246045135	0.02591536008	1.724385142
1399890793636986510	0.006110813934	0.07179421186	1.736409187
1399890793738065429	-0.01006779913	0.1338094771	1.746628761
1399890793845816484	-0.02293303236	0.1921548247	1.751998067
1399890793851806862	-0.02464301698	0.2253156006	1.754818082
1399890793866843245	-0.02144359238	0.1774931252	1.75677824
1399890793952839483	-0.01298525464	0.1131755039	1.753576875
1399890794056714319	0.001442237291	0.1308374107	1.751994848
1399890794062715799	0.009767572396	0.2100777626	1.75414443
1399890794157645914	0.007867575623	0.2533048093	1.755107164
1399890794165604753	0.003440568456	0.2284440547	1.755113482
1399890794262542726	0.008653549477	0.1644379497	1.752399087
1399890794373496140	0.03205410019	0.1186524183	1.750660777
1399890794380527933	0.06688068062	0.1075457186	1.751874804
1399890794577530137	0.08405079693	0.1958907694	1.756172299
1399890794585574905	0.07157632709	0.1896221489	1.752303481
1399890794686485436	0.06504905969	0.1548482329	1.745785475
1399890794797479452	0.0597762689	0.05653611943	1.735429406
1399890794803472737	0.06088430062	-0.03435430676	1.724701881
1399890794870410132	0.06824151427	-0.006190112326	1.723677278
1399890794898336631	0.06036164984	0.1035534069	1.723189592
1399890795108306935	0.005010815337	0.2693115473	1.689952374
1399890795222246480	0.008504847996	0.1918829829	1.662064314
1399890795327251405	0.007720917463	0.1946370453	1.653633475
1399890795334155160	0.01311402023	0.1809668392	1.651744246
1399890795435237837	0.00305545819	0.2028191239	1.656386971
1399890795441146412	-0.009393309243	0.2024667859	1.665377736
1399890795534120517	-0.009830959141	0.1351433545	1.675653815
1399890795549106339	-0.007544572931	0.08799606562	1.68389833
1399890795640129735	-0.006303892471	0.08721945435	1.693025947
1399890795759032380	-0.004674900323	0.09489770234	1.702112675
1399890795765044621	-0.00503407279	0.09784595668	1.709397316
1399890795860934224	-0.006782729644	0.08483359218	1.715121627
1399890795866964256	-0.006736418698	0.06862740219	1.720394492
1399890795960902884	-0.007538449951	0.09522895515	1.726022482
1399890795968099006	-0.01053926814	0.1410324126	1.733057857
1399890796064955998	-0.009863791987	0.1444300562	1.740440607
1399890796176850301	0.003184396308	0.1146470383	1.747180343
1399890796183189043	0.02024274692	0.09071111679	1.752313614
1399890796239802971	0.02528630942	0.02704153396	1.753892303
1399890796275780379	0.02102688327	-0.02492143773	1.753469586
1399890796381710177	0.01746318862	0.006861163303	1.755693197
1399890796389663346	0.01392807346	0.1301643997	1.759290457
1399890796486666638	0.009645766579	0.2312391996	1.76474309
1399890796598623062	0.005092594307	0.2364009023	1.764493585
1399890796605642372	0.001848598127	0.1539009213	1.760239005
1399890796665524018	0.006473990623	0.04111746326	1.754377723
1399890796698470299	0.02580280229	0.00670681335	1.750640512
1399890796811539565	0.05340953544	0.1020776257	1.752511621
1399890796817541352	0.07183591276	0.2096647173	1.754487038
1399890796910705075	0.07833009958	0.2283703685	1.751463532
1399890796925470552	0.07167421281	0.1965251416	1.744829416
1399890797016589299	0.06374529004	0.168170616	1.740305066
1399890797128574328	0.05855315551	0.1782767773	1.740420222
1399890797135478638	0.05061687529	0.2277981341	1.743748665
1399890797192451697	0.03847437724	0.2529927492	1.747207046
1399890797228483338	0.02432588115	0.2307699323	1.748086214
1399890797297383012	0.0158989951	0.2063869834	1.748758435
1399890797444245555	0.01397374179	0.214388743	1.749352574
1399890797450212944	0.007429722697	0.2177547812	1.748197079
1399890797465243951	-0.00632777391	0.222325325	1.746465325
1399890797543244640	-0.02265806682	0.2140421867	1.745551467
1399890797612200962	-0.03429079801	0.1142670587	1.745336175
1399890797648163932	-0.03787516803	-0.01807617396	1.742235422
1399890797753075567	-0.0369627811	-0.08431782573	1.73818171
1399890797769053539	-0.03207607567	-0.0850726366	1.732323647
1399890797859102981	-0.02060245536	-0.06978630275	1.725773454
1399890797970027614	-0.008175808005	0.001480553881	1.722037077
1399890797975998548	-0.001368960133	0.113183938	1.722785711
1399890798075922071	0.004425018094	0.1810523272	1.725833058
1399890798081930650	0.01287028287	0.1581797749	1.730223775
1399890798175881496	0.02316056192	0.07975032926	1.735382795
1399890798253850266	0.03798894212	0.04873513058	1.742742181
1399890798260921063	0.0602301769	0.1084640548	1.753143311
1399890798393864781	0.07064242661	0.1944436729	1.764924049
1399890798400702292	0.06381253898	0.2292042524	1.774055958
1399890798501749405	0.04314605892	0.2152771056	1.777602077
1399890798507719424	0.02192371897	0.1342368573	1.777715087
1399890798600612228	0.01517508645	0.02489355206	1.772859931
1399890798608633683	0.02899228968	-0.0140007576	1.770429611
1399890798711617480	0.0537369214	0.04904741794	1.769187927
1399890798820503820	0.07355794311	0.1449022293	1.765841961
1399890798826501894	0.07976379246	0.2068178058	1.759816885
1399890798926579470	0.0590188913	0.2469177842	1.751974821
1399890798933612258	0.03126542643	0.2717151642	1.743634582
1399890798989502503	0.01114963274	0.2593380511	1.735728741
1399890799025563050	0.0008421107195	0.2489560246	1.725265265
1399890799131470329	0.004394871648	0.2650587857	1.717136145
1399890799147425460	0.02001996338	0.2845228314	1.71321702
1399890799236386108	0.02845324017	0.2765294015	1.706881404
1399890799349311278	0.01272701565	0.2635795176	1.701909542
1399890799355321544	-0.0155520644	0.2573833466	1.703761935
1399890799412354838	-0.03779510781	0.2364870161	1.711865067
1399890799448212066	-0.04142421111	0.1858591288	1.725785017
1399890799553285179	-0.02507257462	0.09636879712	1.740519524
1399890799569204736	-0.003629577579	0.03123694099	1.753626466
1399890799874078132	0.018816147	0.01120550558	1.811820984
1399890799880133942	0.03174151108	0.03043265641	1.824066639
1399890799973187487	0.03584972396	0.03103879094	1.83427918
1399890799988973885	0.02896592952	-0.007810696494	1.84087801
1399890800078991850	0.02526100725	-0.04859155416	1.841820717
1399890800190971473	0.04537053034	-0.01386063639	1.840190411
1399890800196960572	0.07160168141	0.1010062918	1.836964726
1399890800298181631	0.08025313914	0.2138436437	1.828778863
1399890800303941619	0.07156768441	0.2678884566	1.811428785
1399890800398075383	0.06104874238	0.2731893957	1.785971284
1399890800404841839	0.04277880117	0.2680208981	1.76181078
1399890800502747706	0.02212840319	0.2349162102	1.739959955
1399890800614762984	0.003328131745	0.1886991262	1.722556829
1399890800621714329	-0.00850308314	0.1738037467	1.710601449
1399890800681742933	-0.004876248538	0.1845876426	1.704062581
1399890800714881647	0.01202040445	0.1874514669	1.703720331
1399890800819736751	0.01575903594	0.1879633814	1.710115314
1399890800827662108	0.00537966704	0.175398007	1.719931245
1399890800925627640	-0.003807543311	0.1501141787	1.731713891
1399890800994615103	-0.006351538934	0.1547276229	1.743544221
1399890801005610268	-0.002006988041	0.1954458952	1.755611062
1399890801140519213	0.001580410288	0.2279938757	1.765215158
1399890801146606903	0.005553546827	0.1869767755	1.772749066
1399890801240490101	0.01742068864	0.09613960981	1.775078177
1399890801247536924	0.03495849669	0.03054590896	1.769091964
1399890801345560197	0.04659011588	0.01676309668	1.762208819
1399890801414499772	0.05471613631	0.0796373114	1.756663918
1399890801429420424	0.06238403916	0.1827706993	1.751893401
1399890801562436252	0.07272329181	0.2581959963	1.744956374
1399890801568475328	0.09015815705	0.2548553646	1.734351397
1399890801764297568	0.050273031	0.04759524018	1.702335477
1399890801876278347	0.02569196932	-0.03646797314	1.698297739
1399890801882247373	0.004165392835	-0.04197679833	1.697496533
1399890801984227008	-0.00127113692	-0.008858636022	1.70079422
1399890801990206324	-0.005357702728	0.066773206	1.708219171
1399890802050247926	-0.01828283072	0.1688813418	1.720698357
1399890802085220232	-0.03071474098	0.2316597104	1.733295798
1399890802191142769	-0.04817824438	0.2507578135	1.743810415
1399890802206141907	-0.06243188679	0.2267948985	1.753868222
1399890802295096114	-0.0639859885	0.1644751281	1.763300657
1399890802364061433	-0.05423258245	0.1246849298	1.767673969
1399890802400052369	-0.03579717129	0.172322914	1.765270114
1399890802513047493	-0.01765419357	0.2546572387	1.760951281
1399890802519003293	-0.004557752516	0.3006305099	1.754423738
1399890802579909404	0.001712211524	0.2932001054	1.745162487
1399890802730933684	0.006875405554	0.2281845659	1.734547615
1399890802739808928	0.01047503389	0.1244692281	1.722554088
1399890802750886484	0.01161378529	0.09094890952	1.709975958
1399890802826962276	0.01738941669	0.1272829473	1.698506355
1399890802938785409	0.03728316724	0.1298759431	1.687108755
1399890802944765630	0.05177743733	0.1147801429	1.679614305
1399890803039753941	0.04667501897	0.1381768435	1.676419735
1399890803046773294	0.03796689212	0.1584274024	1.675353646
1399890803144766706	0.03717469424	0.1626443863	1.676350713
1399890803214806965	0.04138033092	0.1739395857	1.680879951
1399890803225651920	0.04306808487	0.1933770925	1.692494988
1399890803362608250	0.04152957723	0.1816447377	1.708720684
1399890803368602436	0.03477741778	0.1634789109	1.728004932
1399890803462572027	0.02798476256	0.1633388847	1.750321865
1399890803470587192	0.01978339069	0.1550835073	1.770930409
1399890803566577286	0.007526162546	0.137417838	1.789608836
1399890803584575237	-0.002976949792	0.1191620231	1.805876136
1399890803675604735	-0.01641379111	0.060918428	1.816675186
1399890803786593376	-0.01493583992	-0.002805814147	1.820214748
1399890803792434131	-0.005006743595	-0.05788694695	1.81657505
1399890803893394845	-0.01499607507	-0.1343124509	1.808449149
1399890803899406990	-0.0287443269	-0.1813501269	1.796852708
1399890803993380176	-0.02419539355	-0.1284572929	1.781931996
1399890804008365685	-0.01306168456	0.0004424266517	1.771358967
1399890804099308857	-0.005319367629	0.111723572	1.764868617
1399890804170395852	0.01364452299	0.1783088446	1.754827261
1399890804185324383	0.03789390996	0.2124542743	1.742239118
1399890804273279826	0.05152017623	0.2450440973	1.728590369
1399890804309193736	0.05451859906	0.2797974348	1.714523911
1399890804415168461	0.05473618209	0.3132945597	1.7015661
1399890804527205542	0.05187152699	0.3348366618	1.68884778
1399890804533203498	0.04857641831	0.3341951072	1.676958203
1399890804634152929	0.04568534344	0.3051114976	1.665524602
1399890804640076539	0.04114263877	0.2749004364	1.65632689
1399890804745046274	0.03610539064	0.2557697296	1.650938511
1399890804750996668	0.02830115147	0.2477053255	1.64877975
1399890804839921177	0.02221253514	0.2106491327	1.64791286
1399890804846974521	0.003146042116	0.1712047309	1.649942517
1399890804951962955	-0.01728933118	0.1436028183	1.652798772
1399890805012923607	-0.02040863968	0.1015983224	1.656214237
1399890805027893582	-0.01624839753	0.04132640734	1.65876317
1399890805160893955	-0.02416130714	0.01410751231	1.662481546
1399890805166853751	-0.03687509522	0.01462565735	1.668042302
1399890805260849464	-0.04222809896	0.01552687772	1.671572447
1399890805268788866	-0.04726952687	0.06345806271	1.672371387
1399890805366758424	-0.05366411805	0.1590170115	1.674228311
1399890805478602146	-0.05283238366	0.2288349569	1.676434159
1399890805484698612	-0.03677580133	0.2163341045	1.678991914
1399890805545642639	-0.01789665036	0.1560394615	1.679940462
1399890805580607198	-0.006146787666	0.1105302721	1.678361297
1399890805649637719	0.001330101164	0.08832965791	1.676222444
1399890805685586637	0.007798417471	0.1317102015	1.678271413
1399890805789580577	0.01672506705	0.2024567574	1.684325457
1399890805804655120	0.02720222436	0.2117885053	1.688038111
1399890805897560689	0.03299700469	0.147618562	1.69070816
1399890805965549395	0.0291795563	0.05905229971	1.691272855
1399890806001555620	0.01857054606	-0.0004546493583	1.693096399
1399890806114511263	0.008367911913	-0.01043117698	1.695774913
1399890806120469528	0.0042183646	0.01118239574	1.699101686
1399890806175425707	0.008698876016	0.03299298137	1.7017802
1399890806279424638	0.01127154753	0.03859167174	1.701569557
1399890806287403761	0.005329753738	0.02815387957	1.700786233
1399890809409699864	0.05224005133	0.2045135349	1.676387906
1399890809409736294	0.02253920585	0.1096455082	1.649344563
1399890809409756860	0.00720745232	0.06672391295	1.636453509
1399890809409775633	0.01168067288	0.1437434107	1.628307462
1399890809409794095	0.008256605826	0.1457749307	1.622650385
1399890809409812189	0.008448063396	0.1383094788	1.619039536
1399890809409830083	0.008761152625	0.1430582106	1.615466356
1399890809409847990	0.008117175661	0.1417094618	1.612176657
1399890809409865620	0.007600950543	0.1427856088	1.60836947
1399890809409883748	0.007154908031	0.1426287591	1.604907393
1399890809409902224	0.006599159446	0.1427658945	1.601346731
1399890809409919984	0.005914049223	0.1429262906	1.597700953
1399890809409938085	0.00557120936	0.142931059	1.594485641
1399890809409956183	0.005215857178	0.1432419419	1.590660453
1399890809409974568	0.00476202881	0.1434738189	1.587147713
1399890809409992716	0.004424455576	0.143696472	1.583669782
1399890809410010516	0.003942799289	0.143979907	1.580135822
1399890809410033752	0.003477070248	0.1442619115	1.577023625
1399890809410052281	0.002889475785	0.1445109844	1.573404312
1399890809410070215	0.002440403448	0.1447152793	1.5699265
1399890809410088132	0.002055857331	0.1448855698	1.566354275
1399890809410106260	0.001658040448	0.1450536996	1.562950015
1399890809410124712	0.001204255968	0.1452481747	1.559903741
1399890809410147230	0.0007557285135	0.145544216	1.556185722
1399890809410165745	0.0003571204434	0.1456191987	1.552954674
1399890809410183662	-5.911547851e-05	0.1458418965	1.549616933
1399890809410202094	-0.0005491420161	0.1460248232	1.545984983
1399890809410220172	-0.000914494507	0.1461596042	1.542891026
1399890809410238253	-0.001375060412	0.1462929547	1.539365053
1399890809410256454	-0.001768399961	0.1464311928	1.536166906
1399890809410274184	-0.002201816998	0.146557644	1.53281641
1399890809410291567	-0.006272896193	0.1423509568	1.509266019
1399890809410309371	-0.01122578699	0.1357416064	1.480093598
1399890809410327492	-0.01635325514	0.1290623695	1.448649764
1399890809410378465	-0.02054241486	0.1222928017	1.420176268
1399890809410403983	-0.02394100651	0.1158791333	1.392105222
1399890809410422712	-0.02710402012	0.1093286946	1.364449978
1399890809410441147	-0.0296738781	0.102723591	1.339603543
1399890809410459325	-0.03189911321	0.09708681703	1.31247282
1399890809410477459	-0.0335823819	0.09144099057	1.287869811
1399890809410505760	-0.03513355553	0.0857572481	1.263670921
1399890809410527880	-0.03625660017	0.08072575927	1.239849091
1399890809410563912	-0.03692846	0.07597102225	1.21843493
1399890809410593473	-0.03771690279	0.07118990272	1.195202231
1399890809410612152	-0.03808137774	0.06671457738	1.174110889
1399890809410630113	-0.03829072416	0.06274775416	1.153313875
1399890809446918997	-0.03840331361	0.0587695986	1.132683635
1399890809504989455	-0.03823882341	0.05481069162	1.114000559
1399890809550840145	-0.03806265816	0.05154050887	1.093975902
1399890809606882068	-0.03766141832	0.04828813672	1.075983167
1399890809658840356	-0.03713309765	0.04501422867	1.058418036
1399890809711833248	-0.0366239436	0.04213929176	1.040812731
1399890809768001555	-0.03597681597	0.03948155791	1.024974585
1399890809864793032	-0.03541490436	0.03683400527	1.00787425
1399890809919795593	-0.03470333666	0.03437246382	0.9924609661
1399890809968761056	-0.03400669992	0.03226442635	0.9773204327
1399890810027710737	-0.03328826651	0.03015278839	0.9623910189
1399890810073647175	-0.03240853921	0.02807538956	0.9489578009
1399890810128685065	-0.03169425577	0.02636852488	0.9347769022
1399890810185642908	-0.03084556572	0.02465478517	0.9219469428
1399890810282487562	-0.02998892777	0.02292423695	0.9092968106
1399890810337559981	-0.02917901613	0.02141159773	0.8967919946
1399890810386583608	-0.02831529826	0.01999350451	0.8856109381
1399890810441505287	-0.02749408223	0.01860867627	0.873663187
1399890810490492767	-0.02663382143	0.01730021276	0.8629783988
1399890810549420896	-0.02583945729	0.01617906429	0.8525780439
1399890810602420423	-0.02500981092	0.01503286511	0.8422632217
1399890810699531505	-0.02411965281	0.0139237335	0.8330323696
1399890810755407900	-0.02340136468	0.01299094409	0.822963357
1399890810804410448	-0.02262563258	0.01210546214	0.8140425086
1399890810859328085	-0.02184776962	0.01118098386	0.805465281
1399890810908363343	-0.02109939046	0.01038040221	0.7969691753
1399890810964290259	-0.02036275156	0.009608360939	0.7893310785
1399890811071286327	-0.01961805299	0.008839197457	0.7811998725
1399890811117256365	-0.01892802864	0.008173478767	0.7737590671
1399890811173196513	-0.01834702119	0.007572156843	0.7662883997
1399890811221222280	-0.01772312634	0.00697772298	0.7591685057
1399890811277196627	-0.01707561128	0.006386524532	0.7528477907
1399890811326153982	-0.01655482128	0.00586624071	0.745942235
1399890811430152054	-0.01599173248	0.005348428618	0.7397550344
1399890811445128988	-0.01545846928	0.004836719483	0.7337117195
1399890811535068359	-0.01496650837	0.004392652772	0.7276057601
1399890811593022813	-0.01442795713	0.003998685163	0.7220476866
1399890811639003868	-0.01392068993	0.003615547437	0.7161829472
1399890811693957528	-0.01340540871	0.003240117803	0.7108917832
1399890811742895419	-0.01296377461	0.002893675352	0.7055874467
1399890811846968348	-0.01248689275	0.002564071678	0.7004806995
1399890811861942729	-0.01200445276	0.00221474655	0.6959244609
1399890811951831621	-0.01161118504	0.001941410126	0.6909489036
1399890812009791592	-0.0112049263	0.001631148858	0.6865026355
1399890812055838864	-0.01078067347	0.00132434105	0.6822366714
1399890812111820410	-0.01043058559	0.001066424185	0.6780813336
1399890812167738994	-0.01010037679	0.0007896759198	0.6744368076
1399890812264735159	-0.009749051183	0.0005199946463	0.6702905297
1399890812282641175	-0.009410153143	0.0002692379057	0.6666358709
1399890812369620892	-0.009098961949	8.44411552e-05	0.6631006598
1399890812424633513	-0.008791033179	-0.0001152791083	0.659553349
1399890812473652010	-0.008522984572	-0.000324100256	0.6563452482
1399890812532627038	-0.008252511732	-0.0004843287461	0.6530343294
1399890812585612333	-0.008019246161	-0.0006416887627	0.6500166655
1399890812685606907	-0.007756321225	-0.0008238704177	0.6468911171
1399890812738598260	-0.007505573332	-0.0009791218909	0.6439812183
1399890812787536000	-0.007272491232	-0.001096576685	0.6414513588
1399890812842573160	-0.007017998956	-0.001239449135	0.6387696862
1399890812891443594	-0.006743711419	-0.001390588004	0.6363474131
1399890812947420399	-0.006481243297	-0.00147739111	0.6339629292
1399890813003366051	-0.006238969974	-0.001570951892	0.6316145062
1399890813100294064	-0.005984393414	-0.001673676888	0.6295839548
1399890813156343034	-0.005879894365	-0.001773809083	0.6271725297
1399890813205421350	-0.005741212517	-0.001866118168	0.6252504587
1399890813260356240	-0.005605110899	-0.001988762524	0.6236766577
1399890813309395004	-0.005486273672	-0.00207776716	0.6219950914
1399890813364312865	-0.005323271267	-0.002180306008	0.6205075979
1399890813469252195	-0.005166632589	-0.002293018857	0.6189514399
1399890813518199339	-0.005012666341	-0.002400620375	0.6175218225
1399890813576173262	-0.004871398676	-0.002484294353	0.6160491705
1399890813622183537	-0.004732537083	-0.002548302524	0.6144942045
1399890813684083364	-0.004584966227	-0.002634133445	0.613186717
1399890813727085225	-0.004418154713	-0.002708021086	0.6117056608
1399890813782053981	-0.004291803576	-0.00276232115	0.6103663445
1399890813886992322	-0.004177480936	-0.002834178507	0.6089135408
1399890813934902726	-0.004090762697	-0.002912570257	0.6077024937
1399890813990925593	-0.003997406922	-0.002982568694	0.6067541838
1399890814039899052	-0.00386784086	-0.003037628718	0.6055470109
1399890814097996173	-0.003785932669	-0.003093471052	0.6044145823
1399890814143897753	-0.003715587547	-0.003154409584	0.6033216715
1399890814248864065	-0.003629866755	-0.003215512261	0.6021705866
1399890814263985815	-0.00354973902	-0.003281964222	0.6011615396
1399890814353883383	-0.003476308659	-0.003362382529	0.6002430916
1399890814408812724	-0.003418721491	-0.003477997612	0.5994440317
1399890814457773327	-0.003335206304	-0.003581060329	0.5985760689
1399890814512702180	-0.003252812894	-0.003684001975	0.5978357196
1399890814620706006	-0.003158121603	-0.003792999079	0.5972915292
1399890814669638473	-0.003076031338	-0.003891200293	0.5961210132
1399890814722616947	-0.002994527807	-0.004015016835	0.5950849056
1399890814771602716	-0.002850623103	-0.004102237988	0.5941861868
1399890814826613315	-0.00272029615	-0.004198358394	0.593229413
1399890814875507046	-0.002625967842	-0.004315115977	0.5923764706
1399890814930501842	-0.00254705199	-0.004398993216	0.5916206241
1399890814987520339	-0.002467715647	-0.004495814908	0.591054678
1399890815084585895	-0.002387209097	-0.004587111529	0.590575695
1399890815142510749	-0.002294340637	-0.004644690081	0.5899099708
1399890815188443348	-0.002228490543	-0.004688529763	0.5892955065
1399890815244475552	-0.002158974763	-0.004753622226	0.5883461237
1399890815292496027	-0.002097928897	-0.004795807879	0.5875101089
1399890815348425783	-0.002023416338	-0.004809748381	0.5866481066
1399890815404387397	-0.00198719115	-0.004831617698	0.5860341191
1399890815501238560	-0.001883353572	-0.004890163429	0.5856747627
1399890815557277319	-0.001807140769	-0.004932295065	0.584974885
1399890815605243862	-0.001746962196	-0.004971610382	0.584438026
1399890815667355758	-0.001681394875	-0.005031374283	0.5839958191
1399890815710166863	-0.001635791268	-0.005055817775	0.5834763646
1399890815765323745	-0.001595211681	-0.00505472254	0.5830562115
1399890815822193611	-0.001552514965	-0.005111616105	0.5827994943
1399890815918070940	-0.001509151887	-0.005163906608	0.5824431777
1399890815974119264	-0.001478190883	-0.005192189477	0.5816776752
1399890816023140412	-0.001463725697	-0.00521939015	0.5811297894
1399890816078040850	-0.001440509222	-0.005278198514	0.5807795525
1399890816128077651	-0.001425898517	-0.005279254634	0.5801639557
1399890816185912929	-0.001423954265	-0.00531577412	0.5797052979
1399890816286963875	-0.001411853591	-0.005324398167	0.5794270635
1399890816335909724	-0.0013480708	-0.005390617996	0.579157114
1399890816391900077	-0.001291993191	-0.005452479236	0.5789967179
1399890816439834757	-0.001257971162	-0.005528574809	0.5785398483
1399890816495800548	-0.001232069684	-0.005564869381	0.5782473087
1399890816544803573	-0.00118968531	-0.005603372585	0.5780189633
1399890816652759553	-0.001164118759	-0.005673869047	0.5779899359
1399890816707685142	-0.001125714625	-0.005724062677	0.5781350732
