#Time	 Roll 	 Pitch 	 Yaw
1399421850103493112	0.000846488	0.0321273	0.450621
1399421850167713264	0.00118962	0.0327916	0.450871
1399421850190657238	0.00149369	0.0334488	0.451141
1399421850227557421	0.00182093	0.034107	0.451434
1399421850262562445	0.00212842	0.0347687	0.451685
1399421850283650816	0.00245811	0.0354361	0.451977
1399421850327506587	0.00275752	0.0360865	0.452276
1399421850427622811	0.00308504	0.036728	0.452561
1399421850444625237	0.00339609	0.0373719	0.452871
1399421850460655325	0.00370776	0.0380219	0.453168
1399421850534378913	0.00401355	0.0386536	0.453465
1399421850550405217	0.00431238	0.0392888	0.453744
1399421850613537971	0.00462953	0.039914	0.45404
1399421850629482460	0.0049454	0.0405439	0.454265
1399421850664572570	0.00528104	0.0411557	0.454497
1399421850744516785	0.00560795	0.0417754	0.454711
1399421850761459364	0.00591521	0.0424058	0.454974
1399421850777448657	0.0062367	0.0430206	0.455239
1399421850870511148	0.00656008	0.0436376	0.455486
1399421850887269415	0.00687106	0.0442708	0.455749
1399421850905330547	0.00718962	0.0448915	0.456037
1399421850933273989	0.0074487	0.0454956	0.456312
1399421851013434998	0.00774629	0.0461206	0.456538
1399421851064307155	0.00802555	0.0467279	0.456786
1399421851081208626	0.00832308	0.0473425	0.457036
1399421851104304236	0.0086243	0.0479059	0.457287
1399421851125268668	0.00893931	0.0485183	0.457555
1399421851214373385	0.0092334	0.0490985	0.457826
1399421851238091386	0.00953661	0.0497032	0.45805
1399421851288198955	0.0101232	0.0508632	0.458558
1399421851326145716	0.0104123	0.0514581	0.458807
1399421851384225632	0.0107123	0.0520551	0.459094
1399421851418268078	0.010985	0.0526651	0.459314
1399421851515110334	0.0112988	0.0532507	0.459554
1399421851531157354	0.0115696	0.0538217	0.459804
1399421851558047349	0.0118371	0.0544001	0.460041
1399421851573933643	0.0121081	0.0549561	0.460289
1399421851688955185	0.0123957	0.0555055	0.460529
1399421851706189852	0.0126723	0.0560765	0.460786
1399421851748047165	0.0129525	0.0566286	0.461093
1399421851771199555	0.0132268	0.057198	0.46135
1399421851786983240	0.0134892	0.0577739	0.461594
1399421851813933785	0.0137815	0.0583379	0.461879
1399421851899979186	0.0140356	0.0588827	0.462161
1399421851940854935	0.014312	0.0594183	0.462452
1399421851958843355	0.0145714	0.0599765	0.462709
1399421851974839227	0.014841	0.0605163	0.462956
1399421852058646018	0.0151396	0.0610508	0.463209
1399421852079934818	0.0153992	0.0616047	0.463454
1399421852101818820	0.0156669	0.062141	0.463726
1399421852141803081	0.0159185	0.0626698	0.463994
1399421852216734893	0.0161866	0.0632298	0.46423
1399421852233736657	0.0164476	0.063776	0.464475
1399421852249765552	0.0167086	0.0643231	0.464726
1399421852331691585	0.0169881	0.0648563	0.464975
1399421852374745139	0.0172438	0.0653745	0.465233
1399421852391659324	0.0174856	0.0658907	0.465512
1399421852415686961	0.0177328	0.0664266	0.465785
1399421852444639238	0.0179893	0.0669392	0.46607
1399421852485684268	0.0182548	0.0674607	0.466336
1399421852542689476	0.0184906	0.0680008	0.466565
1399421852590469403	0.0187454	0.0685349	0.466793
1399421852607585718	0.0189854	0.0690488	0.467027
1399421852741573593	0.0192452	0.0695512	0.467268
1399421852757539697	0.0195031	0.0700685	0.467482
1399421852774501042	0.0197492	0.0705839	0.467694
1399421852822596590	0.0200245	0.0710869	0.467966
1399421852839568723	0.0203018	0.0715855	0.468224
1399421852896533377	0.0205464	0.0720935	0.468488
1399421852914582900	0.0208132	0.0725726	0.468752
1399421852930515018	0.0210383	0.0730456	0.468983
1399421852963615432	0.0212876	0.0735273	0.469216
1399421853023423630	0.0215296	0.0740196	0.469446
1399421853055237239	0.0217669	0.0745215	0.469721
1399421853131488371	0.022011	0.0750141	0.469951
1399421853147440105	0.0222346	0.0754975	0.470195
1399421853212265085	0.0224687	0.0759569	0.470441
1399421853258251149	0.0227273	0.0764582	0.470658
1399421853284217063	0.0231809	0.0774188	0.471059
1399421853324202219	0.0234105	0.0779011	0.471277
1399421853421305203	0.0236421	0.0783575	0.471505
1399421853445205406	0.0238718	0.07883	0.471732
1399421853502227264	0.0243321	0.0797898	0.47217
1399421853581272893	0.0245631	0.080237	0.472389
1399421853598193853	0.0248058	0.0806831	0.472662
1399421853614302189	0.0250319	0.0811672	0.472856
1399421853721107924	0.0252729	0.0816409	0.473067
1399421853738128660	0.0255191	0.0820955	0.473299
1399421853755159606	0.0257353	0.082556	0.47351
1399421853772212979	0.0259746	0.0830058	0.473749
1399421853870258769	0.0261717	0.0834631	0.473987
1399421853886214598	0.0263849	0.0838943	0.474246
1399421853932188186	0.0266285	0.0843461	0.474494
1399421853967066223	0.0268474	0.0847923	0.474737
1399421853983019254	0.0270779	0.085232	0.474975
1399421854007128751	0.0272931	0.0856748	0.475183
1399421854105157331	0.0275213	0.086121	0.47541
1399421854151018616	0.0277199	0.0865762	0.475637
1399421854189988132	0.0279133	0.0870205	0.475865
1399421854212012125	0.0281166	0.0874742	0.476095
1399421854229004104	0.0283304	0.0879214	0.476323
1399421854273945721	0.0285472	0.0883787	0.476513
1399421854290878154	0.0287606	0.0888025	0.476708
1399421854405884652	0.0289691	0.0892057	0.476903
1399421854425884860	0.0293765	0.0900582	0.47731
1399421854447861793	0.0295824	0.090488	0.477539
1399421854491809758	0.0297698	0.0909028	0.477736
1399421854557774537	0.0299872	0.0913072	0.477938
1399421854597718259	0.0302123	0.0917324	0.478147
1399421854618722997	0.0304437	0.0921625	0.478333
1399421854648719193	0.0306446	0.0925757	0.478528
1399421854708654495	0.0308609	0.0929769	0.478738
1399421854744730437	0.0310654	0.0933928	0.47894
1399421854810700481	0.0312993	0.093797	0.479124
1399421854827703702	0.031526	0.0941929	0.479362
1399421854890674328	0.0317523	0.094585	0.47962
1399421854908637006	0.0319283	0.0949892	0.479817
1399421854924650573	0.0321156	0.0953918	0.479993
1399421855065622357	0.0325376	0.0961828	0.480422
1399421855081552298	0.0327551	0.096597	0.480635
1399421855126566499	0.0329333	0.0969744	0.480847
1399421855143581977	0.0331055	0.0973308	0.481014
1399421855234515554	0.0332912	0.0976644	0.481197
1399421855281495376	0.0334726	0.0980502	0.481347
1399421855298489148	0.0336743	0.0984252	0.481497
1399421855345443096	0.0338469	0.0987925	0.481653
1399421855366448585	0.0340116	0.0991325	0.481798
1399421855383407203	0.034159	0.0994879	0.481945
1399421855458367755	0.0343265	0.0997912	0.482123
1399421855475385793	0.0344954	0.10015	0.482288
1399421855491448157	0.0346469	0.100486	0.482424
1399421855549352163	0.0348055	0.100847	0.48256
1399421855585405620	0.034957	0.1012	0.482693
1399421855658259253	0.0350944	0.101558	0.482803
1399421855704237575	0.0352715	0.101922	0.482968
1399421855721291357	0.0354435	0.102257	0.483128
1399421855761301433	0.0356239	0.102605	0.483292
1399421855777287290	0.0357762	0.102947	0.483466
1399421855804298455	0.0359201	0.103294	0.483591
1399421855896256402	0.0356574	0.102959	0.483442
1399421855947189254	0.0346515	0.101142	0.482727
1399421855970197066	0.0336331	0.0993176	0.48211
1399421856068099389	0.0326217	0.0975103	0.481457
1399421856129086660	0.0306884	0.0939063	0.480289
1399421856145022355	0.0297568	0.0922175	0.479583
1399421856174029422	0.0288303	0.0905246	0.478973
1399421856278020507	0.0278731	0.0888404	0.478181
1399421856293909383	0.0269372	0.0871809	0.477528
1399421856339918753	0.0260796	0.0856296	0.476945
1399421856355959606	0.0253069	0.0842047	0.47641
1399421856391902148	0.0245457	0.0827727	0.475998
1399421856441941925	0.0237731	0.0812832	0.475499
1399421856485899669	0.0230061	0.0798225	0.47509
1399421856501868809	0.0223108	0.078514	0.474599
1399421856550797416	0.0216445	0.0773357	0.474141
1399421856602793161	0.0209884	0.0761412	0.473696
1399421856619754974	0.0203539	0.0749645	0.473326
1399421856644776324	0.0197362	0.073759	0.473018
1399421856708677237	0.0191582	0.0726595	0.472658
1399421856765680568	0.0186433	0.0716606	0.472302
1399421856807525893	0.0181402	0.0706583	0.472005
1399421856824598600	0.0176288	0.0696742	0.471534
1399421856918470751	0.0171317	0.06871	0.471156
1399421856935532494	0.016697	0.0678117	0.470868
1399421856955537200	0.0163165	0.0669937	0.470618
1399421856997554318	0.0159288	0.0661622	0.470433
1399421857015590082	0.015518	0.0653653	0.470121
1399421857104615655	0.0151515	0.0645417	0.469887
1399421862112414049	0.00896093	0.0521717	0.462274
1399421862152417958	0.00919584	0.0526711	0.462441
1399421862169454822	0.00940116	0.0532173	0.462613
1399421862202420911	0.00962449	0.0537228	0.462796
1399421862281413296	0.00983852	0.0542398	0.463014
1399421862303362218	0.0100579	0.0547409	0.46319
1399421862377335078	0.0102703	0.0552303	0.463385
1399421862394333046	0.010506	0.0557355	0.463573
1399421862413234467	0.0107492	0.0562241	0.463744
1399421862492197629	0.010969	0.0567375	0.463944
1399421862509099774	0.0111847	0.0572466	0.464112
1399421862611215419	0.0114065	0.0577402	0.464281
1399421862627257933	0.0116249	0.0582479	0.464442
1399421862644200532	0.011864	0.0587324	0.464605
1399421862667133999	0.0121011	0.0592374	0.464795
1399421862731120627	0.0125159	0.0601969	0.46513
1399421862779116752	0.0127229	0.0606733	0.465328
1399421862811157962	0.0129356	0.0611499	0.465519
1399421862927052758	0.0131325	0.0616278	0.465677
1399421862967973230	0.0133405	0.0621079	0.465834
1399421862984996309	0.0135428	0.0625743	0.466006
1399421863008015694	0.0137506	0.0630597	0.46618
1399421863024001632	0.0139609	0.0635464	0.466355
1399421863052061641	0.0141787	0.0640021	0.466527
1399421863138065271	0.0143784	0.0644794	0.466719
1399421863177803672	0.014593	0.0649565	0.466907
1399421863195864573	0.0148056	0.0654101	0.467111
1399421863212818996	0.0150286	0.065857	0.467285
1399421863248830911	0.0152539	0.0663041	0.467471
1399421863304741419	0.0154612	0.0667593	0.467647
1399421863404596559	0.0156798	0.0671948	0.467791
1399421863427579603	0.0158759	0.0676263	0.467993
1399421863443810665	0.0160743	0.0680731	0.468152
1399421863464699310	0.0162844	0.0685378	0.468324
1399421863498691103	0.0164952	0.0689805	0.468474
1399421863569587822	0.0167075	0.0694229	0.468624
1399421863612723249	0.0168892	0.0698604	0.468809
1399421863629707984	0.017072	0.0702928	0.468985
1399421863653651734	0.0172643	0.0707246	0.469169
1399421863682589537	0.0174658	0.0711695	0.469368
1399421863723546195	0.0176472	0.0716029	0.469536
1399421863801440620	0.017845	0.0720252	0.469738
1399421863828542372	0.0180254	0.0724718	0.469906
1399421863844511639	0.0182039	0.0729159	0.470061
1399421863978511566	0.0183681	0.0733346	0.470252
1399421863995428715	0.0185433	0.0737748	0.470422
1399421864012413300	0.018753	0.0742159	0.470614
1399421864060331342	0.0189601	0.0746617	0.470786
1399421864076478101	0.0191346	0.0750817	0.470981
1399421864134480179	0.0193361	0.0754834	0.471135
1399421864151467589	0.0195191	0.0759085	0.471294
1399421864168440806	0.0196931	0.0763364	0.471487
1399421864280996426	0.0198782	0.0767702	0.471643
1399421864298467731	0.0200718	0.0772122	0.471826
1399421864315238468	0.0202466	0.0776296	0.472001
1399421864331240213	0.0204193	0.0780459	0.472144
1399421864408307295	0.0205861	0.0784384	0.472305
1399421864424256004	0.0207857	0.0788491	0.472456
1399421864470117178	0.0209552	0.0792667	0.472609
1399421864492136936	0.0211272	0.0796755	0.472778
1399421864524083704	0.0213104	0.0800783	0.472926
1399421864561057291	0.0214699	0.0804695	0.473077
1399421864660204982	0.0216746	0.080859	0.473234
1399421864706044685	0.0218635	0.0812674	0.473404
1399421864733194355	0.0222138	0.0820574	0.473689
1399421864818253532	0.0223655	0.0824519	0.473819
1399421864834159278	0.0225432	0.0828325	0.473963
1399421864851116080	0.0226944	0.0832338	0.474101
1399421864912060796	0.0228712	0.0836254	0.474247
1399421864971012257	0.023045	0.0840129	0.474376
1399421864989012227	0.0232288	0.0843903	0.47454
1399421865005904289	0.0233985	0.0847696	0.474684
1399421865128912016	0.023572	0.0851667	0.474808
1399421865174779843	0.0237436	0.0855545	0.474936
1399421865236815655	0.0239183	0.0859426	0.475077
1399421865252885172	0.0240852	0.0862924	0.475229
1399421865269924795	0.0242678	0.0866722	0.475403
1399421865288822699	0.0244242	0.0870433	0.475562
1399421865311831107	0.024596	0.0874095	0.475711
1399421865367841780	0.0247594	0.0877846	0.475863
1399421865384851029	0.0249527	0.088162	0.476035
1399421865452834957	0.0251044	0.0885173	0.476188
1399421865469874486	0.0252669	0.0888707	0.476344
1399421865503809309	0.0254207	0.0892265	0.47645
1399421865574605404	0.0254978	0.0895446	0.476556
1399421865590634377	0.025644	0.0898978	0.476679
1399421865657529119	0.025756	0.0902227	0.476773
1399421865674530928	0.0258851	0.0905558	0.47689
1399421865690508590	0.0260166	0.0908822	0.477002
1399421865723595306	0.0261412	0.0911958	0.477082
1399421865780655388	0.0262499	0.0915122	0.477146
1399421865817533295	0.0263617	0.0918105	0.47726
1399421865844455618	0.0264613	0.0921274	0.477357
1399421865936567642	0.0265876	0.092453	0.477435
1399421865953560165	0.0266919	0.0927715	0.47756
1399421866005638144	0.0268197	0.093083	0.477705
1399421866029568437	0.0269485	0.0933944	0.477815
1399421866046639384	0.0270932	0.0937151	0.477922
1399421866133342997	0.0272094	0.0940278	0.478004
1399421866156509071	0.0273016	0.0943288	0.478076
1399421866177446879	0.0274127	0.0946466	0.478142
1399421866310377401	0.0275076	0.0949526	0.478235
1399421866326353642	0.0276533	0.0952714	0.478314
1399421866343299642	0.0277917	0.0955598	0.478426
1399421866365462329	0.027923	0.0958596	0.478571
1399421866381416761	0.0280593	0.0961541	0.47876
1399421866455418262	0.028167	0.0964707	0.478869
1399421866477429389	0.0282808	0.0967848	0.478992
1399421866494410943	0.0283862	0.0970968	0.479116
1399421866605272507	0.0284916	0.0973878	0.479277
1399421866622302917	0.0286181	0.0976854	0.479418
1399421866639320878	0.0287457	0.0980025	0.479532
1399421866687246751	0.0288532	0.0983072	0.479677
1399421866703202555	0.0289769	0.0985866	0.479797
1399421866730261247	0.0291035	0.0988705	0.479984
1399421866816230743	0.0292219	0.0991695	0.480133
1399421866832168369	0.0293271	0.0994642	0.480242
1399421866894101172	0.0294577	0.099735	0.480395
1399421866911148281	0.0295827	0.100009	0.480456
1399421866925026525	0.0297011	0.100307	0.480546
1399421867024108913	0.0298172	0.100586	0.480649
1399421867041119234	0.0299314	0.100861	0.480789
1399421867057097575	0.0300465	0.101148	0.480906
1399421867116037748	0.030169	0.101438	0.480971
1399421867178908103	0.0302718	0.101738	0.481065
1399421867197059495	0.0303706	0.101997	0.481153
1399421867213972181	0.0304716	0.102284	0.481247
1399421867288952776	0.0305739	0.102567	0.481382
1399421867342924063	0.030773	0.103132	0.481551
1399421867363760474	0.030869	0.103409	0.481632
1399421867452800857	0.0309585	0.103694	0.481717
1399421867469770786	0.0310775	0.103987	0.481821
1399421867512823092	0.031232	0.104267	0.481921
1399421867652841430	0.0314749	0.104812	0.482191
1399421867668873292	0.0315971	0.105078	0.482305
1399421867685768207	0.0317072	0.105342	0.482402
1399421867701713660	0.0318084	0.105621	0.482507
1399421867794752554	0.031928	0.105895	0.482634
1399421867811635145	0.0320184	0.106169	0.482764
1399421867828688345	0.0321138	0.106425	0.482867
1399421867844662188	0.0321988	0.106667	0.48295
1399421867933696107	0.0323059	0.106934	0.483051
1399421867950654965	0.0323903	0.107182	0.483154
1399421867985518417	0.0325051	0.107434	0.483238
1399421868023550148	0.032607	0.107695	0.483321
1399421868051567181	0.0327075	0.107965	0.483434
1399421868085609878	0.0327967	0.108236	0.483533
1399421868178491452	0.0328813	0.108486	0.483654
1399421868218421021	0.0329531	0.108756	0.483765
1399421868236410977	0.033062	0.109002	0.483847
1399421868253416360	0.033176	0.109274	0.483946
1399421868334562009	0.0332808	0.109526	0.484067
1399421868352480878	0.0333545	0.109807	0.48415
1399421868368478572	0.0334367	0.11005	0.484292
1399421868421483418	0.0335046	0.1103	0.484418
1399421868452464077	0.0335975	0.110532	0.484547
1399421868504418325	0.0336691	0.110788	0.484666
1399421868539425945	0.0337287	0.111029	0.484788
1399421868610357508	0.0338042	0.111266	0.484905
1399421868653373120	0.0338849	0.1115	0.484996
1399421868670415403	0.0339668	0.111747	0.485093
1399421868694402496	0.0340602	0.112009	0.48521
1399421868723486459	0.0341434	0.112261	0.485315
1399421868763268679	0.0342128	0.112507	0.485405
1399421868820326714	0.0343145	0.112767	0.485502
1399421868865318923	0.0344362	0.113044	0.485604
1399421868893192323	0.0345209	0.113279	0.485703
1399421868972128511	0.0346196	0.113511	0.485817
1399421868995315528	0.0347133	0.113758	0.485932
1399421869012368684	0.0348029	0.113989	0.485994
1399421869111196057	0.0348665	0.114229	0.486089
1399421869139060760	0.0350547	0.114646	0.486328
1399421869178098317	0.035147	0.114867	0.486425
1399421869205270392	0.0352317	0.11511	0.486479
1399421869333112405	0.0353075	0.115354	0.486579
1399421869373018432	0.0353788	0.11558	0.486653
1399421869390976950	0.0354516	0.115816	0.486724
1399421869413099068	0.0355288	0.116052	0.486777
1399421869430125210	0.0356196	0.116274	0.486872
1399421869464016381	0.035697	0.116505	0.487018
1399421869533973365	0.0357823	0.116727	0.487105
1399421869553948327	0.0358494	0.116953	0.487186
1399421869570938225	0.0359624	0.117177	0.487288
1399421869601995290	0.0360341	0.117408	0.487334
1399421869699009945	0.0361206	0.117646	0.487423
1399421869722886133	0.0362266	0.117863	0.487533
1399421869772855382	0.0363901	0.11829	0.487701
1399421869857894994	0.0365024	0.118507	0.487749
1399421869874890454	0.0365869	0.118724	0.487809
1399421869891841044	0.0366884	0.118918	0.487886
1399421869998639101	0.0367635	0.119136	0.487963
1399421870015754355	0.0368509	0.119367	0.488057
1399421870078806645	0.0369193	0.119592	0.488127
1399421870098832620	0.0370076	0.119807	0.488244
1399421870119822224	0.0370935	0.120046	0.488346
1399421870137595521	0.0371922	0.120235	0.488482
1399421870195861359	0.0372369	0.120452	0.488579
1399421870212701123	0.0373322	0.120686	0.488703
1399421870289664154	0.0374132	0.120894	0.488849
1399421870305731835	0.0374894	0.121072	0.488953
1399421870385623250	0.0375963	0.121264	0.489067
1399421870425658721	0.0376601	0.121494	0.489175
1399421870453676998	0.0377218	0.121704	0.489288
1399421870469602964	0.0377818	0.121915	0.489414
1399421870500586764	0.0378632	0.122146	0.48952
1399421870534573651	0.0379377	0.122375	0.489629
1399421870605436062	0.0379987	0.122557	0.489716
1399421870648497576	0.0381064	0.122747	0.489828
1399421870665402544	0.0381808	0.122938	0.489909
1399421870700381893	0.0382471	0.123134	0.489989
1399421870806474314	0.038306	0.12329	0.490083
1399421870824405169	0.0383689	0.123457	0.490175
1399421870866449610	0.0384142	0.123631	0.490282
1399421870888385791	0.0384526	0.123826	0.490361
1399421870904388360	0.038537	0.124003	0.490432
1399421870931452929	0.0385855	0.124201	0.490477
1399421870974262152	0.0386261	0.124371	0.490549
1399421871027258760	0.0386462	0.124555	0.490646
1399421871070121102	0.0386886	0.124725	0.490711
1399421871090114384	0.0387393	0.124901	0.490786
1399421871172147899	0.0387835	0.125055	0.490883
1399421871190236652	0.0388499	0.125243	0.490983
1399421871209367194	0.0388736	0.125427	0.491069
1399421871319011242	0.0388965	0.125579	0.491182
1399421871336929299	0.0389443	0.12574	0.491247
1399421871352944140	0.0390123	0.125896	0.491317
1399421871386987850	0.0390408	0.126043	0.491394
1399421871402950583	0.0390838	0.126214	0.491495
1399421871440976685	0.0391334	0.126376	0.491556
1399421871514981203	0.0392057	0.126532	0.491606
1399421871531043029	0.0392428	0.126704	0.491693
1399421871644806048	0.0392954	0.126871	0.491795
1399421871660835348	0.0393588	0.127024	0.491867
1399421871677838729	0.039428	0.127191	0.491943
1399421871770782190	0.039471	0.127343	0.492002
1399421871786777908	0.0395289	0.127507	0.492105
1399421871803796319	0.0395677	0.127666	0.49219
1399421871819839198	0.039614	0.127835	0.492194
1399421871854821698	0.0396656	0.128004	0.492262
1399421871961687110	0.0397094	0.12815	0.492291
1399421872001690733	0.0397342	0.128309	0.492291
1399421872029727570	0.0397697	0.128457	0.492313
1399421872046732838	0.0398206	0.128627	0.492345
1399421872062661532	0.0398409	0.128786	0.492393
1399421872172040543	0.0398743	0.128934	0.492405
1399421872211617122	0.0398804	0.129083	0.492438
1399421872229606998	0.0399383	0.12923	0.49251
1399421872251586366	0.0400073	0.129382	0.492552
1399421872268568391	0.0400258	0.129521	0.492598
1399421872302658271	0.0400651	0.129666	0.492627
1399421872382632504	0.0400956	0.129815	0.492643
1399421872423714960	0.0401076	0.129957	0.492689
1399421872441699547	0.0401609	0.130094	0.492731
1399421872463569750	0.0402064	0.130233	0.492775
1399421872540602221	0.0402305	0.13036	0.492819
1399421872558444903	0.0402357	0.130486	0.492876
1399421872614630230	0.0402706	0.13064	0.492938
1399421872630514742	0.0403168	0.130773	0.492992
1399421872697590844	0.0403608	0.130901	0.493044
1399421872713623190	0.0403875	0.131048	0.493075
1399421872730567341	0.0404357	0.131179	0.49313
1399421872762452170	0.0404774	0.131307	0.493185
1399421872818482240	0.0405277	0.131433	0.493254
1399421872857417781	0.0405619	0.131551	0.493325
1399421872883524363	0.0405836	0.131673	0.493399
1399421873011500420	0.040623	0.13182	0.493451
1399421873029355648	0.0406586	0.131945	0.49355
1399421873080408627	0.0406904	0.13209	0.493651
1399421873099320700	0.0407266	0.132229	0.493725
1399421873131212391	0.0408019	0.132472	0.493882
1399421873222386297	0.0408444	0.132598	0.49402
1399421873240653842	0.0408905	0.132751	0.494129
1399421873281329313	0.0409307	0.132861	0.494215
1399421873303235078	0.0409676	0.132993	0.494283
1399421873377301163	0.0409808	0.133101	0.494321
1399421873395155634	0.0410261	0.133236	0.494379
1399421873412174610	0.0410654	0.133369	0.4944
1399421873483029659	0.0410763	0.133485	0.494437
1399421873500187881	0.0410964	0.133614	0.494474
1399421873534003803	0.041111	0.133752	0.49449
1399421873607007138	0.0411208	0.133872	0.494539
1399421873623981702	0.041165	0.133984	0.494596
1399421873691995604	0.0411979	0.13412	0.494636
1399421873737945916	0.0412218	0.134264	0.494674
1399421873764088348	0.0412794	0.134496	0.494756
1399421873803976478	0.0412989	0.134626	0.494778
1399421873860902341	0.0413303	0.134754	0.494794
1399421873925834702	0.0413506	0.134866	0.4948
1399421873941890553	0.0413847	0.134998	0.494856
1399421873979890509	0.0414009	0.13512	0.494962
1399421874060810586	0.0414242	0.135258	0.495014
1399421874077778942	0.0414695	0.135368	0.495049
1399421874096763660	0.0415134	0.13548	0.495095
1399421874154736515	0.041544	0.135611	0.495142
1399421874215764544	0.0415814	0.135731	0.495176
1399421874233745407	0.0416106	0.135864	0.495219
1399421874250990695	0.0416552	0.135985	0.495249
1399421874375556296	0.0417056	0.136111	0.495305
1399421874415624103	0.0417177	0.136227	0.495341
1399421874433733958	0.0417608	0.136343	0.49536
1399421874456523723	0.0417647	0.136475	0.495375
1399421874472546759	0.0417898	0.136594	0.495391
1399421874486530996	0.0418145	0.136699	0.495435
1399421874551588731	0.041844	0.13681	0.495488
1399421874689528624	0.0418783	0.137023	0.495552
1399421874706454741	0.0418926	0.137144	0.495593
1399421874722455696	0.0419272	0.137273	0.495634
1399421874746480446	0.0419655	0.137396	0.495698
1399421874817437242	0.0419853	0.137502	0.495742
1399421874833416251	0.0420144	0.137593	0.495758
1399421874900417595	0.0420454	0.137699	0.495832
1399421874916396183	0.0420671	0.137825	0.495869
1399421874933372562	0.0420856	0.137938	0.495927
1399421874969325873	0.042121	0.138052	0.49599
1399421875021379772	0.0421629	0.13818	0.496021
1399421875062494462	0.0421892	0.138278	0.496061
1399421875098416724	0.0421978	0.138399	0.496128
1399421875127278508	0.0422346	0.138514	0.496143
1399421875214356498	0.0422523	0.138625	0.496216
1399421875254338949	0.0422687	0.138721	0.496228
1399421875272331422	0.0422854	0.138805	0.496268
1399421875289284037	0.0423129	0.138923	0.496324
1399421875369399679	0.0423397	0.139043	0.496377
1399421875387334736	0.0423505	0.139169	0.496421
1399421875403333744	0.0423859	0.139276	0.496478
1399421875454158188	0.0423936	0.139386	0.496523
1399421875481333496	0.0424365	0.139492	0.49658
1399421875581278652	0.0424898	0.139596	0.496647
1399421875603163822	0.0425361	0.139693	0.496719
1399421875620307918	0.0425523	0.139809	0.496736
1399421875726188339	0.0425642	0.139923	0.496757
1399421875744162947	0.042617	0.140018	0.496843
1399421875761201236	0.042623	0.140147	0.496934
1399421875776987936	0.0426686	0.140249	0.496996
1399421875804179852	0.0426713	0.140372	0.497052
1399421875895104476	0.0427006	0.140455	0.497106
1399421875941022706	0.0427085	0.140544	0.497171
1399421875968067190	0.0427026	0.140716	0.497276
1399421876052868770	0.0427168	0.140802	0.497288
1399421876069851362	0.042699	0.140882	0.497302
1399421891117183501	0.00122546	0.0384945	0.453236
1399421891151218904	0.00134279	0.0388897	0.453244
1399421891188090996	0.0014572	0.0392776	0.453308
1399421891220179447	0.00157965	0.039684	0.453349
1399421891251099095	0.00169737	0.0400724	0.453403
1399421891351086596	0.00195427	0.0409259	0.453559
1399421891368031928	0.00208087	0.0413545	0.453605
1399421891400995702	0.00220475	0.0417807	0.453648
1399421891475970897	0.00233264	0.042179	0.453663
1399421891566913968	0.00244458	0.0425685	0.453723
1399421891582930135	0.00254146	0.042943	0.453777
1399421891674822138	0.00277293	0.0436968	0.453956
1399421891690782708	0.00287127	0.0440635	0.453994
1399421891710834358	0.00297339	0.0444525	0.454031
1399421891772809957	0.00306112	0.0448198	0.454069
1399421891788741145	0.00318718	0.0451911	0.454122
1399421891876171446	0.00329499	0.045573	0.454151
1399421891892808289	0.00341896	0.0459723	0.454189
1399421891965701107	0.0036207	0.0466953	0.454318
1399421891982681062	0.00372875	0.047036	0.454401
1399421892016683627	0.00381905	0.0473947	0.454469
1399421892046585270	0.00390172	0.0477501	0.454526
1399421892088525498	0.00400074	0.0480961	0.45462
1399421892171503629	0.0041154	0.0484619	0.454702
1399421892218439466	0.00421801	0.0488318	0.454769
1399421892243565330	0.00440418	0.0494979	0.454936
1399421892283397070	0.00449036	0.0498273	0.454988
1399421892340362847	0.00458621	0.0501687	0.455079
1399421892405449552	0.00466826	0.0504819	0.455155
1399421892422388277	0.00477639	0.0508065	0.455241
1399421892506473084	0.00485653	0.0511362	0.455309
1399421892522318519	0.00496486	0.0514927	0.455366
1399421892539251311	0.00506899	0.0518101	0.455437
1399421892561282506	0.00518	0.0521345	0.455498
1399421892667181449	0.00527661	0.052441	0.45558
1399421892684371883	0.00539217	0.0527774	0.455674
1399421892702293348	0.00549393	0.0531212	0.455767
1399421892730382131	0.00558925	0.0534544	0.455882
1399421892807254721	0.00568449	0.0537836	0.45598
1399421892861210413	0.00586275	0.0544221	0.456174
1399421892882114414	0.00596297	0.0547449	0.456239
1399421892921061347	0.0060445	0.0550482	0.456304
1399421893013073962	0.00615478	0.0553545	0.456397
1399421893036121591	0.00626438	0.0556787	0.456501
1399421893085972883	0.00636539	0.0560089	0.456576
1399421893105009916	0.00646749	0.0563333	0.456654
1399421893123009701	0.00655283	0.0566452	0.456764
1399421893179977994	0.00665104	0.0569404	0.456819
1399421893212989203	0.0067608	0.0572432	0.456903
1399421893309946637	0.0068432	0.0575594	0.457007
1399421893326905943	0.00692906	0.0578738	0.457134
1399421893343883069	0.00699909	0.0581733	0.45721
1399421893378874074	0.0070925	0.0584619	0.457293
1399421893486010409	0.00717138	0.0587724	0.457375
1399421893502868432	0.00726014	0.0590785	0.457449
1399421893554939725	0.00732389	0.0593927	0.457543
1399421893571928633	0.00739498	0.0596781	0.457629
1399421893601882095	0.00755267	0.0602565	0.457788
1399421893696884806	0.00763376	0.0605684	0.457837
1399421893736849494	0.00773559	0.0608412	0.457909
1399421893754801257	0.00781423	0.0611421	0.457945
1399421893771766003	0.00789721	0.0614389	0.458012
1399421893851714685	0.00797516	0.0617321	0.458065
1399421893868715356	0.00805001	0.0620113	0.458143
1399421893884649297	0.0081648	0.0623095	0.458203
1399421893938581800	0.00826628	0.0625948	0.458279
1399421894011589608	0.00836683	0.0628856	0.458332
1399421894028555396	0.00849412	0.0631627	0.458388
1399421894062638221	0.0085866	0.0634276	0.458459
1399421894083527627	0.00867335	0.0637132	0.458524
1399421894208565772	0.00874987	0.0639791	0.458588
1399421894226516150	0.00881894	0.0642646	0.458672
1399421894243589660	0.00891828	0.0645296	0.458748
1399421894259471309	0.00900451	0.0648168	0.458823
1399421894280479760	0.00910275	0.0650999	0.458867
1399421894378478105	0.00919246	0.0653589	0.458922
1399421894425446001	0.00927271	0.0656088	0.459016
1399421894459374085	0.00942325	0.0661397	0.459122
1399421894496360601	0.00947991	0.0664393	0.459195
1399421894526366101	0.00954592	0.0666957	0.459263
1399421894647333645	0.00968771	0.0672169	0.459432
1399421894664333664	0.0097897	0.0675064	0.459511
1399421894697318913	0.00986507	0.0677627	0.459532
1399421894728293995	0.00993178	0.068018	0.459564
1399421894853274898	0.0100072	0.0682861	0.459603
1399421894893238870	0.0100862	0.0685622	0.459667
1399421894911235262	0.0101795	0.0688394	0.45973
1399421894933218010	0.0102427	0.0691104	0.459755
1399421894950179140	0.01034	0.0693958	0.459812
1399421895006154930	0.010424	0.0696626	0.459873
1399421895099143831	0.0104996	0.0699049	0.459941
1399421895118090851	0.0105924	0.0701565	0.46003
1399421895141089145	0.0106969	0.0704307	0.460105
1399421895157147465	0.0107658	0.0706978	0.460171
1399421895220356237	0.0108486	0.0709312	0.460245
1399421895243306206	0.0109477	0.0711802	0.460342
1399421895301203800	0.0110651	0.0716598	0.46055
1399421895380198340	0.0111082	0.0719022	0.460618
1399421895396114504	0.0111779	0.0721324	0.4607
1399421895413119116	0.0112357	0.0723926	0.460743
1399421895520039197	0.0113149	0.0726756	0.46078
1399421895537073696	0.011423	0.0729062	0.460831
1399421895563987124	0.0115019	0.0731306	0.460894
1399421895580019437	0.011595	0.0734107	0.460961
1399421895609093514	0.0116754	0.0736672	0.461019
1399421895695112875	0.0117437	0.0739195	0.461052
1399421895734914721	0.0118354	0.0741507	0.46114
1399421895752816947	0.0119051	0.0743696	0.461202
1399421895769829327	0.0119859	0.074601	0.46126
1399421895849811923	0.0120712	0.0748624	0.461336
1399421895867731000	0.0121312	0.0751019	0.461382
1399421895961687278	0.0121939	0.0753287	0.461438
1399421895983754106	0.0122612	0.0755626	0.4615
1399421896000727983	0.0123289	0.0758035	0.461594
1399421896020706091	0.0124196	0.076053	0.46164
1399421896061689733	0.0124784	0.0762984	0.461737
1399421896082708454	0.0125473	0.0765428	0.461767
1399421896189648949	0.0126181	0.076776	0.461809
1399421896206688638	0.012657	0.0769959	0.461824
1399421896323497091	0.0127251	0.0774849	0.461926
1399421896340544245	0.0128056	0.0777054	0.462009
1399421896383505615	0.0128682	0.0779289	0.462065
1399421896405464825	0.0129511	0.0781722	0.462159
1399421896422626860	0.0130306	0.0784149	0.462232
1399421896449523639	0.0131068	0.0786561	0.462302
1399421896534509916	0.0131941	0.0788634	0.462334
1399421896551486856	0.0132484	0.0790779	0.462383
1399421896604475496	0.013342	0.0793151	0.462478
1399421896620422733	0.0134089	0.0795333	0.462539
1399421896645446381	0.013468	0.0797403	0.46257
1399421896745347472	0.0134987	0.0799401	0.462597
1399421896761366512	0.0135179	0.0801355	0.462646
1399421896850382181	0.0135618	0.0803153	0.46268
1399421896866345469	0.0136093	0.0804763	0.462768
1399421896883317295	0.013646	0.0806803	0.462865
1399421896899321247	0.0136909	0.0808928	0.462941
1399421896966293746	0.0136984	0.0810553	0.463002
1399421896983327100	0.0137533	0.0812605	0.463075
1399421897029210914	0.0137926	0.0814482	0.463157
1399421897054261513	0.0138467	0.081615	0.463219
1399421897132131763	0.0138969	0.0818033	0.463291
1399421897149177865	0.013923	0.0819879	0.463362
1399421897217294519	0.0139744	0.0821699	0.463432
1399421897264097448	0.0140543	0.0823573	0.463529
1399421897291223055	0.0141238	0.082708	0.463721
1399421897376202655	0.0141449	0.0828836	0.463822
1399421897392080614	0.0141773	0.0830273	0.463892
1399421897409116708	0.0142112	0.0832076	0.463966
1399421897468190513	0.0142371	0.0833744	0.464044
1399421897529060007	0.0142789	0.0835335	0.464095
1399421897547022892	0.0143206	0.0836981	0.464156
1399421897564016609	0.0143606	0.0838694	0.464241
1399421897654966647	0.0143949	0.0840398	0.46428
1399421897693929320	0.0144146	0.0842092	0.464326
1399421897709887363	0.0144274	0.0843744	0.464344
1399421897743904970	0.0144603	0.0845543	0.464385
1399421897771803363	0.0144976	0.084748	0.464431
1399421897849123856	0.0145463	0.0849112	0.46449
1399421897870978347	0.0145918	0.0850624	0.464559
1399421897918963223	0.0146475	0.0852684	0.464635
1399421897935885381	0.0147106	0.0854397	0.46472
1399421897963770951	0.0147702	0.0856037	0.464795
1399421898052833960	0.01482	0.0857708	0.464817
1399421898073753519	0.0148808	0.0859542	0.464861
1399421898128719215	0.0149149	0.0861079	0.464927
1399421898145723897	0.0149623	0.0862872	0.464993
1399421898169709480	0.0150169	0.0864493	0.465017
1399421898221693215	0.0150414	0.0866193	0.465056
1399421898256637856	0.0150753	0.0868097	0.465126
1399421898327598420	0.0151106	0.0869821	0.465182
1399421898369586092	0.0151712	0.0871346	0.465238
1399421898387510359	0.0152189	0.0872914	0.465316
1399421898403553979	0.0152564	0.0874691	0.465377
1399421898527509962	0.0152908	0.0876401	0.465438
1399421898544487933	0.0153351	0.087803	0.465494
1399421898596498795	0.0153829	0.0879726	0.465562
1399421898613730655	0.0154096	0.0881073	0.465642
1399421898643477191	0.015483	0.0884319	0.465751
1399421898737599411	0.0155461	0.0885872	0.465816
1399421898754603413	0.0155913	0.0887229	0.465873
1399421898797617422	0.015639	0.0888647	0.465927
1399421898819997256	0.0157079	0.0890064	0.465973
1399421898893508322	0.0157816	0.0891884	0.466011
1399421898911536234	0.0158211	0.0893485	0.466062
1399421898927498597	0.0158443	0.0894861	0.466156
1399421899039483747	0.0158747	0.0896363	0.466205
1399421899057450740	0.0159106	0.0897938	0.466218
1399421899074564738	0.0158963	0.0899562	0.466245
1399421899100264160	0.0159393	0.0900912	0.4663
1399421899168373125	0.0160018	0.0902503	0.466374
1399421899184217151	0.0160385	0.0904004	0.466423
1399421899230206141	0.0160949	0.0905581	0.466483
1399421899246194505	0.0161452	0.0907273	0.466551
1399421899368237300	0.0161741	0.0908645	0.46661
1399421899384323443	0.0162105	0.0910074	0.466685
1399421899401111047	0.0162474	0.0911355	0.466752
1399421899495257376	0.0162606	0.0912703	0.466781
1399421899512127124	0.0163238	0.0914169	0.466812
1399421899528036976	0.0163642	0.0915859	0.466863
1399421899545752331	0.0163652	0.0917092	0.466918
1399421899579072272	0.0163896	0.0918603	0.466946
1399421899651074442	0.0164576	0.0919901	0.467058
1399421899701975631	0.0165187	0.0922272	0.467196
1399421899740949340	0.0165663	0.0923569	0.467233
1399421899768982233	0.0165872	0.0924863	0.467295
1399421899846029759	0.016624	0.0926073	0.46733
1399421899899039331	0.0167263	0.0928471	0.467434
1399421899920988140	0.0167641	0.0929499	0.46751
1399421899959963611	0.016815	0.0930696	0.467583
1399421900048890230	0.0168492	0.0932132	0.467644
1399421900075786051	0.0168882	0.0933194	0.46772
1399421900124793427	0.0168911	0.0934378	0.467791
1399421900140796822	0.0169029	0.0935555	0.46785
1399421900166838796	0.0169411	0.0936892	0.467918
1399421900219760184	0.0169848	0.0938395	0.46797
1399421900253848284	0.0170408	0.0939665	0.468041
1399421900350662661	0.0170716	0.0941094	0.468107
1399421900366658170	0.0171315	0.0942489	0.468157
1399421900383654820	0.017147	0.0943601	0.468218
1399421900419664162	0.0171536	0.0944921	0.468273
1399421900526607088	0.0171965	0.0946089	0.468315
1399421900542752639	0.0172163	0.0947206	0.468388
1399421900585735172	0.017253	0.0948255	0.468431
1399421900607639737	0.0172172	0.0949389	0.468496
1399421900623665222	0.0172587	0.0950702	0.46856
1399421900651661070	0.0172736	0.0951959	0.468628
1399421900693583629	0.0172922	0.0953153	0.468678
1399421900773576778	0.0173285	0.0954328	0.468714
1399421900789612595	0.0173712	0.095561	0.468779
1399421900852572242	0.0173873	0.0956697	0.468813
1399421900869536576	0.0174282	0.0957776	0.468848
1399421900948600812	0.0174772	0.0958837	0.468906
1399421900965549527	0.0175199	0.095998	0.468937
1399421901007474929	0.0175391	0.0961211	0.468962
1399421901029364723	0.017554	0.0962393	0.469015
1399421901079442453	0.017591	0.0963579	0.469053
1399421901110357714	0.0176367	0.0964673	0.469109
1399421901142386236	0.0176798	0.0965858	0.469182
1399421901252248434	0.0177204	0.096764	0.469279
1399421901286258239	0.0177878	0.0969271	0.469507
1399421901303208433	0.0178607	0.0970025	0.470089
1399421901380163755	0.0178724	0.0971529	0.470043
1399421901397191945	0.0179882	0.097311	0.469843
1399421901498248131	0.0181233	0.097451	0.470589
1399421901514198173	0.0185446	0.0973282	0.471478
1399421901582264620	0.0187155	0.0974448	0.471994
1399421901599186766	0.0190109	0.0974692	0.47153
1399421901616181781	0.0192106	0.0972849	0.473446
1399421901801301836	0.0200625	0.0950546	0.475635
1399421901817197069	0.0203401	0.0950157	0.476499
1399421901834055507	0.0200868	0.0949064	0.476703
1399421901906919182	0.0200886	0.0937266	0.477795
1399421901947843492	0.0193788	0.088214	0.477839
1399421902017889461	0.0201893	0.0788334	0.477315
1399421902033907634	0.0204737	0.066372	0.477432
1399421902050835738	0.0201767	0.0524007	0.476077
1399421902124844498	0.0200542	0.0425191	0.474062
1399421902223800696	0.0180089	0.0374709	0.472814
1399421902242855145	0.0133165	0.0406643	0.472409
1399421902259807985	0.00710736	0.0522334	0.472749
1399421902333744977	0.00524151	0.060407	0.473163
1399421902349769302	0.0064592	0.0613743	0.474098
1399421902366804254	0.00668914	0.0626415	0.475194
1399421902463806952	0.0045761	0.0674458	0.476527
1399421902480813336	0.00100032	0.0671908	0.477511
1399421902550748800	-0.00223757	0.0618015	0.478139
1399421902567618312	-0.00285896	0.0573462	0.478115
1399421902583811955	-0.00390797	0.056686	0.477515
1399421902684707820	-0.00589342	0.0571878	0.476754
1399421902754738500	-0.00512744	0.0601364	0.475756
1399421902771696853	-0.00273786	0.0645461	0.474602
1399421902787580000	-0.00520607	0.0680176	0.473727
1399421902828579851	-0.0135469	0.0724984	0.472699
1399421902845598539	-0.0208275	0.0802186	0.472089
1399421902885510638	-0.0238608	0.0891392	0.471799
1399421902901540162	-0.0243552	0.0990128	0.4716
1399421902973705498	-0.0248635	0.106863	0.471378
1399421902996600969	-0.0251715	0.109566	0.470752
1399421903012611727	-0.0235148	0.105608	0.470147
1399421903113488497	-0.0210819	0.0998861	0.469423
1399421903184796507	-0.0189073	0.0982632	0.468172
1399421903200583407	-0.0168699	0.100426	0.466561
1399421903217459390	-0.0152698	0.103546	0.464903
1399421903295359587	-0.0150582	0.105016	0.463894
1399421903312427901	-0.0163469	0.10358	0.463188
1399421903407344043	-0.0185918	0.101351	0.462633
1399421903424653559	-0.0206555	0.101356	0.46266
1399421903440382760	-0.0209543	0.104199	0.46256
1399421903513584284	-0.0177825	0.10783	0.462519
1399421903530392515	-0.0139746	0.109811	0.462725
1399421903632328189	-0.0109596	0.111105	0.462653
1399421903648233692	-0.00744091	0.112402	0.46256
1399421903717271663	-0.00491772	0.112003	0.462555
1399421903733178283	-0.00450906	0.109377	0.462394
1399421903750045963	-0.00489768	0.104596	0.462118
1399421903824191933	-0.00493068	0.099658	0.461823
1399421903864118745	-0.00437695	0.0943819	0.461672
1399421903935006042	-0.0044921	0.0901852	0.461479
1399421903952025830	-0.00485784	0.0880495	0.46137
1399421903968197999	-0.00559937	0.0864664	0.461377
1399421904044156234	-0.00662301	0.0845144	0.46137
1399421904084063474	-0.00731095	0.0838142	0.461119
1399421904153907540	-0.00529803	0.0864844	0.461203
1399421904170016585	-0.00139219	0.0918832	0.461663
1399421904186998282	0.0033473	0.096679	0.462654
1399421904261025024	0.00888188	0.100764	0.463515
1399421904277988394	0.0125106	0.104613	0.463934
1399421904379986349	0.0114775	0.105894	0.463515
1399421904398888022	0.00860972	0.103568	0.46314
1399421904468953668	0.00592551	0.0978786	0.462849
1399421904485908133	0.00345091	0.0885509	0.462212
1399421904501924497	0.00188171	0.0792469	0.461166
1399421904599709889	0.00145181	0.0727411	0.460227
1399421904614950180	0.00384958	0.0692811	0.459876
1399421904686873347	0.00770443	0.0663549	0.459689
1399421904702879119	0.010454	0.0633218	0.459518
1399421904719800971	0.0100258	0.0607944	0.459072
1399421904792635742	0.00733356	0.0587774	0.45875
1399421904889767507	0.00737523	0.063738	0.459208
1399421904905851453	0.0123818	0.0742941	0.460341
1399421904921667386	0.0189714	0.0862954	0.461974
1399421904995700019	0.0223664	0.0980974	0.463607
1399421905012649895	0.0218003	0.106432	0.464767
1399421905107677290	0.0177577	0.110872	0.465602
1399421905123586672	0.013142	0.114174	0.466306
1399421905140672198	0.00946271	0.114389	0.467135
1399421905215569011	0.00757761	0.106386	0.468
1399421905231600569	0.00830999	0.0936256	0.468826
1399421905248406755	0.00971284	0.0772075	0.4696
1399421905344634906	0.00923284	0.0593975	0.470225
1399421905361421611	0.00707375	0.0461334	0.470714
1399421905433452896	0.00488641	0.0392826	0.470892
1399421905452466926	0.00505617	0.0359189	0.471066
1399421905530515781	0.00739801	0.0373008	0.471499
1399421905570206613	0.00919786	0.0481892	0.472945
1399421905641451527	0.00911115	0.0631772	0.475161
1399421905657425530	0.007785	0.0800883	0.477849
1399421905674221125	0.00563684	0.0992116	0.480629
1399421905748503435	0.00256175	0.114376	0.483718
1399421905765248584	-0.000301894	0.122146	0.486891
1399421905860300116	-0.00244126	0.125572	0.489447
1399421905876213921	-0.00567423	0.126663	0.490879
1399421905893222117	-0.00954811	0.124516	0.491767
1399421905934212679	-0.0130033	0.118383	0.492812
1399421905950297802	-0.0128232	0.0935777	0.493966
1399421905994330425	-0.00574841	0.0648837	0.493549
1399421906065230277	0.00237297	0.0469602	0.492539
1399421906082306623	0.00384102	0.0433733	0.490781
1399421906098167313	-0.00123757	0.0529951	0.489641
1399421906195237632	-0.00681902	0.0672412	0.490607
1399421906211145605	-0.011395	0.0855644	0.491986
1399421906283052533	-0.019546	0.112936	0.492173
1399421906300084075	-0.0256819	0.138986	0.49251
1399421906400992303	-0.0216304	0.162111	0.49298
1399421906416982758	-0.0164421	0.179324	0.493165
1399421906490044206	-0.0178035	0.15851	0.493234
1399421906506946920	-0.0141486	0.115394	0.492822
1399421906602036109	-0.00321501	0.073521	0.491805
1399421906709879052	-0.0102581	0.0377653	0.492967
1399421906749903839	-0.0113827	0.0563926	0.495806
1399421906825853352	-0.0108613	0.10813	0.49911
1399421906842755505	-0.0130074	0.159794	0.502357
1399421906919859949	-0.0102314	0.177398	0.505686
1399421906959811329	-0.00441782	0.156415	0.507524
1399421907029795885	0.000272812	0.130421	0.507953
1399421907046778669	0.00747282	0.10557	0.506311
1399421907062715977	0.0177908	0.0724131	0.504672
1399421907161655556	0.0185003	0.046514	0.503727
1399421907237647519	0.0124514	0.040755	0.503435
1399421907254649754	0.00905992	0.0748554	0.503981
1399421907270596190	0.00569553	0.114194	0.506014
1399421907367493820	0.00369116	0.128763	0.506966
1399421907383663485	0.00250505	0.134327	0.508119
1399421907455580607	0.0041136	0.124173	0.508627
1399421907472527691	0.00982327	0.101366	0.508006
1399421907488457465	0.0152462	0.0784658	0.506228
1399421907586370134	0.0175547	0.0605421	0.503785
1399421907603428265	0.0182239	0.0486406	0.50154
1399421907674470823	0.0190538	0.0417472	0.499877
1399421907690409216	0.0192283	0.0368714	0.498732
1399421907707365499	0.0166699	0.0361763	0.49777
1399421907780431934	0.0112165	0.0486924	0.497006
1399421907876353734	0.00475836	0.0750789	0.496437
1399421907893326860	-0.00179761	0.10066	0.495351
1399421907909147107	-0.00471938	0.110066	0.494387
1399421907983665638	-0.00217777	0.104587	0.493249
1399421908000309204	0.0024383	0.0929014	0.491659
1399421908095193526	0.00428558	0.0811042	0.489792
1399421908111183802	0.0028831	0.0745323	0.487981
1399421908128222444	0.00330758	0.0695845	0.486557
1399421908203283584	0.00708067	0.0624806	0.485073
1399421908223190677	0.0113342	0.0577355	0.483715
1399421908239258729	0.0146194	0.0681806	0.482412
1399421908336950108	0.0150853	0.0926114	0.481687
1399421908408112331	0.011297	0.117183	0.482035
1399421908425143525	0.00560707	0.131467	0.482783
1399421908441141396	0.00233866	0.136777	0.482921
1399421908513995023	0.00186555	0.134722	0.4828
1399421908555007935	0.000547439	0.126253	0.482311
1399421908625921698	-0.00160298	0.114809	0.481472
1399421908641910540	-0.00221726	0.100111	0.480157
1399421908658934554	-0.00204842	0.0858972	0.478341
1399421908732839247	-0.00293653	0.0765564	0.476431
1399421908749957977	-0.00398236	0.0731265	0.474551
1399421908808881898	-0.00427588	0.0731574	0.473246
1399421908824879065	-0.00307136	0.0840038	0.472669
1399421908845005072	-0.000319015	0.105138	0.472651
1399421908861801714	0.00163948	0.127912	0.473269
1399421908877930184	-0.000208306	0.14554	0.47324
1399421908977841807	-0.00472128	0.154117	0.47292
1399421909048866526	-0.00833247	0.153897	0.472208
1399421909064845911	-0.00891286	0.149133	0.470881
1399421909081781940	-0.00785965	0.139267	0.469142
1399421909121894414	-0.00754957	0.11964	0.46725
1399421909138866053	-0.00817649	0.0980093	0.46535
1399421909181852266	-0.00839124	0.0818183	0.463488
1399421909201774177	-0.00850337	0.0700396	0.461759
1399421909274686337	-0.00855985	0.0633538	0.460426
1399421909290635935	-0.00919343	0.0675559	0.459056
1399421909307584906	-0.0093625	0.0875447	0.458447
1399421909406603246	-0.00690653	0.111994	0.458439
1399421909476548871	-0.00244005	0.127191	0.45875
1399421909492638387	-0.000376399	0.129882	0.460299
1399421909509659817	-0.00220714	0.12473	0.461961
1399421909583711635	-0.00593491	0.112623	0.463877
1399421909600646308	-0.00914273	0.0976266	0.465813
1399421909695346198	-0.00941896	0.0828907	0.467555
1399421909711563955	-0.00764937	0.0651641	0.468956
1399421909727532516	-0.00504322	0.0468882	0.470281
1399421909802478880	-0.00049918	0.0384513	0.472075
1399421909819462101	0.0047138	0.0449557	0.474462
1399421909913453194	0.00872433	0.0606601	0.477181
1399421909930290197	0.0100392	0.076908	0.480474
1399421909946330800	0.00990405	0.0879014	0.483064
1399421910020425664	0.0121436	0.0996601	0.485128
1399421910037351838	0.014809	0.118571	0.48695
1399421910053589857	0.0134847	0.138908	0.488131
1399421910154264140	0.0083195	0.145713	0.488881
1399421910225236615	0.00182494	0.133389	0.488217
1399421910241322019	-0.00180953	0.112218	0.487087
1399421910258224471	-0.00370122	0.0901517	0.486032
1399421910337232796	-0.00800021	0.0735908	0.484996
1399421910378195547	-0.017381	0.0601884	0.484326
1399421910448106985	-0.0191266	0.0586926	0.484154
1399421910464163326	-0.0196207	0.0616453	0.484358
1399421910481173484	-0.0153153	0.0776802	0.4851
1399421910555246966	-0.00934955	0.099124	0.486138
1399421910571161179	-0.00474413	0.118776	0.488075
1399421910673080722	0.000472971	0.136693	0.49021
1399421910689141724	0.00526894	0.152248	0.492573
1399421910758037660	0.00637987	0.163622	0.494921
1399421910773962413	0.00409168	0.169786	0.496465
1399421910790995416	-0.000737874	0.172254	0.49743
1399421910887956886	-0.00683534	0.163142	0.497658
1399421910904048972	-0.0123504	0.144874	0.496637
1399421910976010551	-0.0202172	0.122755	0.494761
1399421910991906890	-0.0318523	0.0972491	0.49329
1399421911009044707	-0.0437189	0.0734037	0.494203
1399421911082880050	-0.0508418	0.0573979	0.495565
1399421911122724861	-0.0477105	0.0550048	0.496819
1399421911193871143	-0.0353409	0.0633324	0.497815
1399421911209862436	-0.0181657	0.0804519	0.49932
1399421911226859249	2.63378e-05	0.10817	0.50198
1399421911299649649	0.0129276	0.136101	0.504794
1399421911396539030	0.0186502	0.159147	0.507067
1399421911415605583	0.0214413	0.175891	0.508477
1399421911434520796	0.023726	0.180231	0.508847
1399421911507704470	0.0224839	0.169426	0.50913
1399421911524589273	0.0182573	0.151804	0.508343
1399421911541598623	0.0106609	0.127802	0.507177
1399421911630451122	-0.00273537	0.0988176	0.505487
1399421911647409858	-0.0171315	0.0757945	0.503728
1399421911715427594	-0.0279068	0.0610441	0.502186
1399421911731425165	-0.0342644	0.0493478	0.499983
1399421911748362376	-0.0343815	0.0406097	0.497616
1399421911846354161	-0.0246724	0.0410825	0.495098
1399421911862346704	-0.0109713	0.0482632	0.492429
1399421911934335268	0.00986995	0.0768991	0.490139
1399421911951334809	0.0242909	0.114343	0.489352
1399421912045325405	0.0298426	0.147584	0.489486
1399421912061277930	0.0327875	0.163256	0.488405
1399421912078225086	0.0309751	0.155469	0.485159
1399421912152218368	0.0203429	0.137768	0.47978
1399421912254218027	-0.0281083	0.0719349	0.472639
1399421912273227851	-0.0531858	0.0482178	0.471583
1399421912293223652	-0.0623619	0.0348393	0.470833
1399421912392106370	-0.0560948	0.0301224	0.470623
1399421912461093469	-0.0381304	0.0369313	0.470299
1399421912478078542	-0.0200564	0.0595859	0.470851
1399421912494196539	0.00724198	0.101937	0.473355
1399421912592029446	0.0282772	0.144302	0.476667
1399421912608011298	0.0394193	0.176435	0.479686
1399421912680007649	0.0338773	0.178862	0.479649
1399421912697054524	-0.00166889	0.145253	0.477583
1399421912789929355	-0.0522355	0.0954524	0.474554
1399421912806977112	-0.0838395	0.0615128	0.472251
1399421912822974313	-0.0791468	0.0473761	0.47027
1399421912898081664	-0.0586238	0.0557957	0.468055
1399421912993990851	-0.0313125	0.0887444	0.467079
1399421913009966314	0.000190596	0.137103	0.46918
1399421913026876167	0.0311522	0.178442	0.472684
1399421913059111075	0.0296626	0.177458	0.472785
1399421913125955429	-0.00747582	0.133116	0.471926
1399421913212881994	-0.0385994	0.0803006	0.473491
1399421913229906105	-0.0472015	0.0620734	0.474652
1399421913245868944	-0.05185	0.0562443	0.475432
1399421913323821607	-0.0552968	0.0544011	0.475878
1399421913339826305	-0.0495902	0.0657086	0.475996
1399421913407677196	-0.0308898	0.0972973	0.475452
1399421913427596357	-0.00474076	0.134089	0.475764
1399421913443604028	0.0178583	0.158543	0.476398
1399421913532562120	0.0265792	0.162196	0.476335
1399421913548541249	0.0205253	0.144637	0.473957
1399421913634565079	0.00590015	0.114817	0.470738
1399421913650536018	-0.00707222	0.0895775	0.468654
1399421913666489120	-0.012774	0.0793741	0.468184
1399421913740535199	-0.0145324	0.0806815	0.468294
1399421913757485474	-0.0157616	0.0865955	0.468752
1399421913774428197	-0.0118111	0.10156	0.469771
1399421913870565019	-0.00104295	0.12261	0.471755
1399421913887364949	0.012303	0.14092	0.474399
1399421913958593539	0.0235188	0.152834	0.476544
1399421913974491130	0.0300033	0.158762	0.477624
1399421913991484514	0.0291406	0.153208	0.477131
1399421914089317935	0.0224011	0.138135	0.475647
1399421914105461896	0.0143647	0.125225	0.4738
1399421914182410407	0.00793657	0.118599	0.471287
1399421914198822695	0.00431249	0.112147	0.46907
1399421914272474871	0.00250068	0.105002	0.466868
1399421914289249935	0.00134444	0.105529	0.465334
1399421914384373328	-0.000185735	0.115067	0.464594
1399421914400365380	0.00043242	0.129348	0.463938
1399421914417227984	0.00384765	0.143694	0.464167
1399421914490110124	0.00689776	0.151561	0.46401
1399421914507333395	0.00681179	0.146568	0.463465
1399421914602180048	0.00341479	0.131996	0.462885
1399421914618101097	-0.0034379	0.113026	0.462323
1399421914635059845	-0.0132422	0.0911164	0.462488
1399421914709041306	-0.0218023	0.0740673	0.462246
1399421914725001587	-0.0237028	0.0702697	0.46137
1399421914742010674	-0.0205346	0.0804876	0.460675
1399421914840020809	-0.0176199	0.0926053	0.460246
1399421914910953808	-0.0151921	0.100854	0.461178
1399421914927898158	-0.0120993	0.106031	0.462207
1399421914943919520	-0.00768021	0.11058	0.462933
1399421915018971019	-0.00467235	0.114733	0.463374
1399421915058826281	-0.00509873	0.118581	0.463337
1399421915129863013	-0.00741745	0.116704	0.462871
1399421915146831532	-0.0118872	0.104006	0.461666
1399421915162804074	-0.017852	0.0883496	0.460677
1399421915240845376	-0.0238984	0.0774548	0.460689
1399421915260761928	-0.0275617	0.0723419	0.46096
1399421915359758205	-0.0253712	0.0721335	0.46225
1399421915375739495	-0.0166631	0.0752787	0.463734
1399421915444663553	-0.00616801	0.0776169	0.465305
1399421915460809038	0.00142538	0.0811958	0.466349
1399421915477579472	0.0045466	0.0888624	0.467225
1399421915574623266	0.00653683	0.100354	0.469394
1399421915591602780	0.0104045	0.113061	0.471141
1399421915663538622	0.0161348	0.121482	0.472428
1399421915680569408	0.0197543	0.121204	0.473241
1399421915696526318	0.017682	0.114766	0.473545
1399421915771511783	0.0118082	0.10912	0.473888
1399421915812483580	0.00491592	0.102722	0.474168
1399421915882442672	0.00157451	0.0946585	0.47453
1399421915898418012	0.00236106	0.0884654	0.474997
1399421915915372246	0.0055011	0.0891293	0.475137
1399421915988351104	0.0113572	0.0950197	0.474995
1399421916083393624	0.0175854	0.0999671	0.474398
1399421916100352427	0.0225988	0.100762	0.473652
1399421916116311864	0.0257209	0.0977521	0.472162
1399421916190296075	0.02565	0.0983136	0.469721
1399421916206294103	0.0238643	0.111081	0.467122
1399421916223349417	0.0228248	0.12941	0.464588
1399421916319256208	0.021785	0.143908	0.462434
1399421916335203353	0.0192054	0.151281	0.460254
1399421916408394661	0.0133584	0.15146	0.457268
1399421916425232728	0.00617082	0.142546	0.453663
1399421916442192508	-0.000273376	0.131476	0.449907
1399421916538134050	-0.00681606	0.125655	0.447012
1399421916554139276	-0.0118168	0.125567	0.445172
1399421916627113287	-0.0151231	0.126563	0.44432
1399421916643038132	-0.0143585	0.126619	0.444702
1399421916659104632	-0.00764027	0.122531	0.445827
1399421916733056116	0.00128416	0.118017	0.44801
1399421916834967345	0.0143107	0.123361	0.454753
1399421916851983488	0.0159039	0.131025	0.458876
1399421916867949650	0.0128141	0.137535	0.462417
1399421916911101447	0.00698858	0.143129	0.46532
1399421916960955727	-0.0012411	0.147611	0.467771
1399421916976946516	-0.00917513	0.149158	0.469451
1399421917046366317	-0.0133607	0.147231	0.470972
1399421917061901358	-0.0160315	0.140825	0.471503
1399421917078981172	-0.0176671	0.131071	0.471331
1399421917153055678	-0.0159522	0.119677	0.470804
1399421917192956208	-0.0114654	0.110249	0.469271
1399421917262918320	-0.00721154	0.105	0.46777
1399421917279901650	-0.00427337	0.0999447	0.466336
1399421917295779210	-0.00364865	0.0908663	0.46503
1399421917341927851	-0.00284841	0.0816662	0.463955
1399421917387799900	0.000268006	0.0791748	0.463059
1399421917403812424	0.00612356	0.0836304	0.463297
1399421917474779161	0.013277	0.092682	0.464408
1399421917490781389	0.0165133	0.106402	0.466678
1399421917507705127	0.0121192	0.12006	0.469016
1399421917581940691	0.00386777	0.13139	0.470822
1399421917621625697	0.00120646	0.140536	0.472966
1399421917692542133	0.00545163	0.14891	0.474302
1399421917709524007	0.00803419	0.150071	0.475187
1399421917725511087	0.00317008	0.141277	0.475896
1399421917801536426	-0.00769414	0.127205	0.47684
1399421917841573076	-0.017608	0.114888	0.479279
1399421917911606224	-0.0216749	0.107528	0.481499
1399421917928529567	-0.0198731	0.0961053	0.482821
1399421917944611549	-0.0149511	0.0792476	0.482693
1399421918018481472	-0.0101441	0.0651776	0.48136
1399421918034365200	-0.0055851	0.0659692	0.47847
1399421918135345773	-0.00223015	0.0806319	0.475435
1399421918152332937	0.000607822	0.101124	0.473242
1399421918221389317	0.00151371	0.121601	0.471556
1399421918237387649	0.00113482	0.133957	0.469756
1399421918254310579	0.00168709	0.137734	0.467935
1399421918349256402	0.00209897	0.140663	0.465481
1399421918365259856	-0.000145621	0.14429	0.46284
1399421918439328837	-0.00647992	0.141468	0.460156
1399421918459318315	-0.0115894	0.132715	0.457437
1399421918475395997	-0.0102703	0.120758	0.455569
1399421918548149054	-0.00566755	0.110028	0.453475
1399421918588136465	-0.00375786	0.102643	0.450581
1399421918659133730	-0.00478426	0.0962614	0.44686
1399421918675081988	-0.00762544	0.0885357	0.443604
1399421918692085693	-0.00901589	0.0807959	0.442927
1399421918733061159	-0.00673662	0.0755262	0.442546
1399421918779008690	-0.00433285	0.0742386	0.442115
1399421918794983954	-0.0026311	0.0799325	0.442144
1399421918891031382	0.00286718	0.130156	0.453383
1399421918993111557	-0.0002153	0.148745	0.462947
1399421919010038895	-0.00109808	0.162849	0.473214
1399421919078002231	0.0110902	0.161428	0.481587
1399421919096071681	0.0279928	0.134483	0.488237
1399421919191031963	0.0396308	0.110078	0.493402
1399421919207068359	0.0407179	0.109465	0.492344
1399421919223960084	0.0377637	0.11071	0.492348
1399421919295905609	0.0277352	0.0877878	0.494274
1399421919399939673	0.014441	0.0734122	0.497423
1399421919415730332	0.00832338	0.0839028	0.499839
1399421919432815074	0.0101069	0.106729	0.500546
1399421919505732278	0.0127411	0.129869	0.500101
1399421919545669873	0.0140018	0.156443	0.500278
1399421919616653018	0.0292238	0.16745	0.501175
1399421919633698234	0.0517938	0.160185	0.501289
1399421919650659201	0.0605672	0.136521	0.497155
1399421919747600205	0.0526357	0.102034	0.48952
1399421919763556152	0.033065	0.0782523	0.480041
1399421919834539999	0.0136672	0.0776715	0.47471
1399421919851524710	0.00332317	0.103099	0.471881
1399421919952638827	-0.002679	0.134731	0.470751
1399421919968537919	-0.00159584	0.164159	0.471574
1399421920037562201	0.0108562	0.157571	0.472944
1399421920054575850	0.0208784	0.116702	0.471948
1399421920121442882	0.0222121	0.0830223	0.469532
1399421920138473651	0.0233307	0.0680019	0.465825
1399421920163539092	0.0180221	0.0648375	0.463467
1399421920261488837	0.00825078	0.0636506	0.462558
1399421920277565063	-0.00335945	0.075099	0.46162
1399421920382383099	-0.0146855	0.0997775	0.461678
1399421920398405049	-0.0212237	0.125576	0.462638
1399421920473429678	-0.0194001	0.138788	0.463748
1399421920490317080	-0.0104203	0.132895	0.464791
1399421920506305016	-0.00214945	0.118648	0.465071
1399421920581262738	0.00087272	0.104343	0.464702
1399421920680259706	-0.000561394	0.0943497	0.463715
1399421920696229786	-0.00282696	0.0896202	0.462438
1399421920713149449	-0.0019363	0.0879279	0.462376
1399421920786182263	0.00286451	0.0858876	0.461892
1399421920803160727	0.00690236	0.0804013	0.46123
1399421920898102142	0.00663172	0.0727082	0.460573
1399421920915139523	0.00204722	0.072202	0.459351
1399421920931090526	-0.00494217	0.0884052	0.458247
1399421921004137497	-0.0106824	0.113483	0.457721
1399421921021114653	-0.0142373	0.133461	0.458626
1399421921037094386	-0.0175927	0.141313	0.46074
1399421921134018612	-0.0224336	0.139401	0.462956
1399421921151036345	-0.0258672	0.129637	0.465939
1399421921225114888	-0.0270915	0.118219	0.469254
1399421921244978344	-0.0253383	0.110442	0.472487
1399421921267921253	-0.0218749	0.105364	0.47594
1399421921328900733	-0.0163213	0.102353	0.479734
1399421921345915303	-0.010252	0.108927	0.484545
1399421921361867851	-0.00434517	0.127798	0.489152
1399421921435931139	0.000131152	0.149391	0.493921
1399421921452094078	0.000839027	0.166328	0.498661
1399421921468981135	-0.00189319	0.177113	0.502576
1399421921568823231	-0.00464224	0.181635	0.506066
1399421921639923188	-0.00616693	0.181228	0.508641
1399421921656757530	-0.00513385	0.179982	0.510513
1399421921672814785	-0.00102906	0.173741	0.511306
1399421921746793867	0.00462261	0.155968	0.510526
1399421921786798190	0.011088	0.13613	0.50859
1399421921857749502	0.019258	0.122754	0.505634
1399421921873626531	0.0292067	0.116934	0.502005
1399421921890678185	0.0376564	0.117591	0.49822
1399421921931675010	0.0432531	0.126069	0.495187
1399421921948647828	0.0454437	0.136362	0.494175
1399421921988593155	0.0408487	0.144611	0.492913
1399421922005530672	0.0326433	0.148815	0.491567
1399421922078597957	0.0254043	0.150679	0.49056
1399421922095537860	0.0196248	0.149408	0.489434
1399421922112586884	0.0169378	0.141041	0.489038
1399421922211571032	0.0169911	0.129509	0.488568
1399421922287523611	0.0162966	0.122082	0.488119
1399421922303477343	0.0137877	0.122412	0.487656
1399421922320466614	0.0119046	0.122339	0.48707
1399421922393412120	0.0162078	0.113381	0.48691
1399421922411401113	0.0264176	0.100863	0.486105
1399421922505425842	0.0360507	0.0941364	0.484595
1399421922522342496	0.0386287	0.0941994	0.482864
1399421922538573506	0.0348396	0.0978493	0.480967
1399421922612279865	0.0289701	0.101889	0.479893
1399421922629312101	0.023093	0.101747	0.478606
1399421922731258122	0.0157278	0.0936229	0.47742
1399421922747187064	0.0118636	0.0902449	0.477006
1399421922816220868	0.00976775	0.0922905	0.477262
1399421922832177555	0.00969814	0.0963448	0.478225
1399421922849666279	0.00995225	0.0997732	0.479342
1399421922950111699	0.0101465	0.10061	0.480161
1399421922966131775	0.0103145	0.0990731	0.479874
1399421923034065089	0.0116542	0.097173	0.479054
1399421923051363253	0.0127638	0.0953589	0.477836
1399421923066908599	0.0108509	0.0952386	0.47589
1399421923142094849	0.00513025	0.0983375	0.474197
1399421923181816861	-0.00359524	0.103575	0.472694
1399421923251894470	-0.010236	0.108068	0.47186
1399421923268991533	-0.0130825	0.109453	0.471522
1399421923290969363	-0.0135283	0.10867	0.471659
1399421923359006644	-0.0117519	0.106474	0.47319
1399421923455998025	-0.00780053	0.103183	0.475586
1399421923472912067	-0.00362288	0.100784	0.478872
1399421923488872357	-0.00136526	0.0989258	0.482638
1399421923561910958	-0.000890191	0.0977801	0.486356
1399421923578691088	-0.00029968	0.0978888	0.490268
1399421923595875685	-6.17591e-05	0.0990372	0.49409
1399421923691784382	-0.000623543	0.100294	0.497658
1399421923708760271	-0.00205662	0.102883	0.500727
1399421923780737727	-0.00532465	0.10848	0.502995
1399421923796751004	-0.01244	0.112996	0.505015
1399421923813741138	-0.0188191	0.114883	0.506417
1399421923915656901	-0.0190004	0.116847	0.507379
1399421923931725580	-0.0153566	0.117971	0.507813
1399421923998499404	-0.0123513	0.114923	0.50749
1399421924014811448	-0.0105951	0.108066	0.506532
1399421924031647811	-0.00921449	0.102831	0.505268
1399421924101614912	-0.0073828	0.101389	0.503572
1399421924141598141	-0.00490208	0.102107	0.502121
1399421924202614768	-0.00338773	0.104651	0.501668
1399421924218443778	-0.00237993	0.110461	0.503034
1399421924235568115	0.00016117	0.118986	0.504657
1399421924309514498	0.00249745	0.128393	0.506166
1399421924352559766	0.00137461	0.134912	0.507227
1399421924426405741	6.99423e-05	0.137308	0.507552
1399421924443415249	-0.00100683	0.135863	0.507772
1399421924459631549	-0.000129145	0.132475	0.507308
1399421924532292946	0.0037512	0.129029	0.506043
1399421924549352771	0.00847757	0.12378	0.504523
1399421924651398872	0.0121669	0.118316	0.503
1399421924667269294	0.0159875	0.114085	0.500178
1399421924737241447	0.0202141	0.111234	0.497043
1399421924754233928	0.0236373	0.109292	0.493869
1399421924771206650	0.0231721	0.110338	0.490998
1399421924871175170	0.0185164	0.1141	0.488075
1399421924888103486	0.016296	0.119778	0.485765
1399421924956062136	0.0219939	0.127428	0.483595
1399421924972094532	0.0298902	0.136215	0.481439
1399421924989065731	0.0329604	0.14464	0.479708
1399421925063176287	0.030012	0.149803	0.478211
1399421925103107135	0.0252099	0.149864	0.476282
1399421925173923211	0.0227722	0.14572	0.474598
1399421925189998705	0.024828	0.14232	0.47358
1399421925206947633	0.0288972	0.141033	0.473034
1399421925280077545	0.0300243	0.139457	0.4726
1399421925377091649	0.0259935	0.137084	0.472036
1399421925394026017	0.0199296	0.1324	0.471601
1399421925409998662	0.0174863	0.125488	0.471744
1399421925487122427	0.0189962	0.119109	0.47231
1399421925506221756	0.0211146	0.115423	0.472658
1399421925523009383	0.0222527	0.112843	0.47065
1399421925586798845	0.0208421	0.109965	0.468785
1399421925617864958	0.0146324	0.117803	0.467601
1399421925634822274	0.014602	0.128582	0.468254
1399421925711878714	0.0161599	0.137727	0.471625
1399421925823714447	0.019826	0.142271	0.477259
1399421925840738081	0.0180922	0.140077	0.478805
1399421925913695579	0.0154376	0.135876	0.479659
1399421925930670639	0.0139174	0.131097	0.480215
1399421925946604357	0.012089	0.128357	0.480382
1399421926043603076	0.00549512	0.123547	0.479944
1399421926059570421	-0.0014305	0.115379	0.479739
1399421926131589687	-0.000160751	0.109249	0.481064
1399421926148602756	0.00677365	0.105144	0.482298
1399421926243839401	0.0132849	0.103437	0.483215
1399421926259954718	0.0126486	0.108971	0.484896
1399421926276544274	0.00707575	0.128026	0.487523
1399421926349451357	0.00687351	0.14475	0.492899
1399421926451462813	0.00751742	0.150966	0.497762
1399421926467460490	0.00772682	0.145707	0.500628
1399421926484561332	0.00660049	0.135068	0.500316
1399421926526490990	-0.00340745	0.116838	0.498094
1399421926576400748	-0.0163357	0.0982352	0.495864
1399421926592414311	-0.0198515	0.0923529	0.492502
1399421926663370548	-0.0119299	0.0989852	0.487857
1399421926680438676	-0.00604219	0.103732	0.483093
1399421926775297585	-0.00608575	0.109224	0.477812
1399421926792462227	-0.00927184	0.121086	0.473013
1399421926808487929	-0.0151111	0.129453	0.470493
1399421926882210365	-0.0176223	0.131024	0.471114
1399421926923278931	-0.0189765	0.120549	0.473821
1399421926993191790	-0.0164821	0.105232	0.477846
1399421927010138917	-0.0114332	0.0892986	0.482072
1399421927026145300	-0.00954955	0.083633	0.484776
1399421927127066329	-0.00991724	0.101033	0.48587
1399421927168037857	-0.0113564	0.125509	0.486588
1399421927185073648	-0.0174615	0.136292	0.485696
1399421927203038608	-0.0206154	0.128886	0.484049
1399421927341028257	-0.0192659	0.111927	0.48197
1399421927413129533	-0.0145149	0.0946643	0.4793
1399421927430091241	-0.00922472	0.0825364	0.476672
1399421927445988118	-0.0061853	0.0782366	0.474595
1399421927520039549	-0.00608078	0.0792812	0.473685
1399421927536991099	-0.00783703	0.0815652	0.473343
1399421927632008056	-0.00917882	0.0869599	0.474041
1399421927648927864	-0.00769364	0.100898	0.475334
1399421927664956582	-0.00245867	0.121133	0.476872
1399421927738056591	0.00428554	0.13755	0.479261
1399421927754797914	0.00834016	0.142806	0.48174
1399421927848901366	0.00742546	0.138492	0.483125
1399421927865953034	0.00426047	0.129592	0.48347
1399421927881989711	0.00334471	0.121746	0.483
1399421927955886544	0.00435953	0.114288	0.481642
1399421927972739003	0.00373172	0.103791	0.479951
1399421927988718546	0.00194302	0.0907268	0.477742
1399421928070816339	0.00682173	0.095377	0.473772
1399421928086733508	0.00965874	0.112046	0.47138
1399421928166571748	0.009973	0.126781	0.469103
1399421928185494756	0.00755264	0.135541	0.468158
1399421928278586515	0.00727755	0.139047	0.46884
1399421928295475761	0.0112698	0.140647	0.470243
1399421928311520890	0.0176039	0.145596	0.472155
1399421928385512183	0.0212565	0.152205	0.47473
1399421928401488444	0.0193263	0.149591	0.478076
1399421928418422435	0.0157392	0.137999	0.482119
1399421928517532496	0.0156442	0.126049	0.486399
1399421928587530613	0.0193564	0.121078	0.48712
1399421928604622623	0.0257177	0.123402	0.487953
1399421928620368064	0.0304486	0.129871	0.488093
1399421928695353380	0.0310194	0.13505	0.487286
1399421928735309216	0.0297017	0.137826	0.486929
1399421928806380303	0.0295481	0.142848	0.491007
1399421928823245108	0.0302647	0.151458	0.494947
1399421928839267281	0.0320802	0.160778	0.499202
1399421928880260915	0.0334285	0.165523	0.503157
1399421928897255658	0.0336996	0.163785	0.505934
1399421928936311086	0.0332617	0.153812	0.505602
1399421928953307174	0.0340862	0.138471	0.504486
1399421929027318289	0.0353065	0.124385	0.502759
1399421929043268522	0.0345262	0.116123	0.500879
1399421929059185354	0.0309035	0.114693	0.499728
1399421929159289772	0.0256025	0.117616	0.498134
1399421929231320416	0.0212912	0.119567	0.496761
1399421929251143518	0.0202394	0.117361	0.497145
1399421929267047805	0.0207826	0.118953	0.498906
1399421929306059730	0.0194878	0.130646	0.500281
1399421929323035618	0.0169577	0.145214	0.498223
1399421929363006619	0.015361	0.149368	0.495548
1399421929380030170	0.0144559	0.140782	0.4938
1399421929454011927	0.0150846	0.125166	0.493462
1399421929471019657	0.0182355	0.111613	0.493343
1399421929487008539	0.0222673	0.106329	0.488403
1399421929585917266	0.0241358	0.106674	0.48424
1399421929655939787	0.0241991	0.108201	0.482153
1399421929672960729	0.0234199	0.107808	0.481961
1399421929688915109	0.0204333	0.108096	0.481419
1399421929764108372	0.014069	0.115489	0.482118
1399421929781060618	0.00701777	0.128606	0.482963
1399421929875003199	0.00401999	0.142739	0.484228
1399421929892424996	0.00508095	0.152435	0.485706
1399421929907922997	0.00752163	0.151862	0.487029
1399421929981019929	0.00608658	0.13936	0.487185
1399421929997925189	0.000911069	0.121722	0.48709
1399421930092087410	-0.0023515	0.103654	0.486391
1399421930109005515	0.000181703	0.0912596	0.485974
1399421930124767884	0.00549258	0.0850721	0.486373
1399421930198934919	0.0100351	0.0843518	0.486399
1399421930218849888	0.0128081	0.0875553	0.486442
1399421930297817390	0.0116846	0.0975989	0.486783
1399421930337825718	0.00657484	0.111282	0.487434
1399421930409796263	-0.000597581	0.12444	0.487892
1399421930425719426	-0.00597004	0.137398	0.489067
1399421930441789111	-0.00765268	0.148234	0.489471
1399421930516676521	-0.00940469	0.150044	0.489155
1399421930556652969	-0.0117002	0.142437	0.487853
1399421930627725422	-0.012732	0.132719	0.485875
1399421930643657421	-0.0120937	0.120926	0.482642
1399421930659573291	-0.0105773	0.106732	0.479267
1399421930700528535	-0.0110346	0.0958045	0.47669
1399421930717768713	-0.0134734	0.0925533	0.47524
1399421930761454714	-0.0170889	0.0943083	0.475331
1399421930834505750	-0.0216363	0.0998782	0.47755
1399421930850462451	-0.0269881	0.109022	0.480484
1399421930867645894	-0.0320865	0.121255	0.483578
1399421930941643779	-0.0370404	0.13596	0.486369
1399421930981338153	-0.0409078	0.148194	0.488858
1399421931052445490	-0.042316	0.1539	0.492086
1399421931069288486	-0.0392712	0.152854	0.494441
1399421931085425138	-0.033776	0.149573	0.495354
1399421931159466865	-0.0281393	0.143397	0.495492
1399421931176303531	-0.0226453	0.128873	0.495527
1399421931270145213	-0.0181009	0.110363	0.495735
1399421931290264545	-0.0165013	0.0921894	0.49563
1399421931387330599	-0.0183415	0.0763366	0.495864
1399421931404281508	-0.0203849	0.0820238	0.49668
1399421931501241936	-0.0234881	0.0881629	0.498534
1399421931517049335	-0.0256382	0.0909941	0.500561
1399421931588125334	-0.0247966	0.100743	0.502479
1399421931605155188	-0.0221465	0.119438	0.50373
1399421931621027249	-0.0189018	0.136052	0.503948
1399421931695992877	-0.0136038	0.142199	0.503736
1399421931791929437	-0.00775762	0.13811	0.50286
1399421931807879693	-0.0047383	0.125974	0.501271
1399421931824988553	-0.00576515	0.113602	0.499281
1399421931898881714	-0.00832135	0.104572	0.497231
1399421931917107899	-0.00930104	0.0933797	0.493794
1399421932010865682	-0.00859576	0.0807304	0.490787
1399421932026801518	-0.00576087	0.0706581	0.487607
1399421932043797842	-0.00410906	0.0628808	0.484461
1399421932117911267	-0.00607768	0.0586115	0.482248
1399421932134043462	-0.0084179	0.0647901	0.479168
1399421932150834861	-0.00849929	0.0822215	0.477759
1399421932247772398	-0.00387427	0.104336	0.478512
1399421932264822882	0.00869441	0.125701	0.480583
1399421932335969219	0.0206961	0.143028	0.483188
1399421932352896002	0.0262207	0.152328	0.484835
1399421932368986533	0.0271351	0.152923	0.485708
1399421932471837956	0.0231379	0.14638	0.484728
1399421932544840495	0.0179756	0.133089	0.482659
1399421932560792125	0.0175414	0.119892	0.48076
1399421932577637976	0.0223242	0.111873	0.47963
1399421932650742633	0.0296145	0.108571	0.479478
1399421932667744001	0.0355919	0.108428	0.479127
1399421932761613919	0.0373965	0.108373	0.477695
1399421932778712120	0.0354721	0.108186	0.476697
1399421932794636173	0.0315922	0.11009	0.475993
1399421932869491440	0.0262623	0.116703	0.475553
1399421932885487116	0.0211661	0.126687	0.475097
1399421932987465571	0.0172905	0.148044	0.473857
1399421933004470850	0.0171747	0.166353	0.472845
1399421933072433350	0.026684	0.18211	0.471666
1399421933089413325	0.0387315	0.196547	0.469275
1399421933147749013	0.0427323	0.195783	0.468279
1399421933164418310	0.0436138	0.179811	0.466919
1399421933184401177	0.0476916	0.151332	0.464144
1399421933202459485	0.0489667	0.124694	0.461328
1399421933300359379	0.0454898	0.108858	0.45935
1399421933319280417	0.038138	0.109786	0.459584
1399421933394277173	0.0256885	0.125693	0.460994
1399421933411280719	0.0127143	0.155595	0.463605
1399421933505185324	0.00324458	0.186907	0.466348
1399421933522131783	0.00489776	0.199287	0.467799
1399421933538214515	0.013529	0.200171	0.466801
1399421933613139375	0.0223337	0.191028	0.462224
1399421933653130086	0.0238289	0.166356	0.455756
1399421933723129819	0.0183511	0.123889	0.449102
1399421933740057298	0.0039245	0.0994256	0.444998
1399421933756041247	-0.0184838	0.101764	0.443766
1399421933856021044	-0.0382592	0.124808	0.44354
1399421933925962309	-0.0491125	0.152144	0.44769
1399421933942972403	-0.0450171	0.173449	0.452966
1399421933958984124	-0.0363716	0.178657	0.45652
1399421934061987337	-0.0288125	0.168997	0.45754
1399421934077982184	-0.028543	0.136297	0.456271
1399421934154936027	-0.0371042	0.101508	0.4551
1399421934170842960	-0.0500795	0.0921356	0.455175
1399421934280930423	-0.0601178	0.103299	0.456767
1399421934349963704	-0.0629741	0.123541	0.45834
1399421934366847915	-0.0641876	0.1445	0.461348
1399421934382881209	-0.0638051	0.157858	0.46444
1399421934458985548	-0.0622508	0.162733	0.467212
1399421934498869362	-0.0590951	0.160371	0.469301
1399421934569936244	-0.0526292	0.15042	0.470215
1399421934585853524	-0.0443767	0.139885	0.469155
1399421934602854445	-0.0373696	0.132497	0.467137
1399421934676775072	-0.0370297	0.121971	0.465246
1399421934693805652	-0.0424733	0.108682	0.463413
1399421934788902834	-0.0498831	0.100902	0.461778
1399421934805671291	-0.0545821	0.104713	0.460837
1399421934821779646	-0.0559575	0.115133	0.460388
1399421934895703843	-0.0558225	0.125301	0.461024
1399421934911598975	-0.0561549	0.127715	0.463191
1399421934979665360	-0.0545128	0.12127	0.466188
1399421935009628230	-0.0344115	0.0906453	0.473632
1399421935025690478	-0.0264749	0.0796071	0.476549
1399421935102673162	-0.0252272	0.0734182	0.478984
1399421935122552819	-0.0276603	0.0699837	0.48176
1399421935216493591	-0.0282887	0.0689596	0.486502
1399421935232406424	-0.0245702	0.0683275	0.49098
1399421935249453761	-0.0189359	0.0687164	0.494544
1399421935323469725	-0.0117768	0.0720095	0.497265
1399421935339363673	-0.00580019	0.0762342	0.499539
1399421935441421053	-0.00189326	0.0781294	0.501089
1399421935460021054	0.000484055	0.0780215	0.502276
1399421935527312754	0.000479953	0.0777177	0.503797
1399421935544314585	-0.000105915	0.0782775	0.505283
1399421935560240763	0.00303127	0.0806677	0.505893
1399421935634257940	0.0112257	0.0825048	0.506147
1399421935674202701	0.0218804	0.082193	0.505953
1399421935746509601	0.0319242	0.0818406	0.506438
1399421935762265249	0.0394534	0.0850094	0.507388
1399421935779324701	0.0435198	0.0913766	0.507782
1399421935852309296	0.0451869	0.0997164	0.507916
1399421935892153356	0.0456546	0.109801	0.507847
1399421935963229421	0.0478608	0.122135	0.507027
1399421935980362034	0.0529765	0.136079	0.505775
1399421935996177693	0.0571394	0.146145	0.504009
1399421936070185889	0.0574966	0.149865	0.503825
1399421936087163494	0.0561154	0.149479	0.502261
1399421936188976865	0.0557838	0.149259	0.498845
1399421936204950955	0.0562625	0.149455	0.493883
1399421936278925391	0.0550673	0.146609	0.488779
1399421936294935656	0.0502802	0.140379	0.483729
1399421936312038992	0.0443209	0.134763	0.479484
1399421936409022768	0.0372173	0.136271	0.476303
1399421936425992031	0.031941	0.145192	0.474506
1399421936496871570	0.0323146	0.156977	0.474123
1399421936512864005	0.035592	0.16986	0.474617
1399421936529783629	0.0389976	0.181881	0.475327
1399421936602757322	0.0419768	0.188832	0.475989
1399421936699954611	0.0443054	0.189035	0.475559
1399421936715842221	0.0451899	0.184946	0.473894
1399421936732920553	0.0432312	0.179036	0.469394
1399421936805814311	0.0402565	0.175088	0.464278
1399421936822892805	0.0358703	0.169977	0.458448
1399421936917792989	0.0260466	0.160925	0.452233
1399421936933840347	0.0120339	0.150374	0.446842
1399421936950726095	0.0017232	0.1481	0.442335
1399421937024721123	-0.00228546	0.155874	0.438496
1399421937041611078	-0.00244316	0.166703	0.435646
1399421937057746934	-0.0011054	0.176518	0.433789
1399421937154700965	-0.0011059	0.182582	0.432475
1399421937170752905	-0.00113129	0.178672	0.431458
1399421937242718055	0.000517307	0.158828	0.430528
1399421937258848832	0.00176715	0.125571	0.42827
1399421937277696827	0.000341564	0.086549	0.425027
1399421937375608211	-0.00516462	0.0489011	0.422014
1399421937444678688	-0.0151256	0.0192459	0.417066
1399421937461666791	-0.0274661	0.00075653	0.412809
1399421937478682120	-0.038834	-0.00784649	0.409655
1399421937552631752	-0.0451327	-0.0103659	0.407841
1399421937569791749	-0.0446868	-0.00941038	0.407279
1399421940594900310	-0.0368116	-0.00447718	0.406713
1399421940594978257	-0.0226542	0.00169641	0.406381
1399421940595040114	-0.00814996	0.0076112	0.405693
1399421940595076660	0.00217005	0.0126342	0.405187
1399421940595110881	0.0078329	0.0137362	0.405987
1399421940595154516	0.0101424	0.00840322	0.407097
1399421940595188824	0.00917726	-0.00261609	0.408989
1399421940595222003	0.00574467	-0.0160142	0.411223
1399421940595255365	-0.000520889	-0.0162537	0.413279
1399421940595289155	0.00015945	0.159796	0.395125
1399421940595323055	0.00266977	0.224021	0.399842
1399421940595365491	0.00810262	0.300091	0.411213
1399421940595399334	0.0154385	0.347095	0.421647
1399421940595432092	0.0251193	0.374287	0.432529
1399421940595465357	0.0376467	0.385788	0.443298
1399421940595498392	0.0523918	0.387927	0.452822
1399421940595539853	0.0480849	0.381197	0.446508
1399421940595573122	0.0141236	0.34527	0.419284
1399421940595606484	-0.00930595	0.269205	0.400607
1399421940595647006	-0.0195501	0.165195	0.389111
1399421940595681243	-0.0209887	0.124361	0.380212
1399421940595714338	-0.0176222	0.141651	0.371656
1399421940595756089	-0.0117913	0.169867	0.367396
1399421940595789435	-0.00978911	0.175535	0.364894
1399421940595822620	-0.0114577	0.171377	0.362982
1399421940595871020	-0.0139817	0.169771	0.359842
1399421940595909768	-0.0132895	0.172542	0.357337
1399421940595951897	-0.0129922	0.171677	0.354735
1399421940595985376	-0.0143498	0.169959	0.352054
1399421940596018487	-0.0148709	0.169777	0.349504
1399421940596051933	-0.0148655	0.169856	0.346587
1399421940596101225	-0.0155016	0.169481	0.344128
1399421940596135115	-0.0162421	0.169605	0.341538
1399421940596177087	-0.016567	0.169709	0.338591
1399421940596210599	-0.0169407	0.169676	0.336444
1399421940596243751	-0.017525	0.169668	0.333583
1399421940596276846	-0.0179079	0.169829	0.330905
1399421940596310102	-0.0182968	0.169899	0.328517
1399421940596350597	-0.0188171	0.169808	0.325708
1399421940596383458	-0.0191858	0.170006	0.323564
1399421940596416636	-0.0197058	0.169926	0.320622
1399421940596449611	-0.020098	0.170077	0.318361
1399421940596482589	-0.0205655	0.170037	0.315607
1399421940596533017	-0.0209401	0.170044	0.313158
1399421940596592548	-0.0214046	0.170089	0.310726
1399421940596626058	-0.0218939	0.170092	0.307932
1399421940596658675	-0.02234	0.170061	0.305429
1399421940596692020	-0.0227738	0.170165	0.302847
1399421940596725576	-0.0232776	0.169981	0.300176
1399421940596767799	-0.0236497	0.170028	0.297888
1399421940596801392	-0.0241377	0.170093	0.295093
1399421940596835519	-0.0245752	0.169914	0.29261
1399421940596889358	-0.0249901	0.169939	0.290062
1399421940596924938	-0.0254518	0.169935	0.287517
1399421940596958387	-0.0258052	0.169826	0.285212
1399421940597023164	-0.0262781	0.169848	0.282459
1399421940597056820	-0.0270908	0.169731	0.277555
1399421940597089561	-0.0275119	0.169729	0.274959
1399421940597122088	-0.0279067	0.169693	0.272753
1399421940597163917	-0.0319589	0.165942	0.248912
1399421940597197239	-0.0353454	0.162086	0.227839
1399421940597230484	-0.0386973	0.158174	0.206959
1399421940597263679	-0.0419539	0.154155	0.186337
1399421940597296684	-0.0446681	0.150098	0.16818
1399421940597329659	-0.0472694	0.14633	0.14743
1399421940597371520	-0.049343	0.142492	0.129137
1399421940597404899	-0.0513698	0.13861	0.110802
1399421940597439113	-0.0533428	0.134695	0.0925281
