#Time	 SERVO_1	 SERVO_2	 SERVO_3	 SERVO_4
1399421850091673110	1175	1175	1175	1175
1399421850146652772	1175	1175	1175	1175
1399421850179722664	1175	1175	1175	1175
1399421850215663308	1175	1175	1175	1175
1399421850240665713	1175	1175	1175	1175
1399421850267630754	1175	1175	1175	1175
1399421850308550907	1175	1175	1175	1175
1399421850370690107	1175	1175	1175	1175
1399421850433634292	1175	1175	1175	1175
1399421850449621814	1175	1175	1175	1175
1399421850477563107	1175	1175	1175	1175
1399421850539392406	1175	1175	1175	1175
1399421850601479951	1175	1175	1175	1175
1399421850618450436	1175	1175	1175	1175
1399421850653457024	1175	1175	1175	1175
1399421850687501673	1175	1175	1175	1175
1399421850749529452	1175	1175	1175	1175
1399421850766395157	1175	1175	1175	1175
1399421850859370476	1175	1175	1175	1175
1399421850875416515	1175	1175	1175	1175
1399421850892288499	1175	1175	1175	1175
1399421850921288991	1175	1175	1175	1175
1399421850948584523	1175	1175	1175	1175
1399421851046366305	1175	1175	1175	1175
1399421851069321405	1175	1175	1175	1175
1399421851089197210	1175	1175	1175	1175
1399421851109246446	1175	1175	1175	1175
1399421851150274192	1175	1175	1175	1175
1399421851219192957	1175	1175	1175	1175
1399421851277226507	1175	1175	1175	1175
1399421851310297419	1175	1175	1175	1175
1399421851372189384	1175	1175	1175	1175
1399421851397262694	1175	1175	1175	1175
1399421851504192762	1175	1175	1175	1175
1399421851520192379	1175	1175	1175	1175
1399421851546049601	1175	1175	1175	1175
1399421851563030940	1175	1175	1175	1175
1399421851632107272	1175	1175	1175	1175
1399421851694066183	1175	1175	1175	1175
1399421851735019040	1175	1175	1175	1175
1399421851758951891	1175	1175	1175	1175
1399421851776030405	1175	1175	1175	1175
1399421851803049395	1175	1175	1175	1175
1399421851842967292	1175	1175	1175	1175
1399421851928891072	1175	1175	1175	1175
1399421851945839375	1175	1175	1175	1175
1399421851963719245	1175	1175	1175	1175
1399421851996889293	1175	1175	1175	1175
1399421852063716028	1175	1175	1175	1175
1399421852090805759	1175	1175	1175	1175
1399421852129711485	1175	1175	1175	1175
1399421852159788297	1175	1175	1175	1175
1399421852221792408	1175	1175	1175	1175
1399421852238638135	1175	1175	1175	1175
1399421852320802665	1175	1175	1175	1175
1399421852362766656	1175	1175	1175	1175
1399421852379707769	1175	1175	1175	1175
1399421852396688324	1175	1175	1175	1175
1399421852428790998	1175	1175	1175	1175
1399421852469632616	1175	1175	1175	1175
1399421852530698144	1175	1175	1175	1175
1399421852571554950	1175	1175	1175	1175
1399421852595687056	1175	1175	1175	1175
1399421852684670566	1175	1175	1175	1175
1399421852746578864	1175	1175	1175	1175
1399421852762604863	1175	1175	1175	1175
1399421852811508518	1175	1175	1175	1175
1399421852827474932	1175	1175	1175	1175
1399421852901560840	1175	1175	1175	1175
1399421852919531049	1175	1175	1175	1175
1399421852947611979	1175	1175	1175	1175
1399421853011407987	1175	1175	1175	1175
1399421853030419756	1175	1175	1175	1175
1399421853107452910	1175	1175	1175	1175
1399421853136481579	1175	1175	1175	1175
1399421853152383270	1175	1175	1175	1175
1399421853247246084	1175	1175	1175	1175
1399421853268189569	1175	1175	1175	1175
1399421853307218005	1175	1175	1175	1175
1399421853362167690	1175	1175	1175	1175
1399421853426280919	1175	1175	1175	1175
1399421853491153578	1175	1175	1175	1175
1399421853525438808	1175	1175	1175	1175
1399421853586335105	1175	1175	1175	1175
1399421853603250476	1175	1175	1175	1175
1399421853710177882	1175	1175	1175	1175
1399421853726137127	1175	1175	1175	1175
1399421853743141461	1175	1175	1175	1175
1399421853760155254	1175	1175	1175	1175
1399421853858243494	1175	1175	1175	1175
1399421853875169193	1175	1175	1175	1175
1399421853920228860	1175	1175	1175	1175
1399421853937219696	1175	1175	1175	1175
1399421853972079951	1175	1175	1175	1175
1399421853988043402	1175	1175	1175	1175
1399421854049049305	1175	1175	1175	1175
1399421854138952305	1175	1175	1175	1175
1399421854178007032	1175	1175	1175	1175
1399421854194959489	1175	1175	1175	1175
1399421854217003106	1175	1175	1175	1175
1399421854233965454	1175	1175	1175	1175
1399421854278959913	1175	1175	1175	1175
1399421854393867908	1175	1175	1175	1175
1399421854410860594	1175	1175	1175	1175
1399421854436869117	1175	1175	1175	1175
1399421854480858724	1175	1175	1175	1175
1399421854543764312	1175	1175	1175	1175
1399421854562764051	1175	1175	1175	1175
1399421854602760100	1175	1175	1175	1175
1399421854637676665	1175	1175	1175	1175
1399421854696732609	1175	1175	1175	1175
1399421854733669629	1175	1175	1175	1175
1399421854773664867	1175	1175	1175	1175
1399421854815708617	1175	1175	1175	1175
1399421854832680435	1175	1175	1175	1175
1399421854895614490	1175	1175	1175	1175
1399421854913592898	1175	1175	1175	1175
1399421855037580260	1175	1175	1175	1175
1399421855070627019	1175	1175	1175	1175
1399421855089600174	1175	1175	1175	1175
1399421855131596629	1175	1175	1175	1175
1399421855223504249	1175	1175	1175	1175
1399421855270459622	1175	1175	1175	1175
1399421855286475645	1175	1175	1175	1175
1399421855303420226	1175	1175	1175	1175
1399421855350455037	1175	1175	1175	1175
1399421855372442248	1175	1175	1175	1175
1399421855447381725	1175	1175	1175	1175
1399421855463359117	1175	1175	1175	1175
1399421855480405612	1175	1175	1175	1175
1399421855538442076	1175	1175	1175	1175
1399421855574333208	1175	1175	1175	1175
1399421855599372122	1175	1175	1175	1175
1399421855693230551	1175	1175	1175	1175
1399421855709304522	1175	1175	1175	1175
1399421855749298385	1175	1175	1175	1175
1399421855766298282	1175	1175	1175	1175
1399421855788324678	1175	1175	1175	1175
1399421855880229569	1175	1175	1175	1175
1399421855908238556	1105	1105	1105	1105
1399421855958210449	1105	1105	1105	1105
1399421855989168681	1105	1105	1105	1105
1399421856073164484	1105	1105	1105	1105
1399421856117121000	1105	1105	1105	1105
1399421856134038174	1105	1105	1105	1105
1399421856162033868	1105	1105	1105	1105
1399421856197069087	1105	1105	1105	1105
1399421856282998645	1105	1105	1105	1105
1399421856329012887	1105	1105	1105	1105
1399421856344960452	1105	1105	1105	1105
1399421856380999234	1105	1105	1105	1105
1399421856430969366	1105	1105	1105	1105
1399421856446909833	1105	1105	1105	1105
1399421856490930072	1105	1105	1105	1105
1399421856539905748	1105	1105	1105	1105
1399421856590797069	1105	1105	1105	1105
1399421856607764739	1105	1105	1105	1105
1399421856628761442	1105	1105	1105	1105
1399421856696780693	1105	1105	1105	1105
1399421856750722358	1105	1105	1105	1105
1399421856770645377	1105	1105	1105	1105
1399421856812696977	1105	1105	1105	1105
1399421856907663469	1105	1105	1105	1105
1399421856923610479	1105	1105	1105	1105
1399421856943455870	1105	1105	1105	1105
1399421856985614678	1105	1105	1105	1105
1399421857002735628	1105	1105	1105	1105
1399421857042471081	1105	1105	1105	1105
1399421862101388794	1175	1175	1175	1175
1399421862117410081	1175	1175	1175	1175
1399421862157413467	1175	1175	1175	1175
1399421862185410462	1175	1175	1175	1175
1399421862269427982	1175	1175	1175	1175
1399421862292390190	1175	1175	1175	1175
1399421862317424133	1175	1175	1175	1175
1399421862383397586	1175	1175	1175	1175
1399421862399239034	1175	1175	1175	1175
1399421862481244537	1175	1175	1175	1175
1399421862497217827	1175	1175	1175	1175
1399421862554244118	1175	1175	1175	1175
1399421862616157415	1175	1175	1175	1175
1399421862632097204	1175	1175	1175	1175
1399421862649216513	1175	1175	1175	1175
1399421862704175470	1175	1175	1175	1175
1399421862714189363	1175	1175	1175	1175
1399421862768137974	1175	1175	1175	1175
1399421862788083561	1175	1175	1175	1175
1399421862870131720	1175	1175	1175	1175
1399421862956028566	1175	1175	1175	1175
1399421862972913089	1175	1175	1175	1175
1399421862996001370	1175	1175	1175	1175
1399421863013001059	1175	1175	1175	1175
1399421863039852901	1175	1175	1175	1175
1399421863080898381	1175	1175	1175	1175
1399421863166822868	1175	1175	1175	1175
1399421863182924381	1175	1175	1175	1175
1399421863200873117	1175	1175	1175	1175
1399421863229884471	1175	1175	1175	1175
1399421863293870607	1175	1175	1175	1175
1399421863351787251	1175	1175	1175	1175
1399421863415716803	1175	1175	1175	1175
1399421863432824107	1175	1175	1175	1175
1399421863452785703	1175	1175	1175	1175
1399421863477654891	1175	1175	1175	1175
1399421863558723344	1175	1175	1175	1175
1399421863600549207	1175	1175	1175	1175
1399421863617683314	1175	1175	1175	1175
1399421863634526331	1175	1175	1175	1175
1399421863666593894	1175	1175	1175	1175
1399421863706539803	1175	1175	1175	1175
1399421863790511297	1175	1175	1175	1175
1399421863806629245	1175	1175	1175	1175
1399421863833566946	1175	1175	1175	1175
1399421863921527174	1175	1175	1175	1175
1399421863983503890	1175	1175	1175	1175
1399421864000293927	1175	1175	1175	1175
1399421864048276036	1175	1175	1175	1175
1399421864065313880	1175	1175	1175	1175
1399421864139458816	1175	1175	1175	1175
1399421864157463449	1175	1175	1175	1175
1399421864269385738	1175	1175	1175	1175
1399421864285400495	1175	1175	1175	1175
1399421864303374165	1175	1175	1175	1175
1399421864320346314	1175	1175	1175	1175
1399421864396186892	1175	1175	1175	1175
1399421864413198625	1175	1175	1175	1175
1399421864459157650	1175	1175	1175	1175
1399421864475044606	1175	1175	1175	1175
1399421864508059809	1175	1175	1175	1175
1399421864545104560	1175	1175	1175	1175
1399421864600283114	1175	1175	1175	1175
1399421864695146592	1175	1175	1175	1175
1399421864722201513	1175	1175	1175	1175
1399421864761199783	1175	1175	1175	1175
1399421864823177838	1175	1175	1175	1175
1399421864838966862	1175	1175	1175	1175
1399421864899964127	1175	1175	1175	1175
1399421864917083597	1175	1175	1175	1175
1399421864976019575	1175	1175	1175	1175
1399421864994030957	1175	1175	1175	1175
1399421865074033122	1175	1175	1175	1175
1399421865163908687	1175	1175	1175	1175
1399421865179757078	1175	1175	1175	1175
1399421865241943723	1175	1175	1175	1175
1399421865257921657	1175	1175	1175	1175
1399421865274898902	1175	1175	1175	1175
1399421865293882631	1175	1175	1175	1175
1399421865356859870	1175	1175	1175	1175
1399421865372852804	1175	1175	1175	1175
1399421865389857625	1175	1175	1175	1175
1399421865458802042	1175	1175	1175	1175
1399421865474763755	1175	1175	1175	1175
1399421865562641158	1175	1175	1175	1175
1399421865579622931	1175	1175	1175	1175
1399421865600589243	1175	1175	1175	1175
1399421865662606224	1175	1175	1175	1175
1399421865679556355	1175	1175	1175	1175
1399421865706587250	1175	1175	1175	1175
1399421865766484741	1175	1175	1175	1175
1399421865788496811	1175	1175	1175	1175
1399421865827487349	1175	1175	1175	1175
1399421865917690127	1175	1175	1175	1175
1399421865941816414	1175	1175	1175	1175
1399421865992693030	1175	1175	1175	1175
1399421866010624949	1175	1175	1175	1175
1399421866034624028	1175	1175	1175	1175
1399421866069620352	1175	1175	1175	1175
1399421866145497664	1175	1175	1175	1175
1399421866161425931	1175	1175	1175	1175
1399421866298248533	1175	1175	1175	1175
1399421866315342238	1175	1175	1175	1175
1399421866331406103	1175	1175	1175	1175
1399421866348404943	1175	1175	1175	1175
1399421866370424042	1175	1175	1175	1175
1399421866430356038	1175	1175	1175	1175
1399421866466480870	1175	1175	1175	1175
1399421866482484274	1175	1175	1175	1175
1399421866548377392	1175	1175	1175	1175
1399421866610334100	1175	1175	1175	1175
1399421866627251255	1175	1175	1175	1175
1399421866675207298	1175	1175	1175	1175
1399421866692615248	1175	1175	1175	1175
1399421866719233702	1175	1175	1175	1175
1399421866759099039	1175	1175	1175	1175
1399421866821085195	1175	1175	1175	1175
1399421866883084214	1175	1175	1175	1175
1399421866899193154	1175	1175	1175	1175
1399421866967094024	1175	1175	1175	1175
1399421867028921213	1175	1175	1175	1175
1399421867046080841	1175	1175	1175	1175
1399421867104923233	1175	1175	1175	1175
1399421867120901995	1175	1175	1175	1175
1399421867184017567	1175	1175	1175	1175
1399421867203188955	1175	1175	1175	1175
1399421867227995792	1175	1175	1175	1175
1399421867326928842	1175	1175	1175	1175
1399421867347972708	1175	1175	1175	1175
1399421867441831575	1175	1175	1175	1175
1399421867457792728	1175	1175	1175	1175
1399421867491793190	1175	1175	1175	1175
1399421867540774445	1175	1175	1175	1175
1399421867595860915	1175	1175	1175	1175
1399421867657790919	1175	1175	1175	1175
1399421867673802025	1175	1175	1175	1175
1399421867691544961	1175	1175	1175	1175
1399421867783740584	1175	1175	1175	1175
1399421867799609357	1175	1175	1175	1175
1399421867816663462	1175	1175	1175	1175
1399421867833669809	1175	1175	1175	1175
1399421867914726186	1175	1175	1175	1175
1399421867938635654	1175	1175	1175	1175
1399421867995477078	1175	1175	1175	1175
1399421868040646375	1175	1175	1175	1175
1399421868069648188	1175	1175	1175	1175
1399421868120664406	1175	1175	1175	1175
1399421868207479783	1175	1175	1175	1175
1399421868223392836	1175	1175	1175	1175
1399421868241421706	1175	1175	1175	1175
1399421868275416292	1175	1175	1175	1175
1399421868339532968	1175	1175	1175	1175
1399421868357599742	1175	1175	1175	1175
1399421868410551868	1175	1175	1175	1175
1399421868440493573	1175	1175	1175	1175
1399421868493468925	1175	1175	1175	1175
1399421868518417882	1175	1175	1175	1175
1399421868598362080	1175	1175	1175	1175
1399421868641373877	1175	1175	1175	1175
1399421868658386906	1175	1175	1175	1175
1399421868675426602	1175	1175	1175	1175
1399421868707288741	1175	1175	1175	1175
1399421868747304536	1175	1175	1175	1175
1399421868809370913	1175	1175	1175	1175
1399421868849311827	1175	1175	1175	1175
1399421868881323657	1175	1175	1175	1175
1399421868908477591	1175	1175	1175	1175
1399421868984388699	1175	1175	1175	1175
1399421869000367755	1175	1175	1175	1175
1399421869099213999	1175	1175	1175	1175
1399421869119171696	1175	1175	1175	1175
1399421869149170271	1175	1175	1175	1175
1399421869189185954	1175	1175	1175	1175
1399421869275148819	1175	1175	1175	1175
1399421869361048302	1175	1175	1175	1175
1399421869378058220	1175	1175	1175	1175
1399421869402105817	1175	1175	1175	1175
1399421869418084148	1175	1175	1175	1175
1399421869453055349	1175	1175	1175	1175
1399421869522390071	1175	1175	1175	1175
1399421869543015967	1175	1175	1175	1175
1399421869558951345	1175	1175	1175	1175
1399421869586032157	1175	1175	1175	1175
1399421869639988086	1175	1175	1175	1175
1399421869703940270	1175	1175	1175	1175
1399421869761885988	1175	1175	1175	1175
1399421869800849991	1175	1175	1175	1175
1399421869862862007	1175	1175	1175	1175
1399421869879812225	1175	1175	1175	1175
1399421869987786396	1175	1175	1175	1175
1399421870004752606	1175	1175	1175	1175
1399421870067839915	1175	1175	1175	1175
1399421870086886269	1175	1175	1175	1175
1399421870106816696	1175	1175	1175	1175
1399421870124731759	1175	1175	1175	1175
1399421870184553101	1175	1175	1175	1175
1399421870200826212	1175	1175	1175	1175
1399421870277746694	1175	1175	1175	1175
1399421870294720173	1175	1175	1175	1175
1399421870327636600	1175	1175	1175	1175
1399421870414696741	1175	1175	1175	1175
1399421870430623663	1175	1175	1175	1175
1399421870458675323	1175	1175	1175	1175
1399421870488578607	1175	1175	1175	1175
1399421870508475973	1175	1175	1175	1175
1399421870593524703	1175	1175	1175	1175
1399421870636482872	1175	1175	1175	1175
1399421870653501460	1175	1175	1175	1175
1399421870675422455	1175	1175	1175	1175
1399421870749424984	1175	1175	1175	1175
1399421870812341934	1175	1175	1175	1175
1399421870852348973	1175	1175	1175	1175
1399421870877357851	1175	1175	1175	1175
1399421870893392407	1175	1175	1175	1175
1399421870920402455	1175	1175	1175	1175
1399421870962538166	1175	1175	1175	1175
1399421871015326983	1175	1175	1175	1175
1399421871058316033	1175	1175	1175	1175
1399421871078101210	1175	1175	1175	1175
1399421871109316226	1175	1175	1175	1175
1399421871177523853	1175	1175	1175	1175
1399421871195187709	1175	1175	1175	1175
1399421871307017749	1175	1175	1175	1175
1399421871324011142	1175	1175	1175	1175
1399421871341980701	1175	1175	1175	1175
1399421871358029424	1175	1175	1175	1175
1399421871391934062	1175	1175	1175	1175
1399421871424988267	1175	1175	1175	1175
1399421871503156311	1175	1175	1175	1175
1399421871520059660	1175	1175	1175	1175
1399421871587956825	1175	1175	1175	1175
1399421871651406581	1175	1175	1175	1175
1399421871666890422	1175	1175	1175	1175
1399421871758769284	1175	1175	1175	1175
1399421871775761151	1175	1175	1175	1175
1399421871791770192	1175	1175	1175	1175
1399421871808819485	1175	1175	1175	1175
1399421871829782898	1175	1175	1175	1175
1399421871903740572	1175	1175	1175	1175
1399421871990732628	1175	1175	1175	1175
1399421872006679672	1175	1175	1175	1175
1399421872035667685	1175	1175	1175	1175
1399421872051558088	1175	1175	1175	1175
1399421872113697890	1175	1175	1175	1175
1399421872200594726	1175	1175	1175	1175
1399421872216582695	1175	1175	1175	1175
1399421872241733289	1175	1175	1175	1175
1399421872256543783	1175	1175	1175	1175
1399421872291608117	1175	1175	1175	1175
1399421872325775355	1175	1175	1175	1175
1399421872411687619	1175	1175	1175	1175
1399421872428687246	1175	1175	1175	1175
1399421872451736782	1175	1175	1175	1175
1399421872545591243	1175	1175	1175	1175
1399421872602584026	1175	1175	1175	1175
1399421872619575884	1175	1175	1175	1175
1399421872640568528	1175	1175	1175	1175
1399421872702661021	1175	1175	1175	1175
1399421872718494072	1175	1175	1175	1175
1399421872746410423	1175	1175	1175	1175
1399421872800506732	1175	1175	1175	1175
1399421872827482158	1175	1175	1175	1175
1399421872867458962	1175	1175	1175	1175
1399421872954481250	1175	1175	1175	1175
1399421873016451961	1175	1175	1175	1175
1399421873056355012	1175	1175	1175	1175
1399421873085375776	1175	1175	1175	1175
1399421873107387930	1175	1175	1175	1175
1399421873117323954	1175	1175	1175	1175
1399421873165430373	1175	1175	1175	1175
1399421873227397850	1175	1175	1175	1175
1399421873268279400	1175	1175	1175	1175
1399421873292202852	1175	1175	1175	1175
1399421873382146754	1175	1175	1175	1175
1399421873400128773	1175	1175	1175	1175
1399421873461089151	1175	1175	1175	1175
1399421873488077206	1175	1175	1175	1175
1399421873516054974	1175	1175	1175	1175
1399421873588062321	1175	1175	1175	1175
1399421873612012063	1175	1175	1175	1175
1399421873629046378	1175	1175	1175	1175
1399421873727040791	1175	1175	1175	1175
1399421873748071747	1175	1175	1175	1175
1399421873787058221	1175	1175	1175	1175
1399421873848933755	1175	1175	1175	1175
1399421873910907743	1175	1175	1175	1175
1399421873930886042	1175	1175	1175	1175
1399421873968875379	1175	1175	1175	1175
1399421874003801822	1175	1175	1175	1175
1399421874065734939	1175	1175	1175	1175
1399421874085771302	1175	1175	1175	1175
1399421874143768905	1175	1175	1175	1175
1399421874159745427	1175	1175	1175	1175
1399421874220701676	1175	1175	1175	1175
1399421874238817718	1175	1175	1175	1175
1399421874317767293	1175	1175	1175	1175
1399421874404543266	1175	1175	1175	1175
1399421874420625589	1175	1175	1175	1175
1399421874444600752	1175	1175	1175	1175
1399421874461487253	1175	1175	1175	1175
1399421874531637910	1175	1175	1175	1175
1399421874579580994	1175	1175	1175	1175
1399421874632567443	1175	1175	1175	1175
1399421874694476353	1175	1175	1175	1175
1399421874711435735	1175	1175	1175	1175
1399421874728098831	1175	1175	1175	1175
1399421874805493087	1175	1175	1175	1175
1399421874822443527	1175	1175	1175	1175
1399421874843453322	1175	1175	1175	1175
1399421874905321105	1175	1175	1175	1175
1399421874921381363	1175	1175	1175	1175
1399421874949373224	1175	1175	1175	1175
1399421875008419637	1175	1175	1175	1175
1399421875030412841	1175	1175	1175	1175
1399421875084408186	1175	1175	1175	1175
1399421875116284968	1175	1175	1175	1175
1399421875156340544	1175	1175	1175	1175
1399421875243364204	1175	1175	1175	1175
1399421875259299649	1175	1175	1175	1175
1399421875277197723	1175	1175	1175	1175
1399421875305327335	1175	1175	1175	1175
1399421875374334320	1175	1175	1175	1175
1399421875392281995	1175	1175	1175	1175
1399421875442406353	1175	1175	1175	1175
1399421875465284832	1175	1175	1175	1175
1399421875520270671	1175	1175	1175	1175
1399421875586131248	1175	1175	1175	1175
1399421875608307045	1175	1175	1175	1175
1399421875714340499	1175	1175	1175	1175
1399421875731154092	1175	1175	1175	1175
1399421875749046876	1175	1175	1175	1175
1399421875766118531	1175	1175	1175	1175
1399421875788160386	1175	1175	1175	1175
1399421875835088011	1175	1175	1175	1175
1399421875929922541	1175	1175	1175	1175
1399421875957945228	1175	1175	1175	1175
1399421875995912158	1175	1175	1175	1175
1399421876059464462	1175	1175	1175	1175
1399421891106186817	1175	1175	1175	1175
1399421891140186113	1175	1175	1175	1175
1399421891176141251	1175	1175	1175	1175
1399421891208176849	1175	1175	1175	1175
1399421891238987177	1175	1175	1175	1175
1399421891313080226	1175	1175	1175	1175
1399421891356006830	1175	1175	1175	1175
1399421891385000704	1175	1175	1175	1175
1399421891463977646	1175	1175	1175	1175
1399421891551898623	1175	1175	1175	1175
1399421891571931625	1175	1175	1175	1175
1399421891587909570	1175	1175	1175	1175
1399421891662916230	1175	1175	1175	1175
1399421891679844624	1175	1175	1175	1175
1399421891699837182	1175	1175	1175	1175
1399421891741730497	1175	1175	1175	1175
1399421891777852008	1175	1175	1175	1175
1399421891798845759	1175	1175	1175	1175
1399421891880723142	1175	1175	1175	1175
1399421891897748893	1175	1175	1175	1175
1399421891940695294	1175	1175	1175	1175
1399421891970666842	1175	1175	1175	1175
1399421891992717954	1175	1175	1175	1175
1399421892035584142	1175	1175	1175	1175
1399421892077559515	1175	1175	1175	1175
1399421892107566110	1175	1175	1175	1175
1399421892206485685	1175	1175	1175	1175
1399421892227452701	1175	1175	1175	1175
1399421892267465023	1175	1175	1175	1175
1399421892328402304	1175	1175	1175	1175
1399421892390435803	1175	1175	1175	1175
1399421892410484241	1175	1175	1175	1175
1399421892487466062	1175	1175	1175	1175
1399421892511298249	1175	1175	1175	1175
1399421892527297367	1175	1175	1175	1175
1399421892545280766	1175	1175	1175	1175
1399421892656226767	1175	1175	1175	1175
1399421892672251989	1175	1175	1175	1175
1399421892689275917	1175	1175	1175	1175
1399421892718365708	1175	1175	1175	1175
1399421892745252047	1175	1175	1175	1175
1399421892844084773	1175	1175	1175	1175
1399421892866148471	1175	1175	1175	1175
1399421892905074011	1175	1175	1175	1175
1399421892946121650	1175	1175	1175	1175
1399421893018098534	1175	1175	1175	1175
1399421893074045367	1175	1175	1175	1175
1399421893093980936	1175	1175	1175	1175
1399421893109980684	1175	1175	1175	1175
1399421893169025414	1175	1175	1175	1175
1399421893186956566	1175	1175	1175	1175
1399421893298941161	1175	1175	1175	1175
1399421893314917963	1175	1175	1175	1175
1399421893331908220	1175	1175	1175	1175
1399421893352911309	1175	1175	1175	1175
1399421893429040377	1175	1175	1175	1175
1399421893490976500	1175	1175	1175	1175
1399421893530937145	1175	1175	1175	1175
1399421893559910670	1175	1175	1175	1175
1399421893576871451	1175	1175	1175	1175
1399421893586820419	1175	1175	1175	1175
1399421893638794243	1175	1175	1175	1175
1399421893725875216	1175	1175	1175	1175
1399421893741895406	1175	1175	1175	1175
1399421893759808548	1175	1175	1175	1175
1399421893787860041	1175	1175	1175	1175
1399421893856659535	1175	1175	1175	1175
1399421893873640376	1175	1175	1175	1175
1399421893926656288	1175	1175	1175	1175
1399421893954643012	1175	1175	1175	1175
1399421894016632975	1175	1175	1175	1175
1399421894034704890	1175	1175	1175	1175
1399421894070674235	1175	1175	1175	1175
1399421894197545330	1175	1175	1175	1175
1399421894213469581	1175	1175	1175	1175
1399421894231534443	1175	1175	1175	1175
1399421894248532824	1175	1175	1175	1175
1399421894264493150	1175	1175	1175	1175
1399421894319476588	1175	1175	1175	1175
1399421894413421416	1175	1175	1175	1175
1399421894447427172	1175	1175	1175	1175
1399421894484425575	1175	1175	1175	1175
1399421894505385121	1175	1175	1175	1175
1399421894634329618	1175	1175	1175	1175
1399421894652317426	1175	1175	1175	1175
1399421894669319114	1175	1175	1175	1175
1399421894707278418	1175	1175	1175	1175
1399421894796248370	1175	1175	1175	1175
1399421894882260280	1175	1175	1175	1175
1399421894898198736	1175	1175	1175	1175
1399421894922195125	1175	1175	1175	1175
1399421894938366978	1175	1175	1175	1175
1399421895088224745	1175	1175	1175	1175
1399421895104131517	1175	1175	1175	1175
1399421895126093033	1175	1175	1175	1175
1399421895146060460	1175	1175	1175	1175
1399421895162080923	1175	1175	1175	1175
1399421895225110196	1175	1175	1175	1175
1399421895289098786	1175	1175	1175	1175
1399421895323209238	1175	1175	1175	1175
1399421895385201451	1175	1175	1175	1175
1399421895401122205	1175	1175	1175	1175
1399421895509088446	1175	1175	1175	1175
1399421895525092114	1175	1175	1175	1175
1399421895552119656	1175	1175	1175	1175
1399421895569066923	1175	1175	1175	1175
1399421895598087745	1175	1175	1175	1175
1399421895636981359	1175	1175	1175	1175
1399421895723914094	1175	1175	1175	1175
1399421895739839627	1175	1175	1175	1175
1399421895757821499	1175	1175	1175	1175
1399421895785784372	1175	1175	1175	1175
1399421895854738437	1175	1175	1175	1175
1399421895908810267	1175	1175	1175	1175
1399421895972708714	1175	1175	1175	1175
1399421895989123836	1175	1175	1175	1175
1399421896009675222	1175	1175	1175	1175
1399421896034769477	1175	1175	1175	1175
1399421896069660276	1175	1175	1175	1175
1399421896174692783	1175	1175	1175	1175
1399421896194658770	1175	1175	1175	1175
1399421896211626365	1175	1175	1175	1175
1399421896267033353	1175	1175	1175	1175
1399421896329515624	1175	1175	1175	1175
1399421896369564998	1175	1175	1175	1175
1399421896394561607	1175	1175	1175	1175
1399421896410442391	1175	1175	1175	1175
1399421896437539211	1175	1175	1175	1175
1399421896477516742	1175	1175	1175	1175
1399421896539428754	1175	1175	1175	1175
1399421896580514292	1175	1175	1175	1175
1399421896609552740	1175	1175	1175	1175
1399421896626452946	1175	1175	1175	1175
1399421896687420453	1175	1175	1175	1175
1399421896750353275	1175	1175	1175	1175
1399421896793344425	1175	1175	1175	1175
1399421896855360672	1175	1175	1175	1175
1399421896871326001	1175	1175	1175	1175
1399421896888308055	1175	1175	1175	1175
1399421896955298045	1175	1175	1175	1175
1399421896971283915	1175	1175	1175	1175
1399421897017255614	1175	1175	1175	1175
1399421897034160876	1175	1175	1175	1175
1399421897113219691	1175	1175	1175	1175
1399421897137171174	1175	1175	1175	1175
1399421897159203259	1175	1175	1175	1175
1399421897253158978	1175	1175	1175	1175
1399421897279255144	1175	1175	1175	1175
1399421897319129165	1175	1175	1175	1175
1399421897381198029	1175	1175	1175	1175
1399421897397172156	1175	1175	1175	1175
1399421897456071526	1175	1175	1175	1175
1399421897473082638	1175	1175	1175	1175
1399421897535056526	1175	1175	1175	1175
1399421897551977000	1175	1175	1175	1175
1399421897634954587	1175	1175	1175	1175
1399421897698891510	1175	1175	1175	1175
1399421897714912871	1175	1175	1175	1175
1399421897759906203	1175	1175	1175	1175
1399421897786960999	1175	1175	1175	1175
1399421897859996509	1175	1175	1175	1175
1399421897907966472	1175	1175	1175	1175
1399421897923950886	1175	1175	1175	1175
1399421897946868350	1175	1175	1175	1175
1399421897993774593	1175	1175	1175	1175
1399421898057703950	1175	1175	1175	1175
1399421898117735648	1175	1175	1175	1175
1399421898133860229	1175	1175	1175	1175
1399421898157719710	1175	1175	1175	1175
1399421898210716010	1175	1175	1175	1175
1399421898235626565	1175	1175	1175	1175
1399421898315641250	1175	1175	1175	1175
1399421898357611619	1175	1175	1175	1175
1399421898374597293	1175	1175	1175	1175
1399421898392561600	1175	1175	1175	1175
1399421898470568026	1175	1175	1175	1175
1399421898532537328	1175	1175	1175	1175
1399421898572511257	1175	1175	1175	1175
1399421898601489308	1175	1175	1175	1175
1399421898618589333	1175	1175	1175	1175
1399421898628605094	1175	1175	1175	1175
1399421898680592725	1175	1175	1175	1175
1399421898742575429	1175	1175	1175	1175
1399421898783630443	1175	1175	1175	1175
1399421898807628706	1175	1175	1175	1175
1399421898898533173	1175	1175	1175	1175
1399421898916479099	1175	1175	1175	1175
1399421899028517578	1175	1175	1175	1175
1399421899044422184	1175	1175	1175	1175
1399421899062341436	1175	1175	1175	1175
1399421899082441695	1175	1175	1175	1175
1399421899156290039	1175	1175	1175	1175
1399421899173220916	1175	1175	1175	1175
1399421899218196073	1175	1175	1175	1175
1399421899235125464	1175	1175	1175	1175
1399421899310194234	1175	1175	1175	1175
1399421899373268465	1175	1175	1175	1175
1399421899389141435	1175	1175	1175	1175
1399421899484282600	1175	1175	1175	1175
1399421899500279962	1175	1175	1175	1175
1399421899517137298	1175	1175	1175	1175
1399421899533183463	1175	1175	1175	1175
1399421899553987335	1175	1175	1175	1175
1399421899632102767	1175	1175	1175	1175
1399421899680034075	1175	1175	1175	1175
1399421899711096111	1175	1175	1175	1175
1399421899756917732	1175	1175	1175	1175
1399421899784047781	1175	1175	1175	1175
1399421899883034668	1175	1175	1175	1175
1399421899904991032	1175	1175	1175	1175
1399421899943908396	1175	1175	1175	1175
1399421899984836010	1175	1175	1175	1175
1399421900053854083	1175	1175	1175	1175
1399421900113798619	1175	1175	1175	1175
1399421900129753548	1175	1175	1175	1175
1399421900155736213	1175	1175	1175	1175
1399421900207816785	1175	1175	1175	1175
1399421900227794876	1175	1175	1175	1175
1399421900338694663	1175	1175	1175	1175
1399421900355704127	1175	1175	1175	1175
1399421900371614035	1175	1175	1175	1175
1399421900393681823	1175	1175	1175	1175
1399421900468666949	1175	1175	1175	1175
1399421900531700539	1175	1175	1175	1175
1399421900571659769	1175	1175	1175	1175
1399421900596720421	1175	1175	1175	1175
1399421900612643874	1175	1175	1175	1175
1399421900639689948	1175	1175	1175	1175
1399421900682642636	1175	1175	1175	1175
1399421900761637297	1175	1175	1175	1175
1399421900778605979	1175	1175	1175	1175
1399421900841622574	1175	1175	1175	1175
1399421900857612004	1175	1175	1175	1175
1399421900891614416	1175	1175	1175	1175
1399421900953567845	1175	1175	1175	1175
1399421900993560690	1175	1175	1175	1175
1399421901018358325	1175	1175	1175	1175
1399421901068426698	1175	1175	1175	1175
1399421901087444744	1175	1175	1175	1175
1399421901131534769	1175	1175	1175	1175
1399421901241205342	1448	1435	1439	1445
1399421901257211183	1463	1421	1454	1429
1399421901291204144	1465	1416	1455	1430
1399421901369211548	1467	1418	1455	1426
1399421901385171749	1465	1414	1457	1431
1399421901486157216	1469	1423	1449	1426
1399421901503060950	1466	1413	1452	1435
1399421901519739666	1470	1420	1453	1424
1399421901587239066	1464	1417	1454	1431
1399421901604164988	1470	1417	1455	1424
1399421901806138084	1516	1465	1503	1469
1399421901822089049	1520	1465	1502	1470
1399421901839042719	1515	1470	1494	1479
1399421901935989373	1499	1484	1486	1488
1399421902006873544	1503	1478	1473	1503
1399421902022881131	1474	1510	1460	1508
1399421902038888779	1478	1495	1455	1521
1399421902113846603	1480	1490	1469	1509
1399421902155870745	1461	1507	1463	1509
1399421902231786735	1486	1482	1502	1470
1399421902248795085	1492	1476	1499	1473
1399421902264796784	1473	1492	1452	1509
1399421902338771629	1474	1494	1451	1508
1399421902354733231	1518	1454	1513	1447
1399421902452953346	1488	1480	1482	1469
1399421902470348004	1470	1500	1466	1483
1399421902539671396	1469	1497	1451	1494
1399421902555620509	1480	1478	1465	1488
1399421902572670033	1474	1481	1458	1498
1399421902673667156	1471	1480	1466	1485
1399421902689678695	1486	1461	1465	1490
1399421902759560244	1464	1483	1441	1515
1399421902776499192	1454	1492	1470	1485
1399421902792553557	1459	1484	1488	1471
1399421902833969563	1466	1474	1469	1484
1399421902890511602	1490	1457	1481	1474
1399421902906486303	1481	1474	1506	1458
1399421902984636230	1471	1482	1476	1490
1399421903001565326	1464	1489	1463	1503
1399421903102547405	1470	1481	1469	1499
1399421903118541782	1478	1469	1482	1490
1399421903189464942	1490	1459	1501	1478
1399421903205511474	1482	1469	1482	1503
1399421903225508344	1476	1478	1484	1499
1399421903300523915	1460	1491	1477	1508
1399421903395469164	1464	1489	1479	1504
1399421903412348149	1473	1484	1486	1497
1399421903428411810	1478	1478	1492	1492
1399421903502464437	1483	1474	1481	1502
1399421903518388642	1481	1481	1484	1499
1399421903620352198	1488	1471	1488	1497
1399421903637322778	1489	1474	1480	1505
1399421903653266781	1490	1478	1488	1501
1399421903722141181	1478	1486	1485	1504
1399421903738257828	1473	1488	1483	1508
1399421903755226142	1485	1481	1483	1508
1399421903853196894	1481	1485	1479	1513
1399421903869643482	1468	1496	1480	1509
1399421903939998338	1477	1487	1486	1503
1399421903957094887	1474	1489	1482	1507
1399421903973060107	1462	1502	1480	1514
1399421904073141501	1478	1488	1484	1507
1399421904142046017	1490	1476	1488	1503
1399421904159065533	1489	1481	1491	1500
1399421904175043351	1490	1484	1481	1506
1399421904250043337	1513	1464	1490	1499
1399421904266078864	1494	1479	1496	1498
1399421904367784108	1477	1494	1497	1499
1399421904387785091	1486	1482	1500	1498
1399421904403924933	1476	1495	1486	1509
1399421904473899153	1482	1490	1491	1506
1399421904490900866	1480	1488	1492	1509
1399421904587871014	1485	1481	1491	1508
1399421904603987641	1494	1477	1485	1515
1399421904674889614	1490	1482	1482	1516
1399421904691771825	1487	1485	1489	1508
1399421904707852344	1428	1538	1468	1533
1399421904781895517	1463	1507	1488	1511
1399421904823715587	1497	1476	1497	1501
1399421904894608184	1504	1470	1476	1516
1399421904910735754	1507	1473	1486	1503
1399421904927692450	1506	1472	1492	1499
1399421905000706846	1490	1490	1491	1498
1399421905041697095	1482	1497	1495	1497
1399421905112693323	1518	1463	1515	1479
1399421905128640060	1495	1490	1490	1499
1399421905145512593	1503	1480	1482	1501
1399421905220604738	1497	1488	1474	1506
1399421905236611352	1483	1504	1462	1517
1399421905333563791	1472	1510	1465	1509
1399421905349510890	1482	1499	1479	1498
1399421905421530311	1483	1498	1469	1511
1399421905440524870	1450	1532	1433	1545
1399421905460487604	1491	1491	1467	1516
1399421905559405630	1486	1503	1470	1510
1399421905575480426	1485	1510	1465	1509
1399421905646363112	1501	1499	1481	1489
1399421905662243915	1505	1501	1486	1486
1399421905679298502	1506	1510	1476	1495
1399421905753435443	1497	1522	1467	1501
1399421905848330858	1516	1507	1484	1488
1399421905865301268	1503	1518	1480	1495
1399421905881252775	1515	1506	1491	1483
1399421905922257499	1511	1516	1485	1487
1399421905939102718	1510	1515	1464	1506
1399421905983660584	1508	1513	1457	1518
1399421905999306031	1487	1529	1446	1532
1399421906070251796	1507	1503	1491	1494
1399421906087155162	1497	1511	1474	1508
1399421906183208640	1515	1500	1488	1488
1399421906200098311	1504	1508	1486	1492
1399421906216107523	1483	1523	1478	1507
1399421906288068731	1511	1499	1483	1502
1399421906389137733	1531	1486	1482	1501
1399421906405934975	1529	1496	1513	1470
1399421906421908062	1528	1497	1514	1461
1399421906495025832	1492	1531	1446	1526
1399421906535996412	1513	1502	1450	1518
1399421906606824991	1502	1508	1481	1487
1399421906737963141	1504	1523	1460	1508
1399421906805916061	1529	1496	1517	1458
1399421906831878362	1515	1525	1481	1491
1399421906847808688	1532	1520	1474	1494
1399421906947833202	1491	1554	1435	1528
1399421906964659913	1542	1505	1498	1468
1399421907034765465	1522	1526	1454	1514
1399421907051706825	1515	1529	1449	1515
1399421907150711189	1450	1578	1403	1553
1399421907169649871	1515	1523	1471	1490
1399421907242661112	1531	1501	1488	1476
1399421907259649288	1522	1516	1483	1479
1399421907355711389	1573	1454	1556	1396
1399421907372555944	1531	1516	1488	1469
1399421907388454170	1502	1540	1437	1518
1399421907460457997	1516	1524	1448	1507
1399421907477408274	1507	1524	1460	1504
1399421907575507677	1507	1509	1464	1498
1399421907591389526	1509	1507	1471	1490
1399421907663637221	1514	1503	1476	1486
1399421907679477583	1490	1526	1448	1514
1399421907695408344	1481	1531	1445	1521
1399421907769392946	1517	1491	1498	1472
1399421907811403641	1534	1469	1540	1432
1399421907881300492	1508	1498	1503	1473
1399421907898631699	1486	1520	1460	1517
1399421907914317226	1507	1503	1470	1510
1399421907988222053	1494	1515	1460	1523
1399421908028280647	1505	1501	1502	1483
1399421908100168678	1503	1503	1499	1486
1399421908116243328	1506	1500	1482	1503
1399421908133170473	1437	1560	1380	1591
1399421908211252009	1495	1514	1450	1535
1399421908228300643	1531	1473	1494	1502
1399421908325970922	1533	1472	1521	1481
1399421908342147553	1517	1494	1513	1489
1399421908413100161	1510	1506	1498	1502
1399421908430047967	1531	1486	1497	1503
1399421908446946934	1510	1506	1480	1520
1399421908542918478	1521	1498	1507	1490
1399421908559903653	1506	1510	1486	1514
1399421908630955796	1502	1508	1479	1523
1399421908646926036	1490	1514	1482	1522
1399421908663968892	1500	1502	1498	1508
1399421908737807056	1444	1550	1435	1563
1399421908797011674	1491	1508	1484	1524
1399421908813832928	1529	1472	1515	1496
1399421908833916453	1531	1472	1501	1507
1399421908849908603	1523	1481	1513	1500
1399421908866869987	1518	1486	1514	1499
1399421908966891446	1509	1497	1510	1504
1399421908982864341	1502	1504	1492	1526
1399421909053758905	1536	1462	1521	1496
1399421909069801935	1506	1491	1490	1528
1399421909086615142	1485	1515	1476	1539
1399421909126848338	1503	1490	1499	1520
1399421909189790244	1455	1529	1462	1551
1399421909262750309	1445	1535	1458	1558
1399421909279685928	1502	1474	1517	1510
1399421909295645817	1536	1443	1539	1486
1399421909394637089	1535	1446	1522	1503
1399421909411575398	1516	1476	1497	1524
1399421909481570217	1536	1462	1525	1491
1399421909497616461	1503	1503	1498	1513
1399421909514610754	1489	1519	1483	1525
1399421909588544901	1519	1489	1498	1502
1399421909629416310	1509	1501	1474	1523
1399421909700472235	1461	1544	1439	1551
1399421909716527330	1476	1534	1437	1550
1399421909733469810	1518	1495	1469	1522
1399421909807545559	1529	1485	1479	1510
1399421909902466179	1534	1482	1489	1498
1399421909918403001	1518	1505	1485	1500
1399421909935362266	1513	1515	1449	1538
1399421910009356343	1538	1483	1474	1519
1399421910025346494	1581	1433	1529	1474
1399421910042343145	1561	1455	1535	1472
1399421910142144188	1516	1511	1491	1515
1399421910159296474	1538	1494	1507	1505
1399421910230205599	1523	1508	1478	1532
1399421910246282384	1518	1509	1482	1528
1399421910266296865	1490	1539	1490	1524
1399421910367169038	1515	1517	1504	1506
1399421910436200759	1465	1555	1452	1552
1399421910453201728	1528	1501	1495	1514
1399421910469188094	1557	1467	1511	1495
1399421910543022954	1521	1513	1481	1523
1399421910560065854	1537	1503	1489	1510
1399421910661105844	1544	1501	1479	1519
1399421910678074041	1546	1500	1491	1504
1399421910693978309	1535	1518	1491	1504
1399421910763055543	1608	1423	1553	1439
1399421910779982418	1550	1499	1515	1485
1399421910876030079	1524	1528	1482	1516
1399421910892894910	1542	1499	1495	1503
1399421910908780151	1515	1523	1490	1509
1399421910980911238	1487	1548	1487	1506
1399421910996895751	1447	1581	1470	1521
1399421911013928124	1513	1531	1483	1502
1399421911111799417	1557	1484	1483	1498
1399421911181890895	1522	1522	1454	1531
1399421911198670770	1566	1477	1479	1498
1399421911214755150	1546	1506	1472	1504
1399421911287718396	1550	1505	1492	1484
1399421911330666631	1544	1518	1500	1481
1399421911401610463	1580	1471	1502	1483
1399421911423584931	1541	1523	1464	1519
1399421911439593046	1571	1482	1501	1488
1399421911512702198	1564	1487	1482	1507
1399421911529603939	1526	1532	1466	1521
1399421911619456650	1517	1535	1467	1518
1399421911635433108	1531	1517	1485	1504
1399421911652432037	1537	1503	1481	1510
1399421911720435495	1488	1542	1479	1521
1399421911736437766	1531	1501	1469	1532
1399421911834377032	1488	1535	1457	1547
1399421911851347455	1516	1507	1467	1540
1399421911867316335	1544	1476	1485	1525
1399421911939277175	1535	1492	1492	1516
1399421912033357455	1573	1444	1514	1499
1399421912050351007	1526	1505	1476	1537
1399421912066272119	1555	1459	1502	1519
1399421912141243912	1564	1443	1509	1511
1399421912183191676	1504	1508	1486	1534
1399421912259211309	1515	1496	1497	1522
1399421912281133919	1466	1541	1487	1531
1399421912380100058	1534	1478	1481	1535
1399421912397115971	1467	1540	1470	1548
1399421912466120529	1548	1462	1502	1517
1399421912483013103	1544	1477	1477	1538
1399421912581045202	1543	1487	1499	1518
1399421912597001852	1606	1402	1505	1520
1399421912613042443	1505	1524	1487	1536
1399421912685014837	1495	1528	1504	1527
1399421912778976998	1452	1555	1527	1508
1399421912794924955	1532	1486	1492	1537
1399421912811977090	1464	1541	1481	1554
1399421912885936711	1552	1452	1509	1526
1399421912928014071	1506	1502	1505	1528
1399421912998968984	1594	1410	1486	1535
1399421913014942858	1610	1394	1500	1527
1399421913031959271	1558	1455	1531	1499
1399421913114802655	1465	1553	1481	1535
1399421913130948986	1519	1504	1470	1535
1399421913217966517	1546	1470	1486	1518
1399421913234832335	1414	1586	1482	1526
1399421913311933517	1407	1585	1465	1547
1399421913328748233	1520	1486	1500	1519
1399421913396644975	1584	1409	1503	1518
1399421913412608065	1595	1398	1506	1515
1399421913432637654	1549	1465	1484	1537
1399421913448552905	1529	1489	1499	1528
1399421913537555616	1462	1549	1474	1546
1399421913639541270	1503	1503	1482	1539
1399421913655501585	1531	1477	1498	1523
1399421913671504080	1414	1581	1461	1555
1399421913745472796	1499	1514	1495	1526
1399421913762459429	1543	1470	1500	1517
1399421913859538711	1542	1476	1491	1521
1399421913875516263	1539	1486	1482	1528
1399421913892559073	1602	1400	1520	1490
1399421913963557615	1541	1479	1498	1517
1399421913979473014	1502	1517	1484	1534
1399421914077427618	1489	1525	1484	1534
1399421914094465347	1524	1476	1503	1518
1399421914170327705	1519	1474	1505	1522
1399421914187332057	1457	1535	1465	1555
1399421914203405073	1495	1497	1485	1538
1399421914277272138	1518	1473	1508	1517
1399421914317488647	1515	1479	1516	1507
1399421914389349186	1535	1454	1518	1507
1399421914405336761	1562	1425	1531	1499
1399421914422578044	1524	1473	1504	1523
1399421914495186276	1492	1507	1485	1538
1399421914590132160	1518	1480	1506	1517
1399421914607210050	1487	1510	1492	1526
1399421914623311063	1469	1528	1488	1531
1399421914697058777	1476	1518	1483	1538
1399421914714006836	1521	1462	1506	1523
1399421914729978847	1500	1487	1500	1529
1399421914828929811	1499	1490	1505	1522
1399421914845049083	1498	1496	1496	1527
1399421914915947168	1529	1474	1513	1513
1399421914932944155	1520	1482	1504	1527
1399421914948951193	1507	1495	1509	1522
1399421915047865385	1540	1457	1537	1495
1399421915063855855	1505	1492	1514	1522
1399421915134813076	1483	1517	1504	1536
1399421915151781858	1490	1509	1511	1526
1399421915168961883	1502	1502	1519	1515
1399421915248783202	1490	1514	1509	1524
1399421915347744472	1519	1489	1504	1525
1399421915364749341	1503	1511	1482	1542
1399421915380735351	1506	1508	1482	1539
1399421915449644713	1507	1505	1505	1520
1399421915466097094	1515	1500	1513	1515
1399421915563650805	1526	1492	1516	1507
1399421915579554058	1531	1490	1508	1517
1399421915596602621	1536	1479	1491	1529
1399421915668554300	1508	1508	1486	1534
1399421915685523934	1534	1482	1513	1508
1399421915701861965	1511	1507	1509	1509
1399421915800497374	1507	1509	1499	1518
1399421915870537851	1510	1506	1479	1536
1399421915887435251	1508	1508	1494	1523
1399421915903480436	1534	1482	1503	1514
1399421915977469608	1537	1473	1499	1522
1399421916019359712	1525	1485	1494	1529
1399421916088500795	1519	1489	1489	1535
1399421916105354883	1473	1531	1462	1559
1399421916121322827	1498	1496	1507	1532
1399421916195277272	1531	1458	1521	1519
1399421916212261796	1524	1461	1524	1524
1399421916307212416	1506	1477	1515	1535
1399421916324242586	1542	1437	1549	1509
1399421916343237099	1495	1488	1527	1538
1399421916413234571	1497	1482	1523	1541
1399421916430219705	1487	1487	1531	1539
1399421916526167391	1499	1476	1542	1522
1399421916543188396	1485	1496	1543	1523
1399421916615074357	1500	1487	1539	1522
1399421916632118409	1511	1482	1516	1539
1399421916648035370	1505	1497	1491	1551
1399421916722078199	1521	1489	1500	1538
1399421916764061154	1521	1496	1497	1535
1399421916839921182	1524	1499	1519	1504
1399421916856929128	1521	1500	1504	1517
1399421916872893617	1514	1505	1516	1507
1399421916949005241	1505	1514	1517	1506
1399421916965944684	1525	1491	1520	1497
1399421916981823718	1515	1500	1502	1517
1399421917050898611	1519	1491	1519	1500
1399421917067111135	1510	1500	1502	1521
1399421917084044819	1514	1497	1491	1531
1399421917180993889	1514	1488	1503	1528
1399421917197951693	1515	1481	1507	1526
1399421917267872375	1490	1507	1506	1525
1399421917284883016	1484	1514	1494	1540
1399421917300941454	1499	1499	1497	1537
1399421917376812834	1497	1501	1501	1534
1399421917392808723	1515	1487	1464	1562
1399421917408782393	1534	1473	1496	1533
1399421917479781875	1521	1494	1509	1514
1399421917495702960	1509	1507	1524	1501
1399421917512710293	1514	1505	1516	1507
1399421917610556780	1581	1435	1526	1509
1399421917626541487	1558	1466	1508	1527
1399421917697519321	1529	1506	1503	1532
1399421917714509227	1498	1536	1501	1531
1399421917730874965	1492	1544	1501	1526
1399421917830505953	1555	1488	1553	1465
1399421917900608875	1544	1504	1517	1506
1399421917916641305	1531	1518	1486	1535
1399421917933595779	1448	1580	1453	1569
1399421918006530348	1500	1533	1495	1540
1399421918023357857	1514	1509	1520	1524
1399421918124352384	1527	1494	1526	1528
1399421918140308915	1533	1483	1537	1520
1399421918157311471	1513	1502	1531	1529
1399421918226800572	1506	1513	1521	1538
1399421918242295718	1503	1511	1513	1548
1399421918337287334	1546	1462	1549	1517
1399421918354248397	1509	1499	1544	1528
1399421918370324657	1510	1496	1546	1523
1399421918447294318	1506	1496	1525	1544
1399421918464252277	1510	1489	1514	1555
1399421918480171165	1531	1470	1551	1525
1399421918577173564	1507	1488	1541	1535
1399421918648074279	1500	1491	1543	1536
1399421918664164161	1486	1509	1540	1542
1399421918680113578	1499	1499	1535	1546
1399421918722073057	1472	1527	1507	1567
1399421918767063099	1496	1508	1531	1541
1399421918783957018	1515	1498	1542	1526
1399421918799981995	1492	1522	1522	1540
1399421918880115341	1511	1524	1524	1520
1399421918982205513	1513	1538	1529	1502
1399421918998956913	1561	1500	1522	1488
1399421919014986748	1541	1531	1476	1520
1399421919083084205	1532	1542	1450	1534
1399421919124089912	1535	1535	1483	1502
1399421919196025771	1566	1474	1521	1474
1399421919211973917	1524	1524	1497	1501
1399421919229022420	1498	1548	1464	1519
1399421919333004733	1483	1556	1465	1518
1399421919405009360	1538	1500	1499	1490
1399421919420736034	1503	1535	1479	1515
1399421919438904955	1525	1510	1503	1495
1399421919534749812	1543	1496	1525	1474
1399421919550676744	1537	1505	1469	1528
1399421919621633082	1562	1474	1502	1502
1399421919638626478	1510	1525	1495	1516
1399421919736613883	1507	1516	1495	1528
1399421919752630045	1455	1551	1466	1559
1399421919823498989	1524	1476	1535	1506
1399421919839542834	1497	1507	1525	1525
1399421919940486863	1529	1483	1538	1506
1399421919957567317	1565	1450	1561	1472
1399421919973482308	1514	1518	1478	1549
1399421920042640836	1498	1521	1498	1536
1399421920109504928	1524	1484	1471	1555
1399421920126478985	1516	1482	1518	1522
1399421920146528697	1409	1572	1411	1603
1399421920249498984	1464	1527	1495	1540
1399421920266474162	1500	1485	1540	1502
1399421920370444941	1517	1470	1550	1490
1399421920387270076	1540	1452	1558	1471
1399421920462403975	1519	1485	1498	1531
1399421920478947505	1532	1478	1502	1525
1399421920495359754	1505	1501	1492	1534
1399421920569156252	1498	1506	1508	1521
1399421920611276676	1503	1499	1515	1517
1399421920685220238	1513	1485	1518	1518
1399421920701277749	1521	1474	1507	1531
1399421920718123492	1518	1478	1498	1538
1399421920791199496	1501	1492	1499	1539
1399421920832226069	1447	1540	1451	1572
1399421920903184012	1483	1498	1517	1527
1399421920920046400	1522	1461	1546	1500
1399421920936090730	1524	1463	1542	1501
1399421921009147815	1504	1489	1520	1520
1399421921026104522	1516	1492	1549	1479
1399421921123113200	1488	1526	1513	1515
1399421921139097229	1485	1535	1492	1528
1399421921213827529	1504	1517	1506	1506
1399421921232981497	1511	1516	1499	1507
1399421921249951522	1490	1540	1473	1526
1399421921318032265	1498	1540	1460	1533
1399421921333938941	1537	1507	1496	1491
1399421921350849240	1536	1504	1491	1491
1399421921423886678	1533	1515	1495	1486
1399421921440932684	1544	1507	1509	1469
1399421921456888076	1526	1531	1497	1480
1399421921556835584	1521	1535	1485	1491
1399421921573851216	1534	1522	1490	1486
1399421921644749109	1552	1497	1514	1461
1399421921661798982	1529	1525	1472	1502
1399421921677642285	1502	1541	1476	1503
1399421921775779450	1513	1523	1472	1513
1399421921791751198	1527	1498	1481	1510
1399421921862689527	1511	1507	1460	1536
1399421921878650714	1523	1489	1489	1515
1399421921895687794	1527	1487	1463	1537
1399421921936706259	1516	1499	1492	1509
1399421921977539433	1499	1514	1500	1504
1399421921993670893	1498	1515	1492	1511
1399421922067611739	1522	1490	1511	1492
1399421922084554139	1503	1509	1487	1517
1399421922100595803	1501	1516	1468	1531
1399421922199561254	1503	1511	1469	1528
1399421922219504816	1508	1506	1489	1508
1399421922292501509	1506	1508	1534	1467
1399421922308505422	1507	1507	1501	1501
1399421922325400671	1503	1511	1443	1553
1399421922398532347	1516	1499	1455	1543
1399421922494363673	1518	1490	1487	1521
1399421922511436889	1515	1491	1486	1524
1399421922527363309	1503	1499	1505	1509
1399421922601302284	1500	1500	1500	1517
1399421922617216016	1500	1504	1487	1529
1399421922719236834	1490	1516	1476	1537
1399421922736240206	1505	1505	1517	1502
1399421922752220645	1519	1494	1508	1508
1399421922821238264	1523	1491	1503	1511
1399421922838189667	1515	1504	1507	1503
1399421922854200010	1516	1503	1501	1509
1399421922955041131	1510	1506	1498	1519
1399421922971063899	1507	1507	1492	1526
1399421923039149455	1510	1500	1496	1527
1399421923056098118	1508	1496	1507	1522
1399421923072083737	1500	1500	1524	1509
1399421923169985339	1498	1500	1536	1498
1399421923241013544	1510	1496	1524	1511
1399421923257013550	1510	1502	1516	1518
1399421923275971093	1505	1509	1509	1522
1399421923348071330	1509	1509	1509	1514
1399421923364038143	1516	1509	1494	1519
1399421923460997672	1522	1511	1492	1511
1399421923477817170	1520	1520	1495	1503
1399421923493873969	1522	1522	1492	1501
1399421923566783719	1526	1524	1488	1499
1399421923583677066	1529	1527	1489	1491
1399421923680784221	1528	1531	1480	1499
1399421923696796669	1528	1528	1469	1511
1399421923713631380	1531	1524	1494	1489
1399421923785593636	1518	1537	1502	1483
1399421923801548291	1516	1539	1501	1484
1399421923818669614	1531	1525	1488	1497
1399421923920605412	1535	1523	1509	1482
1399421923986542424	1523	1533	1491	1502
1399421924003489503	1514	1539	1484	1511
1399421924019626160	1515	1536	1496	1506
1399421924130547136	1518	1535	1490	1514
1399421924207482312	1531	1531	1506	1487
1399421924223439539	1547	1522	1486	1511
1399421924240537955	1549	1520	1503	1495
1399421924314481073	1536	1536	1506	1494
1399421924357444256	1534	1534	1497	1497
1399421924431380946	1526	1539	1494	1502
1399421924448563512	1534	1535	1507	1497
1399421924521400758	1539	1526	1501	1507
1399421924537370943	1534	1531	1489	1517
1399421924639483788	1529	1535	1501	1505
1399421924656261519	1535	1527	1497	1511
1399421924672266380	1531	1522	1492	1518
1399421924742278492	1521	1523	1485	1529
1399421924759238234	1519	1519	1510	1510
1399421924776124799	1490	1537	1506	1519
1399421924876065131	1510	1519	1508	1517
1399421924893013924	1534	1495	1495	1531
1399421924961193520	1539	1486	1498	1529
1399421924977154728	1527	1498	1510	1519
1399421924994157327	1516	1511	1522	1505
1399421925092123311	1514	1514	1510	1517
1399421925161957234	1506	1521	1497	1531
1399421925178898533	1537	1488	1513	1515
1399421925195389728	1535	1490	1501	1526
1399421925269100608	1523	1504	1504	1523
1399421925285016401	1514	1514	1520	1507
1399421925382117853	1506	1523	1517	1508
1399421925399047088	1508	1517	1500	1521
1399421925415068641	1516	1509	1494	1523
1399421925492039893	1520	1505	1501	1516
1399421925510953448	1518	1503	1499	1518
1399421925574881192	1486	1534	1489	1531
1399421925606927190	1503	1516	1500	1519
1399421925622824892	1522	1501	1510	1504
1399421925699927286	1521	1504	1504	1508
1399421925716757043	1524	1511	1488	1522
1399421925812753082	1518	1522	1490	1516
1399421925828798635	1527	1513	1518	1492
1399421925845797041	1510	1525	1498	1513
1399421925918669037	1509	1526	1496	1515
1399421925935673902	1516	1516	1503	1507
1399421926031599978	1504	1521	1507	1505
1399421926048575817	1503	1526	1501	1511
1399421926064574688	1521	1513	1491	1517
1399421926136578818	1522	1511	1486	1518
1399421926231720106	1524	1509	1487	1513
1399421926248728735	1518	1520	1492	1503
1399421926264630956	1539	1503	1509	1484
1399421926338147982	1540	1509	1495	1495
1399421926381451614	1544	1515	1498	1485
1399421926456470763	1531	1529	1478	1507
1399421926472446730	1540	1505	1492	1497
1399421926489491686	1506	1533	1489	1504
1399421926564579355	1505	1531	1494	1504
1399421926581554926	1510	1519	1504	1504
1399421926597418001	1538	1481	1505	1511
1399421926668303133	1496	1519	1492	1531
1399421926709306159	1499	1507	1508	1523
1399421926780459546	1500	1500	1520	1514
1399421926797459226	1495	1511	1515	1513
1399421926814347613	1525	1496	1513	1508
1399421926911216804	1503	1528	1488	1522
1399421926982211909	1525	1525	1489	1515
1399421926998302605	1515	1538	1478	1518
1399421927015120595	1516	1534	1483	1517
1399421927115014069	1531	1516	1497	1511
1399421927134029157	1535	1503	1517	1498
1399421927173061884	1537	1499	1552	1463
1399421927190017278	1495	1539	1490	1535
1399421927329124291	1507	1526	1487	1540
1399421927346022533	1509	1520	1487	1540
1399421927418078996	1506	1521	1494	1533
1399421927435017729	1514	1514	1514	1514
1399421927450920262	1514	1514	1517	1510
1399421927524920880	1480	1544	1478	1542
1399421927565959361	1507	1522	1498	1523
1399421927636992716	1535	1496	1511	1507
1399421927653859510	1557	1469	1526	1486
1399421927669921217	1540	1499	1501	1507
1399421927743016033	1531	1516	1516	1488
1399421927837921401	1504	1533	1502	1502
1399421927853766401	1509	1528	1498	1506
1399421927870923080	1538	1487	1503	1503
1399421927944877825	1509	1514	1495	1516
1399421927961842521	1495	1526	1490	1522
1399421927977769560	1468	1544	1473	1540
1399421928044741790	1516	1501	1501	1516
1399421928075726951	1496	1506	1513	1515
1399421928091641619	1492	1511	1520	1509
1399421928174546288	1491	1517	1508	1517
1399421928267571696	1499	1518	1489	1527
1399421928283572818	1515	1508	1485	1525
1399421928300450712	1567	1449	1545	1457
1399421928373539280	1528	1503	1515	1487
1399421928390514816	1498	1541	1495	1497
1399421928406511608	1489	1554	1469	1514
1399421928506949682	1519	1536	1466	1510
1399421928522536703	1533	1523	1469	1507
1399421928592505330	1543	1508	1481	1498
1399421928609429975	1538	1515	1489	1489
1399421928625359082	1508	1544	1479	1498
1399421928724300795	1521	1535	1482	1495
1399421928740360635	1536	1525	1491	1487
1399421928811259342	1553	1508	1499	1480
1399421928828279609	1549	1520	1492	1484
1399421928844263699	1551	1517	1503	1473
1399421928885243045	1538	1533	1490	1486
1399421928925378678	1522	1545	1469	1509
1399421928941285089	1522	1544	1461	1520
1399421929015388980	1523	1540	1470	1510
1399421929032284203	1527	1535	1487	1500
1399421929048295660	1529	1533	1501	1486
1399421929147434706	1531	1532	1505	1482
1399421929164180392	1485	1571	1445	1540
1399421929239197114	1509	1552	1465	1522
1399421929256068616	1531	1534	1492	1497
1399421929272053321	1549	1505	1535	1460
1399421929311035957	1536	1521	1516	1484
1399421929352095965	1527	1527	1499	1505
1399421929368095474	1506	1546	1486	1520
1399421929443042566	1502	1551	1472	1527
1399421929459045166	1533	1525	1480	1520
1399421929475895755	1537	1514	1496	1510
1399421929575051153	1532	1514	1509	1499
1399421929591040326	1528	1516	1505	1505
1399421929660918675	1501	1544	1463	1540
1399421929677921646	1508	1533	1500	1513
1399421929693899374	1519	1521	1523	1491
1399421929769029244	1529	1510	1524	1490
1399421929808934890	1536	1506	1515	1500
1399421929880071929	1549	1492	1517	1491
1399421929897015573	1522	1531	1486	1520
1399421929912867153	1519	1533	1505	1497
1399421929985966055	1497	1550	1489	1513
1399421930081054341	1514	1537	1480	1522
1399421930097021670	1532	1520	1467	1526
1399421930113705855	1535	1519	1479	1513
1399421930187880067	1506	1541	1440	1547
1399421930206747022	1529	1519	1482	1511
1399421930225871262	1534	1509	1509	1488
1399421930326766035	1514	1526	1492	1501
1399421930342859088	1519	1521	1499	1495
1399421930414775562	1567	1462	1531	1466
1399421930430692010	1541	1496	1499	1499
1399421930446767915	1515	1521	1486	1516
1399421930544673989	1535	1488	1510	1489
1399421930615772400	1531	1497	1511	1495
1399421930632644623	1517	1504	1494	1519
1399421930648609310	1487	1525	1473	1534
1399421930689708732	1505	1505	1503	1503
1399421930705452619	1507	1507	1491	1510
1399421930750500976	1514	1514	1494	1508
1399421930766423922	1524	1514	1507	1484
1399421930839492676	1518	1526	1495	1495
1399421930855557674	1532	1518	1507	1480
1399421930872650099	1534	1520	1514	1473
1399421930970621736	1535	1522	1516	1467
1399421930986518719	1535	1528	1490	1490
1399421931057473512	1533	1529	1474	1508
1399421931074520852	1558	1502	1521	1466
1399421931090316517	1539	1528	1492	1492
1399421931164498776	1541	1525	1488	1497
1399421931259363131	1525	1536	1479	1508
1399421931278317697	1522	1537	1485	1500
1399421931298666211	1523	1540	1478	1511
1399421931358449657	1543	1521	1501	1486
1399421931392322328	1545	1520	1510	1474
1399421931489224822	1476	1588	1430	1554
1399421931506250126	1525	1553	1468	1519
1399421931577361472	1553	1523	1495	1495
1399421931593208513	1558	1522	1524	1476
1399421931610057727	1548	1533	1503	1503
1399421931683939082	1554	1527	1507	1501
1399421931725991800	1529	1551	1478	1532
1399421931796950438	1514	1562	1478	1534
1399421931812986280	1544	1533	1525	1489
1399421931829976494	1535	1540	1509	1509
1399421931903877646	1514	1552	1484	1535
1399421931944861195	1522	1545	1490	1531
1399421932015813662	1527	1541	1491	1529
1399421932032823641	1490	1567	1476	1542
1399421932048762362	1489	1569	1489	1533
1399421932122896333	1531	1537	1516	1507
1399421932138938433	1520	1545	1503	1511
1399421932236801768	1548	1525	1492	1514
1399421932252801316	1558	1524	1480	1522
1399421932324923212	1553	1535	1505	1497
1399421932340925812	1534	1557	1491	1510
1399421932357895190	1564	1521	1521	1489
1399421932460841927	1525	1561	1501	1509
1399421932476651815	1519	1561	1484	1528
1399421932549834336	1544	1532	1487	1521
1399421932565798244	1552	1524	1486	1520
1399421932582849025	1557	1520	1499	1505
1399421932655779758	1543	1535	1495	1511
1399421932750583520	1538	1535	1504	1508
1399421932766705217	1524	1549	1479	1531
1399421932783629616	1533	1538	1507	1507
1399421932857521738	1503	1562	1487	1527
1399421932874558164	1533	1536	1510	1506
1399421932976482004	1542	1520	1522	1505
1399421932992456936	1532	1535	1511	1520
1399421933009426572	1570	1482	1540	1495
1399421933077395052	1544	1522	1516	1520
1399421933117508189	1544	1529	1520	1516
1399421933152516362	1535	1535	1497	1532
1399421933169343500	1538	1525	1480	1547
1399421933189454749	1525	1535	1497	1534
1399421933288421844	1518	1540	1470	1548
1399421933308328576	1539	1518	1522	1503
1399421933324390665	1517	1540	1494	1523
1399421933399253557	1545	1516	1535	1486
1399421933439209293	1544	1522	1508	1515
1399421933511188407	1556	1508	1532	1488
1399421933527201409	1540	1523	1491	1538
1399421933543178516	1569	1468	1540	1502
1399421933642158592	1505	1537	1492	1547
1399421933711140438	1488	1545	1458	1572
1399421933728153295	1516	1516	1522	1522
1399421933745054714	1500	1529	1515	1531
1399421933845051943	1478	1549	1531	1513
1399421933861003563	1519	1519	1515	1527
1399421933930959890	1539	1507	1544	1496
1399421933948838596	1515	1533	1505	1537
1399421934050077031	1535	1507	1519	1525
1399421934066879984	1501	1539	1458	1572
1399421934142909748	1504	1531	1510	1529
1399421934159874344	1452	1568	1460	1569
1399421934268935406	1532	1505	1527	1506
1399421934286003777	1526	1518	1537	1492
1399421934355008417	1533	1517	1526	1503
1399421934371895854	1528	1528	1508	1519
1399421934387834892	1542	1516	1525	1489
1399421934487873087	1531	1526	1495	1524
1399421934503975816	1526	1526	1484	1537
1399421934574884662	1556	1479	1514	1520
1399421934590826564	1529	1508	1508	1529
1399421934607857441	1502	1531	1506	1531
1399421934681781920	1481	1544	1499	1540
1399421934777864009	1509	1516	1524	1518
1399421934793813912	1510	1513	1519	1517
1399421934810754201	1527	1500	1526	1505
1399421934883659244	1520	1511	1518	1509
1399421934900663206	1523	1521	1547	1463
1399421934968614973	1514	1537	1492	1514
1399421934984632520	1526	1534	1469	1528
1399421935014576694	1528	1537	1495	1497
1399421935030611209	1515	1549	1496	1498
1399421935110659063	1522	1547	1499	1490
1399421935204541605	1533	1543	1487	1496
1399421935221528833	1531	1551	1490	1492
1399421935237431493	1537	1544	1484	1505
1399421935311440674	1539	1542	1498	1487
1399421935328702371	1534	1549	1494	1494
1399421935430369999	1529	1553	1488	1499
1399421935446459895	1535	1549	1486	1499
1399421935463360484	1525	1558	1495	1490
1399421935532303418	1527	1554	1501	1486
1399421935549300095	1542	1537	1489	1502
1399421935565230733	1540	1535	1478	1518
1399421935663356740	1539	1539	1469	1524
1399421935679386713	1532	1544	1481	1515
1399421935751310519	1536	1536	1494	1506
1399421935767318735	1536	1538	1488	1514
1399421935784360734	1540	1535	1503	1497
1399421935881313945	1543	1531	1508	1498
1399421935952270985	1558	1507	1505	1505
1399421935968202654	1562	1503	1507	1507
1399421935985196741	1549	1516	1526	1492
1399421936059114432	1536	1533	1513	1508
1399421936075179937	1535	1528	1514	1514
1399421936177044217	1538	1517	1523	1513
1399421936193951450	1536	1513	1521	1521
1399421936212932191	1517	1531	1521	1523
1399421936283921577	1494	1553	1495	1545
1399421936299920790	1511	1539	1522	1522
1399421936397981348	1527	1523	1544	1499
1399421936413909448	1529	1529	1531	1516
1399421936484888911	1549	1514	1528	1514
1399421936501884740	1546	1521	1535	1506
1399421936517797299	1546	1525	1527	1510
1399421936591818726	1539	1535	1515	1521
1399421936633998738	1545	1524	1517	1523
1399421936704830384	1532	1534	1518	1528
1399421936720957923	1554	1491	1534	1522
1399421936737889915	1541	1498	1532	1534
1399421936810805188	1518	1518	1535	1535
1399421936851638139	1485	1535	1526	1542
1399421936922801725	1483	1535	1529	1541
1399421936938770301	1516	1497	1544	1531
1399421936955724775	1507	1503	1539	1539
1399421937029585507	1523	1489	1539	1537
1399421937046715794	1510	1506	1540	1533
1399421937143796998	1474	1326	1504	1360
1399421937159581842	1429	1374	1447	1415
1399421937230716875	1397	1402	1408	1442
1399421937247659843	1365	1428	1387	1457
1399421937265862718	1346	1439	1384	1464
1399421937363648489	1329	1436	1398	1443
1399421937380651482	1322	1432	1422	1430
1399421937449428145	1329	1415	1442	1408
1399421937466677455	1343	1398	1443	1400
1399421937483600489	1358	1388	1429	1410
1399421937557585201	1371	1371	1417	1409
1399421940594863921	1391	1351	1411	1415
1399421940594943368	1400	1341	1402	1425
1399421940595020249	1391	1340	1403	1413
1399421940595060029	1383	1353	1405	1407
1399421940595094540	1367	1367	1389	1408
1399421940595138183	1352	1390	1374	1414
1399421940595172654	1340	1406	1369	1415
1399421940595206093	1337	1415	1367	1411
1399421940595238978	1505	1243	1590	1211
1399421940595273015	1211	1473	1349	1621
1399421940595306778	1175	1175	1175	1175
1399421940595349258	1175	1175	1175	1175
1399421940595383191	1175	1175	1175	1175
1399421940595416183	1175	1175	1175	1175
1399421940595449057	1175	1175	1175	1175
1399421940595482339	1175	1175	1175	1175
1399421940595523693	1175	1175	1175	1175
1399421940595557162	1175	1175	1175	1175
1399421940595590571	1175	1175	1175	1175
1399421940595630505	1175	1175	1175	1175
1399421940595664438	1175	1175	1175	1175
1399421940595698352	1175	1175	1175	1175
1399421940595739846	1175	1175	1175	1175
1399421940595773245	1175	1175	1175	1175
1399421940595806694	1175	1175	1175	1175
1399421940595843427	1175	1175	1175	1175
1399421940595893006	1175	1175	1175	1175
1399421940595935443	1175	1175	1175	1175
1399421940595969079	1175	1175	1175	1175
1399421940596002341	1175	1175	1175	1175
1399421940596035643	1175	1175	1175	1175
1399421940596084537	1175	1175	1175	1175
1399421940596119052	1175	1175	1175	1175
1399421940596161331	1175	1175	1175	1175
1399421940596194446	1175	1175	1175	1175
1399421940596228046	1175	1175	1175	1175
1399421940596260442	1175	1175	1175	1175
1399421940596294029	1175	1175	1175	1175
1399421940596334894	1175	1175	1175	1175
1399421940596367635	1175	1175	1175	1175
1399421940596400396	1175	1175	1175	1175
1399421940596433612	1175	1175	1175	1175
1399421940596466640	1175	1175	1175	1175
1399421940596505331	1175	1175	1175	1175
1399421940596575637	1175	1175	1175	1175
1399421940596610111	1175	1175	1175	1175
1399421940596642839	1175	1175	1175	1175
1399421940596675844	1175	1175	1175	1175
1399421940596709443	1175	1175	1175	1175
1399421940596751455	1175	1175	1175	1175
1399421940596785462	1175	1175	1175	1175
1399421940596818434	1175	1175	1175	1175
1399421940596870645	1175	1175	1175	1175
1399421940596908417	1175	1175	1175	1175
1399421940596942268	1175	1175	1175	1175
1399421940597004996	1175	1175	1175	1175
1399421940597040687	1175	1175	1175	1175
1399421940597073759	1175	1175	1175	1175
1399421940597106353	1105	1105	1105	1105
1399421940597147843	1105	1105	1105	1105
1399421940597181102	1105	1105	1105	1105
1399421940597214578	1105	1105	1105	1105
1399421940597247646	1105	1105	1105	1105
1399421940597280765	1105	1105	1105	1105
1399421940597313813	1105	1105	1105	1105
1399421940597355400	1105	1105	1105	1105
1399421940597388987	1105	1105	1105	1105
1399421940597423040	1105	1105	1105	1105
