#Time	 SERVO_1	 SERVO_2	 SERVO_3	 SERVO_4
1399090796605552195	1175	1175	1175	1175
1399090796616531822	1175	1175	1175	1175
1399090796643499473	1175	1175	1175	1175
1399090796771259835	1175	1175	1175	1175
1399090796787300206	1175	1175	1175	1175
1399090796797297767	1175	1175	1175	1175
1399090796813365294	1175	1175	1175	1175
1399090796856303424	1175	1175	1175	1175
1399090796943250209	1175	1175	1175	1175
1399090796979053665	1175	1175	1175	1175
1399090796989090598	1175	1175	1175	1175
1399090797042083730	1175	1175	1175	1175
1399090797096002112	1175	1175	1175	1175
1399090797105929321	1175	1175	1175	1175
1399090797212984128	1175	1175	1175	1175
1399090797223961860	1175	1175	1175	1175
1399090797233906738	1175	1175	1175	1175
1399090797254886079	1175	1175	1175	1175
1399090797300895237	1175	1175	1175	1175
1399090797362793189	1175	1175	1175	1175
1399090797398804809	1175	1175	1175	1175
1399090797409735148	1175	1175	1175	1175
1399090797472373656	1175	1175	1175	1175
1399090797491669132	1175	1175	1175	1175
1399090797569712026	1175	1175	1175	1175
1399090797613629552	1175	1175	1175	1175
1399090797670578402	1175	1175	1175	1175
1399090797719512059	1175	1175	1175	1175
1399090797779508850	1175	1175	1175	1175
1399090797796538534	1175	1175	1175	1175
1399090797880523825	1175	1175	1175	1175
1399090797934432890	1175	1175	1175	1175
1399090797944397684	1175	1175	1175	1175
1399090797984406511	1175	1175	1175	1175
1399090798066753648	1175	1175	1175	1175
1399090798076279262	1175	1175	1175	1175
1399090798087252690	1175	1175	1175	1175
1399090798138268132	1175	1175	1175	1175
1399090798195204593	1175	1175	1175	1175
1399090798250230592	1175	1175	1175	1175
1399090798286186366	1175	1175	1175	1175
1399090798303177002	1175	1175	1175	1175
1399090798319085793	1175	1175	1175	1175
1399090798405085167	1175	1175	1175	1175
1399090798460046732	1175	1175	1175	1175
1399090798496071780	1175	1175	1175	1175
1399090798505994005	1175	1175	1175	1175
1399090798532319381	1175	1175	1175	1175
1399090798563890894	1175	1175	1175	1175
1399090798614017706	1175	1175	1175	1175
1399090798663944717	1175	1175	1175	1175
1399090798753001030	1175	1175	1175	1175
1399090798762922435	1175	1175	1175	1175
1399090798774085088	1175	1175	1175	1175
1399090798826929833	1175	1175	1175	1175
1399090798842919500	1175	1175	1175	1175
1399090798960705989	1175	1175	1175	1175
1399090798971659272	1175	1175	1175	1175
1399090798981620535	1175	1175	1175	1175
1399090799033676044	1175	1175	1175	1175
1399090799082622647	1175	1175	1175	1175
1399090799145608957	1175	1175	1175	1175
1399090799180499435	1175	1175	1175	1175
1399090799191501985	1175	1175	1175	1175
1399090799244576520	1175	1175	1175	1175
1399090799298390261	1175	1175	1175	1175
1399090799308551488	1175	1175	1175	1175
1399090799380429079	1175	1175	1175	1175
1399090799390448739	1175	1175	1175	1175
1399090799402426457	1175	1175	1175	1175
1399090799453488774	1175	1175	1175	1175
1399090799502358363	1175	1175	1175	1175
1399090799561386035	1175	1175	1175	1175
1399090799605205820	1175	1175	1175	1175
1399090799615203018	1175	1175	1175	1175
1399090799673294317	1175	1175	1175	1175
1399090799692218878	1175	1175	1175	1175
1399090799771439657	1175	1175	1175	1175
1399090799815150818	1175	1175	1175	1175
1399090799871968090	1175	1175	1175	1175
1399090799920907330	1175	1175	1175	1175
1399090799982900058	1175	1175	1175	1175
1399090799992855983	1175	1175	1175	1175
1399090800027821306	1175	1175	1175	1175
1399090800082830363	1175	1175	1175	1175
1399090800136731107	1175	1175	1175	1175
1399090800147661889	1175	1175	1175	1175
1399090800161762653	1175	1175	1175	1175
1399090800253695487	1175	1175	1175	1175
1399090800264626194	1175	1175	1175	1175
1399090800294705016	1175	1175	1175	1175
1399090800340587973	1175	1175	1175	1175
1399090800397584807	1175	1175	1175	1175
1399090800452509317	1175	1175	1175	1175
1399090800488504676	1175	1175	1175	1175
1399090800502501258	1175	1175	1175	1175
1399090800554554274	1175	1175	1175	1175
1399090800613484558	1175	1175	1175	1175
1399090800624429631	1175	1175	1175	1175
1399090800686259496	1175	1175	1175	1175
1399090800696389526	1175	1175	1175	1175
1399090800774999193	1175	1175	1175	1175
1399090800784327067	1175	1175	1175	1175
1399090800822399705	1175	1175	1175	1175
1399090800874310462	1175	1175	1175	1175
1399090800908298794	1175	1175	1175	1175
1399090800930290579	1175	1175	1175	1175
1399090800985118788	1175	1175	1175	1175
1399090801032269205	1175	1175	1175	1175
1399090801081200041	1175	1175	1175	1175
1399090801171271741	1175	1175	1175	1175
1399090801181073322	1175	1175	1175	1175
1399090801191094982	1175	1175	1175	1175
1399090801244034571	1175	1175	1175	1175
1399090801297125734	1175	1175	1175	1175
1399090801308002183	1175	1175	1175	1175
1399090801350972448	1175	1175	1175	1175
1399090801373020817	1175	1175	1175	1175
1399090801458060116	1175	1175	1175	1175
1399090801467813933	1175	1175	1175	1175
1399090801483005790	1175	1175	1175	1175
1399090801589882287	1175	1175	1175	1175
1399090801602883272	1175	1175	1175	1175
1399090801612883025	1175	1175	1175	1175
1399090801671714170	1175	1175	1175	1175
1399090801690710831	1175	1175	1175	1175
1399090801772683340	1175	1175	1175	1175
1399090801808779225	1175	1175	1175	1175
1399090801818593987	1175	1175	1175	1175
1399090801874753373	1175	1175	1175	1175
1399090801884603011	1175	1175	1175	1175
1399090801982574830	1175	1175	1175	1175
1399090802018541265	1175	1175	1175	1175
1399090802028539260	1175	1175	1175	1175
1399090802081440432	1175	1175	1175	1175
1399090802135489961	1175	1175	1175	1175
1399090802145476095	1175	1175	1175	1175
1399090802160445158	1175	1175	1175	1175
1399090802221465218	1175	1175	1175	1175
1399090802302317718	1175	1175	1175	1175
1399090802313308434	1175	1175	1175	1175
1399090802323431193	1175	1175	1175	1175
1399090802398289354	1175	1175	1175	1175
1399090802445227486	1175	1175	1175	1175
1399090802506267075	1175	1175	1175	1175
1399090802516152914	1175	1175	1175	1175
1399090802543434704	1175	1175	1175	1175
1399090802565287042	1175	1175	1175	1175
1399090802599067530	1175	1175	1175	1175
1399090802687018701	1175	1175	1175	1175
1399090802697972153	1175	1175	1175	1175
1399090802758114084	1175	1175	1175	1175
1399090802819963663	1175	1175	1175	1175
1399090802829862851	1175	1175	1175	1175
1399090803033762689	1175	1175	1175	1175
1399090803052799624	1175	1175	1175	1175
1399090803100812956	1175	1175	1175	1175
1399090803134753104	1175	1175	1175	1175
1399090803189717449	1175	1175	1175	1175
1399090803202658978	1175	1175	1175	1175
1399090803240665719	1175	1175	1175	1175
1399090803370652109	1175	1175	1175	1175
1399090803380578284	1175	1175	1175	1175
1399090803391616077	1175	1175	1175	1175
1399090803446519003	1175	1175	1175	1175
1399090803457505062	1175	1175	1175	1175
1399090803491487592	1175	1175	1175	1175
1399090803581452508	1175	1175	1175	1175
1399090803594461235	1175	1175	1175	1175
1399090803657339613	1175	1175	1175	1175
1399090803668322555	1175	1175	1175	1175
1399090803683350065	1175	1175	1175	1175
1399090803789319239	1175	1175	1175	1175
1399090803800298111	1175	1175	1175	1175
1399090803810300053	1175	1175	1175	1175
1399090803869195840	1175	1175	1175	1175
1399090803890198547	1175	1175	1175	1175
1399090803920155091	1175	1175	1175	1175
1399090803998189355	1175	1175	1175	1175
1399090804014192810	1175	1175	1175	1175
1399090804070153483	1175	1175	1175	1175
1399090804119010889	1175	1175	1175	1175
1399090804182068801	1175	1175	1175	1175
1399090804217987628	1175	1175	1175	1175
1399090804227954631	1175	1175	1175	1175
1399090804281973485	1175	1175	1175	1175
1399090804335927345	1175	1175	1175	1175
1399090804345895035	1175	1175	1175	1175
1399090804360922409	1175	1175	1175	1175
1399090804421856966	1175	1175	1175	1175
1399090804502792412	1175	1175	1175	1175
1399090804512773462	1175	1175	1175	1175
1399090804523802043	1175	1175	1175	1175
1399090804559758584	1175	1175	1175	1175
1399090804677619541	1175	1175	1175	1175
1399090804687654264	1175	1175	1175	1175
1399090804701620243	1175	1175	1175	1175
1399090804749717575	1175	1175	1175	1175
1399090804811528819	1175	1175	1175	1175
1399090804822702622	1175	1175	1175	1175
1399090804873712188	1175	1175	1175	1175
1399090804890658837	1175	1175	1175	1175
1399090804919599030	1175	1175	1175	1175
1399090805021526268	1175	1175	1175	1175
1399090805031624303	1175	1175	1175	1175
1399090805091518389	1175	1175	1175	1175
1399090805101469328	1175	1175	1175	1175
1399090805175492903	1175	1175	1175	1175
1399090805186370471	1175	1175	1175	1175
1399090805201332952	1175	1175	1175	1175
1399090805239289389	1175	1175	1175	1175
1399090805304344559	1175	1175	1175	1175
1399090805343255543	1175	1175	1175	1175
1399090805381294475	1175	1175	1175	1175
1399090805441279353	1175	1175	1175	1175
1399090805452235045	1175	1175	1175	1175
1399090805565183422	1175	1175	1175	1175
1399090805576148022	1175	1175	1175	1175
1399090805589132334	1175	1175	1175	1175
1399090805607001743	1175	1175	1175	1175
1399090805639992793	1175	1175	1175	1175
1399090805694980296	1175	1175	1175	1175
1399090805783966463	1175	1175	1175	1175
1399090805795015665	1175	1175	1175	1175
1399090805862057851	1175	1175	1175	1175
1399090805872238948	1175	1175	1175	1175
1399090805890846318	1175	1175	1175	1175
1399090806001751100	1175	1175	1175	1175
1399090806012727085	1175	1175	1175	1175
1399090806035710959	1175	1175	1175	1175
1399090806068696391	1175	1175	1175	1175
1399090806117663898	1175	1175	1175	1175
1399090806180666356	1175	1175	1175	1175
1399090806215625589	1175	1175	1175	1175
1399090806226640116	1175	1175	1175	1175
1399090806279617304	1175	1175	1175	1175
1399090806333449896	1175	1175	1175	1175
1399090806343629429	1175	1175	1175	1175
1399090806416590503	1175	1175	1175	1175
1399090806427802923	1175	1175	1175	1175
1399090806491635651	1175	1175	1175	1175
1399090806502553873	1175	1175	1175	1175
1399090806537508091	1175	1175	1175	1175
1399090806599422231	1175	1175	1175	1175
1399090806640537229	1175	1175	1175	1175
1399090806660445729	1175	1175	1175	1175
1399090806699374882	1175	1175	1175	1175
1399090806748355012	1175	1175	1175	1175
1399090806805380827	1175	1175	1175	1175
1399090806886325539	1175	1175	1175	1175
1399090806897186996	1175	1175	1175	1175
1399090806907099488	1175	1175	1175	1175
1399090806930117312	1175	1175	1175	1175
1399090806960062281	1175	1175	1175	1175
1399090807017053150	1175	1175	1175	1175
1399090807062995616	1175	1175	1175	1175
1399090807120156065	1175	1175	1175	1175
1399090807174085012	1175	1175	1175	1175
1399090807184103704	1175	1175	1175	1175
1399090807223909080	1175	1175	1175	1175
1399090807305861843	1175	1175	1175	1175
1399090807316801208	1175	1175	1175	1175
1399090807326754474	1175	1175	1175	1175
1399090807377756216	1175	1175	1175	1175
1399090807434729428	1175	1175	1175	1175
1399090807489683200	1175	1175	1175	1175
1399090807525656468	1175	1175	1175	1175
1399090807542637276	1175	1175	1175	1175
1399090807570641419	1175	1175	1175	1175
1399090807650579890	1175	1175	1175	1175
1399090807660931099	1175	1175	1175	1175
1399090807723460914	1175	1175	1175	1175
1399090807733474204	1175	1175	1175	1175
1399090807811401435	1175	1175	1175	1175
1399090807821421276	1175	1175	1175	1175
1399090807856426894	1175	1175	1175	1175
1399090807905485134	1175	1175	1175	1175
1399090807996337637	1175	1175	1175	1175
1399090808007317524	1175	1175	1175	1175
1399090808065249441	1175	1175	1175	1175
1399090808114480579	1175	1175	1175	1175
1399090808204181876	1175	1175	1175	1175
1399090808214125103	1175	1175	1175	1175
1399090808225390653	1175	1175	1175	1175
1399090808277152740	1175	1175	1175	1175
1399090808331159883	1175	1175	1175	1175
1399090808341080805	1175	1175	1175	1175
1399090808382096441	1175	1175	1175	1175
1399090808431092191	1175	1175	1175	1175
1399090808490018942	1175	1175	1175	1175
1399090808500983778	1175	1175	1175	1175
1399090808535971962	1175	1175	1175	1175
1399090808628005047	1175	1175	1175	1175
1399090808662722163	1175	1175	1175	1175
1399090808662798192	1175	1175	1175	1175
1399090808698234182	1175	1175	1175	1175
1399090808746927718	1175	1175	1175	1175
1399090808809949327	1175	1175	1175	1175
1399090808845837752	1175	1175	1175	1175
1399090808855736515	1175	1175	1175	1175
1399090808908724953	1175	1175	1175	1175
1399090808957812230	1175	1175	1175	1175
1399090809017795157	1175	1175	1175	1175
1399090809061786904	1175	1175	1175	1175
1399090809118582130	1175	1175	1175	1175
1399090809172694187	1175	1175	1175	1175
1399090809182617695	1175	1175	1175	1175
1399090809222643789	1175	1175	1175	1175
1399090809304516975	1175	1175	1175	1175
1399090809315457172	1175	1175	1175	1175
1399090809325558386	1175	1175	1175	1175
1399090809377535321	1175	1175	1175	1175
1399090809433508048	1175	1175	1175	1175
1399090809515371293	1175	1175	1175	1175
1399090809525432095	1175	1175	1175	1175
1399090809541419723	1175	1175	1175	1175
1399090809563316086	1175	1175	1175	1175
1399090809643277259	1175	1175	1175	1175
1399090809698227487	1175	1175	1175	1175
1399090809733176587	1175	1175	1175	1175
1399090809743095266	1175	1175	1175	1175
1399090809769122224	1175	1175	1175	1175
1399090809858083264	1175	1175	1175	1175
1399090809868036989	1175	1175	1175	1175
1399090809970046931	1175	1175	1175	1175
1399090809986858505	1175	1175	1175	1175
1399090809997894412	1175	1175	1175	1175
1399090810011888751	1175	1175	1175	1175
1399090810124801471	1175	1175	1175	1175
1399090810135970138	1175	1175	1175	1175
1399090810229784480	1462	1420	1434	1447
1399090810239804931	1458	1424	1439	1443
1399090810250759025	1458	1424	1439	1443
1399090810260757100	1457	1423	1440	1444
1399090810334742201	1458	1424	1439	1443
1399090810371818644	1458	1424	1440	1442
1399090810439779199	1458	1422	1440	1444
1399090810450819086	1455	1422	1441	1445
1399090810460804892	1462	1432	1434	1439
1399090810545666169	1452	1427	1443	1441
1399090810555534620	1458	1422	1439	1445
1399090810653442917	1460	1428	1439	1436
1399090810663444431	1508	1468	1486	1490
1399090810674454305	1509	1469	1487	1487
1399090810761048975	1510	1468	1483	1496
1399090810771675740	1513	1468	1488	1488
1399090810867408055	1507	1473	1479	1498
1399090810877667649	1513	1470	1481	1494
1399090810888387520	1500	1483	1479	1496
1399090810898443012	1498	1483	1498	1479
1399090810973285091	1496	1479	1503	1484
1399090810983221976	1485	1494	1484	1499
1399090811080265522	1494	1508	1469	1486
1399090811090295570	1469	1534	1454	1499
1399090811100227617	1491	1515	1453	1498
1399090811186503597	1488	1516	1457	1497
1399090811196178477	1481	1515	1468	1494
1399090811308147243	1472	1513	1488	1484
1399090811321095982	1472	1506	1487	1491
1399090811331095570	1490	1488	1463	1516
1399090811396106553	1483	1491	1464	1519
1399090811407097653	1484	1488	1485	1500
1399090811417004269	1484	1484	1494	1496
1399090811526030625	1488	1484	1498	1487
1399090811537029218	1486	1492	1491	1487
1399090811546913083	1468	1508	1478	1499
1399090811608978067	1477	1502	1472	1506
1399090811619875993	1481	1498	1467	1511
1399090811853819511	1489	1474	1486	1503
1399090811956725114	1491	1474	1485	1502
1399090811966661235	1483	1483	1477	1510
1399090812035627719	1482	1486	1490	1495
1399090812045601827	1477	1489	1484	1503
1399090812055642034	1497	1471	1480	1505
1399090812169548545	1502	1468	1479	1508
1399090812179485864	1472	1498	1478	1509
1399090812189495055	1467	1501	1478	1507
1399090812255615975	1485	1481	1476	1516
1399090812266493433	1479	1487	1488	1503
1399090812355396726	1478	1492	1485	1510
1399090812391344248	1478	1490	1492	1505
1399090812401346695	1483	1481	1496	1506
1399090812468369908	1481	1487	1496	1510
1399090812478223712	1483	1487	1495	1509
1399090812494336137	1470	1500	1497	1511
1399090812597221252	1474	1500	1504	1508
1399090812610176284	1468	1502	1495	1522
1399090812675997959	1480	1488	1488	1531
1399090812686151112	1482	1482	1501	1522
1399090812696043961	1479	1485	1510	1517
1399090812783361256	1464	1504	1502	1521
1399090812817954524	1477	1498	1486	1531
1399090812829036871	1490	1486	1478	1535
1399090812896120325	1494	1487	1507	1507
1399090812906072567	1485	1491	1514	1505
1399090812996852033	1488	1495	1503	1509
1399090813032857753	1481	1500	1492	1522
1399090813043799602	1482	1503	1495	1516
1399090813109890476	1499	1484	1496	1517
1399090813119821106	1492	1492	1492	1518
1399090813134805995	1487	1496	1499	1514
1399090813210675812	1481	1502	1504	1508
1399090813423520128	1486	1497	1501	1511
1399090813459505646	1500	1483	1501	1511
1399090813469590603	1496	1494	1497	1514
1399090813536494322	1495	1495	1492	1518
1399090813546454626	1490	1492	1491	1525
1399090813634531022	1497	1492	1495	1520
1399090813644489140	1496	1494	1502	1517
1399090813684477929	1491	1500	1506	1510
1399090813748387637	1497	1497	1499	1520
1399090813758366890	1501	1495	1495	1522
1399090813768431293	1500	1500	1499	1514
1399090813852373583	1502	1498	1505	1511
1399090813886392511	1491	1506	1502	1517
1399090813960321271	1484	1511	1507	1514
1399090813971320491	1490	1509	1500	1525
1399090813981264280	1488	1514	1491	1531
1399090814061262635	1487	1513	1499	1518
1399090814071240879	1490	1509	1507	1509
1399090814168304793	1497	1505	1507	1507
1399090814178062705	1500	1498	1504	1515
1399090814189116112	1501	1495	1507	1514
1399090814276091913	1510	1481	1501	1520
1399090814287020418	1507	1480	1508	1517
1399090814382924273	1505	1482	1513	1513
1399090814393992912	1501	1484	1506	1521
1399090814404022343	1501	1486	1496	1529
1399090814413819488	1490	1497	1488	1532
1399090814495912666	1471	1507	1498	1523
1399090814505888298	1472	1506	1505	1516
1399090814606813535	1486	1495	1502	1517
1399090814620683935	1492	1492	1483	1531
1399090814630769578	1495	1495	1472	1533
1399090814709707236	1486	1505	1491	1517
1399090814720773267	1485	1504	1500	1510
1399090814825613447	1488	1497	1492	1522
1399090814837648367	1488	1495	1488	1524
1399090814847559011	1484	1499	1488	1524
1399090814913640598	1474	1513	1490	1522
1399090814923326078	1489	1504	1498	1508
1399090814934641470	1506	1491	1499	1507
1399090815050582577	1514	1484	1503	1503
1399090815060575029	1504	1494	1490	1516
1399090815126413178	1495	1503	1489	1517
1399090815136381129	1489	1508	1489	1517
1399090815147423065	1499	1501	1500	1508
1399090815261422700	1501	1501	1497	1509
1399090815271382883	1499	1503	1487	1523
1399090815282301344	1497	1509	1477	1533
1399090815345302489	1494	1515	1482	1526
1399090815355222954	1498	1513	1481	1525
1399090815371269175	1502	1513	1482	1520
1399090815474251684	1510	1515	1480	1524
1399090815485159557	1525	1506	1470	1527
1399090815553206444	1526	1514	1471	1522
1399090815563171535	1519	1521	1478	1516
1399090815577166271	1517	1521	1486	1509
1399090815688080431	1527	1513	1485	1513
1399090815698030786	1535	1503	1499	1499
1399090815707884673	1544	1497	1501	1497
1399090815772959343	1523	1519	1494	1502
1399090815782913533	1508	1535	1482	1511
1399090815874864842	1514	1532	1492	1503
1399090815910913366	1514	1532	1487	1508
1399090815920828768	1507	1535	1494	1504
1399090815986756797	1513	1533	1490	1505
1399090815996835164	1526	1518	1480	1518
1399090816012770859	1533	1508	1480	1520
1399090816115670133	1529	1510	1480	1526
1399090816125847525	1519	1515	1486	1526
1399090816194732882	1509	1522	1491	1527
1399090816204770717	1521	1506	1489	1533
1399090816215615657	1534	1486	1483	1543
1399090816301529322	1525	1491	1496	1540
1399090816337622274	1509	1505	1510	1529
1399090816347572375	1498	1513	1513	1531
1399090816414527251	1491	1517	1510	1535
1399090816424548198	1489	1517	1507	1539
1399090816516556436	1519	1489	1492	1555
1399090816551504678	1521	1487	1497	1552
1399090816562456949	1496	1513	1519	1535
1399090816628376601	1482	1528	1518	1534
1399090816642239577	1485	1529	1501	1544
1399090816652200166	1497	1524	1496	1549
1399090816733275305	1507	1509	1507	1537
1399090816771146867	1520	1501	1523	1527
1399090816837306361	1520	1505	1527	1519
1399090816848313199	1516	1511	1504	1535
1399090816858204123	1508	1517	1491	1546
1399090816943474058	1496	1529	1502	1538
1399090816978081075	1503	1522	1511	1531
1399090816989125906	1513	1510	1522	1522
1399090817055952500	1518	1507	1523	1515
1399090817065968193	1514	1518	1518	1514
1399090817078882183	1496	1536	1504	1517
1399090817160870465	1500	1536	1499	1518
1399090817197874505	1514	1534	1478	1528
1399090817261035099	1523	1523	1476	1524
1399090817270974287	1527	1523	1481	1515
1399090817290945349	1516	1534	1494	1502
1399090817373848003	1516	1531	1494	1502
1399090817407807399	1526	1522	1480	1514
1399090817481652377	1532	1516	1465	1532
1399090817492637269	1527	1519	1480	1520
1399090817502639201	1507	1535	1484	1514
1399090817592647296	1505	1537	1496	1506
1399090817606697211	1503	1535	1499	1507
1399090817704686401	1515	1523	1486	1522
1399090817715628117	1528	1514	1476	1532
1399090817726088552	1526	1516	1479	1529
1399090817798568071	1513	1527	1490	1516
1399090817808678704	1506	1533	1502	1508
1399090817915519876	1513	1521	1490	1526
1399090817926482821	1519	1515	1489	1527
1399090817936553715	1524	1516	1488	1522
1399090818012526021	1516	1528	1488	1522
1399090818023405351	1507	1540	1482	1522
1399090818118455595	1518	1535	1483	1517
1399090818129345277	1526	1526	1488	1514
1399090818139365647	1526	1522	1491	1515
1399090818224359966	1531	1517	1499	1516
1399090818234394937	1526	1514	1501	1522
1399090818447239656	1517	1502	1509	1544
1399090818457168436	1508	1504	1522	1539
1399090818567079925	1499	1509	1531	1535
1399090818577101694	1490	1516	1534	1534
1399090818589965498	1501	1505	1535	1532
1399090818656047423	1515	1496	1532	1532
1399090818666079228	1514	1495	1526	1539
1399090818783940277	1505	1501	1527	1540
1399090818794930539	1511	1501	1515	1544
1399090818804974326	1514	1501	1514	1544
1399090818867884253	1507	1503	1524	1532
1399090818877850082	1508	1504	1529	1525
1399090818893825469	1507	1509	1522	1524
1399090818997836301	1495	1524	1510	1533
1399090819008741974	1490	1531	1508	1533
1399090819076765178	1500	1515	1509	1531
1399090819087803703	1507	1503	1510	1533
1399090819097784402	1515	1494	1513	1533
1399090819210732774	1503	1503	1517	1531
1399090819220711808	1496	1510	1510	1536
1399090819230571730	1497	1514	1505	1537
1399090819296608392	1501	1516	1502	1535
1399090819306621632	1503	1524	1503	1524
1399090819318525074	1509	1524	1498	1523
1399090819426988431	1511	1531	1497	1516
1399090819437462415	1517	1535	1485	1517
1399090819501519984	1524	1534	1474	1521
1399090819511506981	1529	1536	1473	1514
1399090819530801201	1529	1541	1481	1500
1399090819645413172	1533	1541	1480	1497
1399090819655274587	1531	1544	1478	1497
1399090819721345020	1531	1545	1476	1495
1399090819732233854	1531	1544	1477	1494
1399090819742181664	1524	1547	1478	1497
1399090819830124371	1520	1552	1479	1498
1399090819867093702	1527	1544	1479	1500
1399090819932126065	1532	1539	1479	1502
1399090819943114169	1533	1535	1481	1504
1399090819954054547	1529	1535	1487	1502
1399090820040161519	1520	1537	1492	1503
1399090820075159432	1508	1544	1492	1505
1399090820086152836	1511	1542	1487	1510
1399090820152151676	1513	1543	1471	1524
1399090820162144159	1529	1527	1462	1535
1399090820172002595	1539	1516	1476	1522
1399090820250067602	1540	1510	1492	1509
1399090820286023349	1534	1514	1505	1501
1399090820356003914	1535	1510	1491	1517
1399090820365926595	1528	1514	1504	1508
1399090820377106798	1533	1504	1501	1516
1399090820462902335	1548	1487	1514	1509
1399090820497799921	1528	1511	1510	1513
1399090820507859029	1516	1520	1511	1516
1399090820577630794	1517	1517	1517	1517
1399090820591728745	1528	1503	1518	1518
1399090820676754987	1528	1499	1518	1526
1399090820686769909	1525	1496	1501	1542
1399090820726549811	1511	1507	1510	1543
1399090820788502245	1511	1497	1521	1536
1399090820799520248	1516	1490	1526	1534
1399090820814496818	1514	1492	1523	1536
1399090820884607436	1509	1501	1509	1547
1399090820927528464	1503	1511	1505	1547
1399090821003529007	1501	1516	1508	1543
1399090821013519837	1506	1513	1509	1540
1399090821023513055	1513	1513	1516	1534
1399090821112442244	1515	1517	1514	1531
1399090821123439999	1517	1517	1514	1528
1399090821212315084	1516	1524	1520	1520
1399090821234415139	1523	1523	1509	1528
1399090821244467021	1524	1524	1504	1531
1399090821321292025	1525	1533	1509	1524
1399090821332224270	1532	1532	1510	1517
1399090821428190167	1529	1540	1510	1510
1399090821438274305	1534	1540	1510	1504
1399090821449265051	1536	1543	1502	1506
1399090821459152049	1536	1548	1484	1518
1399090821537861122	1547	1539	1474	1525
1399090821545978661	1548	1536	1487	1515
1399090821654170766	1543	1543	1500	1500
1399090821664082540	1540	1547	1503	1495
1399090821675051042	1542	1544	1499	1501
1399090821747924560	1542	1545	1480	1518
1399090821758022209	1540	1550	1464	1529
1399090821872783468	1540	1549	1468	1527
1399090821885761276	1534	1553	1484	1514
1399090821895711781	1535	1549	1497	1505
1399090821906747103	1537	1545	1494	1510
1399090821969719181	1538	1541	1495	1514
1399090821980668414	1538	1538	1489	1523
1399090822086786266	1528	1545	1478	1535
1399090822096772543	1532	1540	1492	1524
1399090822106650542	1535	1538	1499	1518
1399090822177705929	1535	1537	1507	1518
1399090822188252769	1532	1535	1519	1513
1399090822306573032	1524	1534	1521	1513
1399090822316600307	1523	1531	1515	1523
1399090822326579353	1526	1524	1509	1532
1399090822389601084	1538	1506	1523	1523
1399090822400518807	1537	1507	1521	1525
1399090822425506374	1529	1519	1514	1531
1399090822525531223	1525	1525	1520	1522
1399090822535471621	1523	1531	1502	1535
1399090822545272117	1522	1531	1496	1535
1399090822616485980	1525	1529	1490	1537
1399090822626389712	1527	1527	1500	1529
1399090822739324714	1538	1519	1506	1519
1399090822750279649	1543	1519	1509	1509
1399090822760265406	1547	1516	1506	1506
1399090822825279528	1549	1515	1494	1517
1399090822835215636	1551	1515	1487	1521
1399090822851191809	1549	1510	1483	1531
1399090822953229050	1549	1508	1485	1531
1399090822963062863	1544	1508	1489	1529
1399090823032083084	1547	1501	1495	1528
1399090823042429280	1546	1500	1492	1532
1399090823053071762	1538	1506	1495	1534
1399090823164948573	1544	1492	1488	1544
1399090823174931420	1520	1514	1504	1536
1399090823185955295	1502	1525	1509	1537
1399090823250956206	1508	1513	1511	1540
1399090823260878228	1516	1495	1519	1543
1399090823351962179	1535	1467	1518	1552
1399090823387874551	1529	1468	1529	1548
1399090823397811362	1506	1487	1533	1548
1399090823464872859	1482	1511	1544	1540
1399090823474857218	1494	1496	1535	1553
1399090823490839334	1499	1492	1531	1562
1399090823592884479	1514	1476	1509	1576
1399090823606691136	1513	1479	1508	1576
1399090823671542206	1489	1502	1519	1567
1399090823681506300	1484	1509	1516	1568
1399090823692549039	1478	1511	1531	1557
1399090823779488099	1498	1496	1527	1559
1399090823814620968	1517	1483	1535	1547
1399090823824567433	1525	1481	1523	1549
1399090823891526101	1521	1491	1510	1554
1399090823902429406	1517	1498	1509	1553
1399090823992466676	1488	1528	1506	1554
1399090824028415287	1503	1511	1526	1540
1399090824038440538	1539	1471	1544	1523
1399090824104484121	1542	1463	1542	1526
1399090824115416138	1518	1488	1527	1543
1399090824125258773	1500	1508	1501	1562
1399090824209343930	1501	1505	1502	1559
1399090824247281403	1511	1499	1513	1551
1399090824310269193	1521	1491	1531	1531
1399090824320273381	1514	1503	1518	1539
1399090824345231221	1509	1514	1504	1544
1399090824419165572	1501	1526	1488	1550
1399090824455081411	1509	1526	1491	1541
1399090824465098048	1519	1523	1500	1529
1399090824532124076	1519	1527	1503	1522
1399090824543137782	1518	1534	1499	1516
1399090824631015033	1525	1531	1499	1507
1399090824641773711	1522	1535	1492	1511
1399090824681869216	1522	1535	1495	1501
1399090824744859487	1523	1536	1490	1503
1399090824754909018	1535	1529	1498	1491
1399090824770853588	1531	1531	1500	1491
1399090824839818245	1528	1535	1497	1488
1399090824979516705	1529	1536	1489	1498
1399090824989593461	1524	1542	1492	1492
1399090824999620272	1527	1543	1486	1495
1399090825064660591	1538	1538	1485	1498
1399090825080607187	1540	1534	1499	1486
1399090825090686680	1542	1534	1477	1506
1399090825180633259	1548	1527	1477	1506
1399090825193672555	1548	1523	1469	1518
1399090825203620777	1540	1526	1482	1511
1399090825270545302	1548	1515	1478	1522
1399090825281332594	1541	1523	1490	1518
1399090825389539328	1539	1524	1481	1525
1399090825407520943	1535	1531	1484	1524
1399090825417318136	1524	1540	1497	1511
1399090825427346017	1529	1536	1498	1510
1399090825492276094	1540	1527	1496	1510
1399090825503439244	1551	1515	1488	1516
1399090825605130563	1553	1515	1480	1526
1399090825618300814	1543	1523	1497	1514
1399090825628260586	1542	1520	1505	1514
1399090825707310912	1540	1517	1515	1510
1399090825718172190	1540	1511	1509	1520
1399090825825175145	1549	1501	1502	1527
1399090825838218850	1536	1521	1500	1525
1399090825848038582	1528	1535	1498	1521
1399090825915107272	1536	1533	1500	1517
1399090825925142668	1542	1531	1497	1516
1399090825935059054	1549	1524	1494	1521
1399090826049037897	1551	1519	1494	1523
1399090826058962147	1551	1517	1492	1526
1399090826068931746	1549	1514	1501	1520
1399090826134910255	1548	1513	1497	1526
1399090826144885170	1548	1513	1499	1524
1399090826262838670	1545	1516	1507	1516
1399090826272849245	1549	1508	1513	1513
1399090826283744566	1550	1501	1522	1509
1399090826348799290	1549	1500	1519	1519
1399090826358680537	1536	1508	1523	1523
1399090826374715210	1525	1517	1523	1527
1399090826565614557	1514	1522	1517	1544
1399090826578544836	1509	1524	1519	1544
1399090826689609001	1504	1533	1529	1536
1399090826699617142	1518	1522	1523	1540
1399090826709559941	1529	1515	1510	1543
1399090826774460299	1529	1519	1504	1544
1399090826785492276	1527	1529	1500	1541
1399090826876321567	1520	1537	1506	1523
1399090826912226411	1531	1531	1503	1522
1399090826922452508	1546	1515	1504	1519
1399090826988349444	1548	1510	1504	1513
1399090826998215612	1543	1521	1500	1513
1399090827014358224	1539	1524	1492	1518
1399090827117238056	1534	1531	1484	1526
1399090827127208163	1531	1536	1481	1525
1399090827195206492	1540	1528	1482	1526
1399090827206245243	1548	1519	1484	1524
1399090827216150094	1551	1515	1486	1526
1399090827301981298	1541	1523	1485	1527
1399090827338016449	1534	1531	1488	1526
1399090827348133390	1537	1526	1497	1522
1399090827415106665	1539	1524	1507	1516
1399090827425034298	1540	1519	1511	1516
1399090827516939689	1541	1515	1491	1536
1399090827553012652	1544	1506	1497	1535
1399090827564004310	1528	1524	1499	1535
1399090827629788699	1528	1524	1510	1525
1399090827642808294	1528	1520	1513	1527
1399090827653769831	1533	1515	1510	1529
1399090827734715370	1544	1507	1490	1537
1399090827771763844	1541	1510	1485	1541
1399090827838786223	1536	1513	1489	1538
1399090827849687609	1538	1508	1499	1532
1399090827859700576	1540	1506	1500	1535
1399090827944699737	1533	1508	1505	1528
1399090827979594679	1524	1516	1507	1528
1399090827989680026	1524	1518	1503	1531
1399090828056539574	1537	1505	1506	1529
1399090828066611871	1543	1498	1510	1525
1399090828079441140	1549	1495	1507	1524
1399090828161389753	1539	1509	1506	1523
1399090828199525496	1522	1526	1506	1525
1399090828262450296	1514	1532	1516	1518
1399090828272450160	1507	1535	1505	1531
1399090828291269478	1516	1526	1502	1535
1399090828375437243	1524	1516	1513	1527
1399090828412344363	1534	1503	1514	1528
1399090828480249277	1527	1508	1522	1522
1399090828490249530	1524	1511	1515	1533
1399090828501244825	1531	1511	1511	1531
1399090828582289316	1514	1534	1505	1531
1399090828600254233	1524	1532	1492	1534
1399090828692173093	1533	1533	1488	1532
1399090828702125285	1538	1535	1499	1518
1399090828713088368	1534	1539	1502	1515
1399090828798137105	1523	1548	1495	1518
1399090828808042456	1523	1554	1497	1520
1399090828904994862	1528	1549	1485	1525
1399090828914937950	1540	1540	1480	1528
1399090828926007715	1552	1524	1492	1518
1399090828935984742	1553	1525	1510	1498
1399090829017792613	1538	1541	1511	1497
1399090829028044644	1535	1544	1505	1503
1399090829128852445	1532	1550	1489	1515
1399090829139821904	1540	1542	1486	1518
1399090829149775351	1553	1526	1503	1503
1399090829229588942	1544	1540	1498	1504
1399090829239655901	1540	1546	1490	1509
1399090829345725238	1544	1544	1487	1506
1399090829359727278	1553	1538	1470	1515
1399090829369559360	1545	1545	1463	1522
1399090829435680596	1546	1541	1471	1514
1399090829445721105	1541	1546	1473	1507
1399090829455668453	1531	1554	1473	1509
1399090829565552289	1535	1547	1455	1527
1399090829575496709	1532	1549	1458	1527
1399090829588565907	1531	1549	1470	1515
1399090829654515986	1537	1544	1478	1507
1399090829664450885	1549	1533	1487	1496
1399090829782395499	1553	1529	1482	1501
1399090829792383368	1559	1523	1488	1497
1399090829803492387	1551	1536	1478	1503
1399090829868499868	1540	1547	1476	1509
1399090829878452157	1537	1547	1481	1508
1399090829894417038	1554	1531	1496	1496
1399090829996297714	1562	1520	1497	1505
1399090830007294847	1555	1531	1478	1522
1399090830075295918	1544	1533	1481	1521
1399090830086271450	1532	1539	1486	1524
1399090830096228301	1535	1534	1500	1517
1399090830209108627	1540	1526	1498	1517
1399090830219299301	1538	1527	1491	1525
1399090830230040777	1540	1528	1487	1529
1399090830295884056	1538	1527	1494	1527
1399090830305899443	1524	1537	1499	1526
1399090830397018198	1511	1545	1504	1527
1399090830432989700	1516	1539	1500	1535
1399090830443014227	1522	1528	1504	1536
1399090830508983746	1517	1529	1509	1535
1399090830518939218	1508	1538	1506	1536
1399090830534835126	1497	1549	1501	1539
1399090830639883358	1509	1540	1507	1532
1399090830649744888	1517	1531	1515	1529
1399090830715833547	1510	1535	1523	1523
1399090830725754080	1525	1519	1521	1527
1399090830736581724	1529	1513	1506	1541
1399090830823572126	1531	1516	1498	1544
1399090830858798211	1526	1520	1498	1544
1399090830869864108	1497	1544	1520	1524
1399090830935630720	1510	1531	1532	1514
1399090830945583160	1528	1511	1520	1528
1399090831037521283	1536	1504	1518	1532
1399090831073548551	1520	1522	1513	1529
1399090831083478662	1504	1536	1513	1529
1399090831150442126	1523	1523	1515	1527
1399090831160442599	1518	1531	1506	1533
1399090831170790322	1513	1533	1497	1539
1399090831250713153	1511	1532	1516	1524
1399090831286489529	1515	1533	1522	1514
1399090831355408044	1516	1534	1517	1517
1399090831366405551	1523	1531	1513	1513
1399090831376343752	1524	1532	1506	1517
1399090831463285799	1518	1537	1499	1520
1399090831499187123	1529	1527	1498	1521
1399090831509238146	1525	1531	1505	1514
1399090831575243626	1529	1523	1518	1505
1399090831588210407	1535	1517	1507	1516
1399090831675155841	1547	1497	1501	1526
1399090831685161720	1540	1504	1507	1522
1399090831725081514	1531	1513	1515	1517
1399090831788139308	1531	1506	1515	1523
1399090831798109446	1518	1514	1520	1524
1399090831814154697	1525	1500	1505	1542
1399090831883013756	1511	1511	1506	1543
1399090832020998229	1511	1503	1514	1544
1399090832032128778	1506	1506	1517	1543
1399090832043341361	1498	1513	1529	1538
1399090832107173462	1503	1499	1534	1537
1399090832121867556	1499	1503	1534	1540
1399090832132856561	1494	1508	1531	1543
1399090832220626234	1499	1503	1535	1543
1399090832231796203	1503	1503	1539	1539
1399090832241743253	1507	1499	1529	1544
1399090832314774623	1508	1502	1531	1543
1399090832325726210	1500	1513	1520	1550
1399090832421686914	1480	1535	1519	1548
1399090832432598376	1487	1536	1515	1544
1399090832443559201	1509	1524	1507	1544
1399090832453513078	1525	1519	1504	1538
1399090832534599452	1526	1526	1503	1535
1399090832544619854	1531	1531	1513	1519
1399090832647529473	1518	1544	1499	1524
1399090832657478461	1529	1543	1491	1521
1399090832667389596	1542	1535	1489	1513
1399090832747400012	1544	1538	1498	1502
1399090832757373205	1548	1538	1494	1502
1399090832869301447	1549	1542	1487	1502
1399090832880311040	1553	1540	1486	1503
1399090832890355716	1553	1540	1480	1505
1399090832953212773	1561	1538	1498	1485
1399090832964318176	1554	1543	1500	1485
1399090832974273592	1552	1545	1498	1487
1399090833087172629	1561	1541	1489	1498
1399090833097237607	1556	1548	1488	1497
1399090833107163609	1555	1547	1495	1497
1399090833172130670	1558	1544	1496	1496
1399090833183083920	1557	1545	1499	1492
1399090833300046793	1553	1550	1501	1497
1399090833310947365	1548	1554	1508	1491
1399090833321022432	1546	1554	1503	1499
1399090833385921933	1548	1553	1513	1498
1399090833395944166	1548	1549	1522	1492
1399090833412103832	1548	1549	1524	1495
1399090833513757847	1550	1545	1522	1503
1399090833524780278	1557	1537	1506	1521
1399090833596889979	1553	1538	1519	1513
1399090833609802478	1549	1537	1523	1515
1399090833619721648	1548	1536	1529	1510
1399090833726705927	1548	1531	1531	1516
1399090833736745555	1542	1534	1533	1517
1399090833747597219	1539	1534	1535	1515
1399090833812657137	1528	1545	1544	1505
1399090833822601200	1536	1540	1531	1519
1399090833913516966	1539	1539	1528	1516
1399090833949546173	1539	1544	1525	1513
1399090833959559325	1538	1546	1527	1504
1399090834025437155	1535	1553	1527	1504
1399090834035439980	1538	1549	1524	1507
1399090834051404894	1540	1548	1522	1505
1399090834154428261	1547	1539	1513	1517
1399090834164470572	1549	1535	1503	1528
1399090834232329001	1545	1537	1507	1526
1399090834242376415	1541	1535	1509	1524
1399090834252381802	1542	1531	1514	1524
1399090834339187176	1554	1517	1494	1540
1399090834375287801	1545	1526	1511	1526
1399090834385004367	1539	1534	1519	1519
1399090834451991567	1544	1525	1510	1525
1399090834462477774	1549	1520	1518	1518
1399090834554103882	1540	1528	1514	1524
1399090834658972975	1529	1541	1515	1517
1399090834670003247	1540	1534	1511	1516
1399090834680977971	1539	1539	1507	1516
1399090834767140612	1525	1553	1511	1505
1399090834777102759	1537	1549	1502	1510
1399090834816834826	1541	1543	1496	1519
1399090834879911455	1538	1544	1494	1527
1399090834890905104	1532	1549	1505	1514
1399090834900905680	1536	1544	1509	1514
1399090834982064137	1526	1549	1502	1523
1399090835017714740	1531	1543	1501	1526
1399090835027806878	1532	1542	1501	1526
1399090835090770181	1535	1540	1507	1516
1399090835107770191	1536	1540	1503	1522
1399090835196723143	1538	1538	1497	1524
1399090835206651164	1539	1532	1505	1514
1399090835246705935	1544	1526	1521	1506
1399090835309494384	1540	1524	1517	1508
1399090835319643302	1522	1542	1508	1517
1399090835335607142	1519	1544	1511	1514
1399090835405580295	1520	1544	1506	1519
1399090835452542548	1523	1543	1502	1521
1399090835517488377	1535	1532	1518	1501
1399090835527360794	1528	1540	1505	1511
1399090835538510979	1514	1552	1491	1521
1399090835623503510	1515	1554	1495	1518
1399090835633272607	1517	1553	1500	1513
1399090835669312612	1515	1553	1501	1509
1399090835738497523	1529	1541	1498	1513
1399090835748507315	1539	1532	1501	1509
1399090835758287051	1540	1533	1505	1507
1399090835841288441	1542	1526	1506	1510
1399090835956203929	1545	1516	1518	1505
1399090835967235549	1538	1523	1510	1519
1399090835978030739	1531	1531	1507	1524
1399090835988339368	1526	1532	1504	1529
1399090836051195229	1539	1516	1509	1526
1399090836061066724	1526	1531	1514	1522
1399090836169123431	1534	1520	1531	1506
1399090836180073784	1522	1535	1534	1507
1399090836190055039	1521	1538	1520	1520
1399090836269943719	1531	1531	1517	1521
1399090836279820702	1540	1526	1507	1524
1399090836385938811	1546	1529	1513	1513
1399090836398868291	1541	1541	1510	1506
1399090836409912873	1535	1553	1508	1500
1399090836475939755	1529	1567	1501	1501
1399090836485849314	1548	1554	1498	1498
1399090836496843352	1565	1540	1495	1497
1399090836603802017	1570	1535	1497	1495
1399090836616998423	1568	1539	1497	1492
1399090836626671280	1549	1555	1497	1497
1399090836695727804	1551	1554	1494	1502
1399090836706681997	1547	1557	1482	1516
1399090836824522683	1558	1545	1483	1515
1399090836834646670	1550	1553	1495	1503
1399090836844600784	1545	1560	1508	1491
1399090836909570123	1548	1559	1507	1495
1399090836919527450	1542	1567	1496	1504
1399090836935506242	1540	1571	1481	1515
1399090837038294576	1541	1571	1481	1515
1399090837048378883	1549	1563	1487	1508
1399090837116308108	1545	1567	1498	1498
1399090837127282126	1551	1561	1504	1491
1399090837137253521	1546	1564	1497	1501
1399090837250303293	1553	1559	1491	1504
1399090837260229117	1559	1554	1489	1504
1399090837270225839	1563	1555	1490	1501
1399090837336164071	1561	1556	1491	1498
1399090837346172044	1561	1556	1497	1492
1399090837358140378	1568	1550	1502	1485
1399090837467087303	1563	1553	1497	1488
1399090837477249034	1569	1549	1494	1489
1399090837543701616	1567	1552	1498	1489
1399090837553899194	1562	1558	1496	1489
1399090837572086942	1562	1555	1490	1495
1399090837677874596	1555	1562	1494	1491
1399090837688954218	1541	1576	1488	1497
1399090837756947471	1541	1576	1484	1501
1399090837766910460	1535	1581	1480	1509
1399090837777852142	1540	1580	1482	1503
1399090837863896006	1548	1574	1483	1500
1399090837899848499	1561	1564	1482	1497
1399090837909776454	1554	1574	1480	1499
1399090837976787330	1556	1576	1479	1500
1399090837986748111	1565	1568	1486	1490
1399090838078626864	1561	1572	1486	1490
1399090838114654142	1556	1579	1478	1497
1399090838124688352	1552	1581	1469	1507
1399090838190587299	1556	1584	1473	1507
1399090838200506546	1553	1587	1485	1496
1399090838211517999	1555	1581	1492	1492
1399090838291553384	1552	1583	1495	1497
1399090838327464128	1545	1583	1490	1509
1399090838396461540	1539	1585	1488	1518
1399090838406454089	1537	1585	1498	1515
1399090838417889740	1534	1585	1506	1506
1399090838503418124	1540	1576	1504	1515
1399090838539240553	1548	1567	1499	1522
1399090838549214953	1549	1567	1494	1525
1399090838616386850	1553	1564	1494	1525
1399090838630338259	1555	1558	1503	1520
1399090838718077316	1552	1557	1515	1510
1399090838729205496	1549	1556	1524	1505
1399090838769140682	1553	1552	1516	1514
1399090838832181007	1552	1552	1511	1516
1399090838842267132	1547	1558	1515	1510
1399090838851968555	1560	1549	1520	1501
1399090838932204214	1553	1554	1515	1504
1399090838966037807	1541	1564	1510	1510
1399090839036969854	1540	1563	1509	1514
1399090839047174988	1539	1560	1510	1519
1399090839058002760	1542	1557	1515	1515
1399090839142882562	1542	1555	1518	1514
1399090839153031775	1553	1542	1521	1513
1399090839188949627	1555	1535	1516	1516
1399090839257895871	1545	1542	1501	1534
1399090839267708653	1542	1545	1501	1534
1399090839280767952	1528	1555	1508	1527
1399090839362796281	1531	1548	1522	1516
1399090839463752059	1532	1544	1528	1514
1399090839473723559	1529	1543	1513	1529
1399090839484771063	1535	1536	1507	1535
1399090839494624849	1534	1534	1496	1548
1399090839578599299	1522	1542	1507	1544
1399090839591634026	1514	1544	1519	1540
1399090839687633607	1510	1541	1523	1541
1399090839697474885	1513	1535	1531	1540
1399090839707382130	1527	1519	1518	1549
1399090839787534896	1523	1523	1509	1558
1399090839798457698	1521	1525	1528	1544
1399090839910392894	1519	1527	1535	1535
1399090839920383920	1508	1535	1532	1535
1399090839930392651	1515	1531	1525	1540
1399090839994383813	1535	1510	1521	1543
1399090840004351491	1538	1506	1516	1547
1399090840014403230	1524	1524	1523	1540
1399090840127140762	1519	1536	1533	1523
1399090840138121707	1513	1543	1523	1531
1399090840148245366	1516	1544	1507	1537
1399090840214251117	1528	1539	1505	1534
1399090840224168006	1528	1540	1507	1531
1399090840342253196	1521	1546	1510	1519
1399090840353098356	1536	1535	1513	1515
1399090840363080223	1535	1536	1509	1518
1399090840428030504	1534	1534	1499	1524
1399090840438028482	1531	1540	1489	1529
1399090840453886938	1519	1553	1485	1529
1399090840556045761	1529	1549	1491	1517
1399090840566963681	1542	1542	1497	1505
1399090840634943583	1547	1540	1491	1506
1399090840644948931	1550	1544	1485	1513
1399090840654914761	1549	1549	1484	1509
1399090840769515138	1548	1551	1492	1503
1399090840778714456	1552	1549	1495	1499
1399090840788815373	1551	1551	1492	1503
1399090840853827164	1549	1554	1488	1509
1399090840864765805	1540	1564	1483	1515
1399090840954681927	1542	1563	1485	1515
1399090840990484461	1542	1565	1484	1514
1399090841000695118	1550	1555	1496	1504
1399090841067596002	1566	1541	1510	1496
1399090841077679983	1571	1539	1495	1507
1399090841092389755	1560	1557	1479	1519
1399090841196944036	1566	1554	1474	1527
1399090841206302333	1570	1550	1483	1519
1399090841274531014	1573	1549	1507	1505
1399090841285683096	1567	1552	1510	1506
1399090841295410714	1579	1543	1508	1508
1399090841381384843	1591	1539	1492	1526
1399090841416322154	1581	1553	1488	1524
1399090841427236583	1581	1564	1491	1517
1399090841494223904	1574	1574	1500	1508
1399090841504255598	1570	1581	1502	1502
1399090841592068461	1579	1579	1504	1504
1399090841636073850	1579	1582	1502	1506
1399090841702121086	1580	1583	1500	1502
1399090841711867008	1581	1589	1500	1502
1399090841722904935	1573	1601	1488	1507
1399090841733138938	1571	1607	1501	1490
1399090841812971911	1584	1597	1505	1486
1399090841849931718	1600	1581	1505	1486
1399090841912923420	1590	1587	1503	1488
1399090841922845337	1580	1591	1496	1504
1399090841932923661	1567	1601	1499	1501
1399090842020816889	1579	1585	1494	1510
1399090842056779689	1581	1578	1494	1517
1399090842066732395	1566	1585	1495	1518
1399090842133795861	1558	1589	1489	1529
1399090842143758315	1549	1589	1495	1534
1399090842233725546	1540	1586	1509	1526
1399090842243651587	1553	1568	1511	1531
1399090842283741555	1559	1559	1514	1528
1399090842346610235	1544	1565	1505	1539
1399090842357612959	1539	1565	1522	1531
1399090842372563089	1539	1562	1528	1528
1399090842442591465	1549	1550	1531	1527
1399090842485512137	1550	1547	1540	1518
1399090842560504615	1544	1548	1537	1528
1399090842574308093	1538	1551	1531	1531
1399090842587414685	1535	1553	1523	1538
1399090842670377764	1540	1546	1535	1527
1399090842681383172	1532	1552	1525	1538
1399090842773323253	1535	1540	1531	1531
1399090842783318138	1535	1539	1523	1540
1399090842795316227	1537	1535	1511	1550
1399090842877224792	1521	1540	1508	1553
1399090842887256097	1504	1546	1518	1552
1399090842984465461	1508	1540	1523	1551
1399090842994201326	1513	1531	1511	1558
1399090843006166534	1527	1517	1536	1538
1399090843016199952	1535	1506	1541	1538
1399090843091917975	1524	1516	1542	1535
1399090843102180902	1522	1524	1544	1528
1399090843209067395	1522	1528	1552	1518
1399090843219978312	1506	1543	1544	1529
1399090843231018465	1500	1549	1533	1536
1399090843303918517	1520	1535	1531	1537
1399090843313951678	1524	1534	1521	1543
1399090843425898514	1524	1532	1531	1537
1399090843438811972	1513	1540	1517	1546
1399090843448847212	1521	1535	1522	1540
1399090843517237724	1533	1525	1518	1542
1399090843526711443	1534	1524	1516	1544
1399090843540921320	1528	1532	1488	1563
1399090843651708028	1529	1533	1519	1541
1399090843661696442	1522	1539	1533	1529
1399090843671726838	1516	1540	1518	1535
1399090843737640128	1525	1533	1506	1544
1399090843747589205	1521	1538	1524	1528
1399090843865601540	1519	1540	1534	1518
1399090843875536375	1520	1537	1526	1528
1399090843885806297	1515	1544	1528	1522
1399090843950531489	1506	1551	1521	1529
1399090843961270176	1516	1542	1506	1543
1399090843971434600	1529	1535	1510	1536
1399090844079240590	1528	1534	1522	1528
1399090844089353621	1527	1535	1521	1529
1399090844157337876	1517	1544	1513	1535
1399090844167266374	1523	1540	1515	1533
1399090844177296353	1523	1541	1513	1533
1399090844290276374	1528	1540	1511	1531
1399090844300235378	1528	1540	1510	1531
1399090844311166733	1531	1544	1505	1531
1399090844376118401	1534	1549	1500	1529
1399090844386144418	1542	1549	1494	1525
1399090844477892462	1553	1541	1495	1520
1399090844513925391	1567	1534	1505	1505
1399090844524045176	1574	1527	1514	1499
1399090844592957580	1572	1527	1511	1503
1399090844606012888	1561	1538	1502	1515
1399090844616894777	1558	1540	1503	1520
1399090844721809027	1553	1543	1505	1520
1399090844731809229	1541	1553	1490	1535
1399090844797819452	1553	1541	1481	1543
1399090844807773240	1557	1534	1492	1537
1399090844817805639	1554	1531	1499	1534
1399090844902831471	1541	1541	1506	1535
1399090844938717547	1535	1544	1526	1520
1399090844948659985	1532	1544	1527	1519
1399090845015625486	1529	1543	1514	1535
1399090845025651795	1539	1535	1509	1537
1399090845038617026	1535	1538	1517	1533
1399090845148197090	1543	1527	1508	1541
1399090845157479081	1535	1538	1503	1544
1399090845224510148	1524	1545	1505	1540
1399090845234381910	1524	1545	1507	1539
1399090845253468464	1536	1536	1501	1542
1399090845336269057	1545	1531	1503	1544
1399090845373248166	1551	1523	1508	1540
1399090845436374837	1544	1532	1504	1540
1399090845446259537	1539	1539	1501	1544
1399090845456351258	1526	1547	1511	1535
1399090845544285542	1540	1537	1514	1534
1399090845580193203	1537	1540	1520	1528
1399090845650188471	1543	1536	1516	1531
1399090845660105478	1553	1527	1507	1535
1399090845671129885	1544	1538	1506	1535
1399090845757014028	1528	1558	1518	1518
1399090845766979701	1536	1554	1506	1525
1399090845807110312	1545	1549	1506	1521
1399090845870017118	1556	1544	1518	1509
1399090845880948624	1555	1549	1514	1509
1399090845890820443	1546	1559	1515	1506
1399090845963973785	1549	1560	1518	1503
1399090846010938343	1551	1558	1515	1506
1399090846076907826	1552	1558	1519	1500
1399090846087825674	1556	1558	1511	1503
1399090846097869513	1549	1569	1507	1501
1399090846181770832	1544	1578	1506	1494
1399090846191649846	1549	1576	1494	1502
1399090846227622933	1548	1579	1490	1503
1399090846294699480	1558	1571	1481	1515
1399090846305684516	1572	1558	1479	1515
1399090846395625762	1579	1553	1492	1507
1399090846405560274	1587	1536	1491	1510
1399090846502391103	1575	1545	1490	1520
1399090846512708226	1567	1549	1494	1525
1399090846523527966	1543	1569	1508	1517
1399090846533549543	1551	1559	1509	1518
1399090846620394941	1545	1565	1518	1509
1399090846631426323	1544	1563	1517	1515
1399090846726249302	1540	1562	1515	1519
1399090846737190628	1529	1569	1515	1523
1399090846747391647	1514	1576	1522	1518
1399090846827148340	1528	1562	1527	1513
1399090846837326757	1533	1556	1525	1517
1399090846944182720	1523	1566	1528	1511
1399090846957163422	1515	1569	1525	1510
1399090846967145552	1531	1552	1521	1521
1399090847032212518	1531	1549	1522	1522
1399090847043019857	1525	1549	1525	1525
1399090847053057344	1518	1553	1516	1535
1399090847168368433	1526	1545	1508	1543
1399090847177076324	1522	1545	1504	1549
1399090847186888350	1522	1544	1513	1544
1399090847252838378	1534	1532	1520	1537
1399090847263800309	1526	1537	1528	1532
1399090847381878360	1521	1543	1518	1542
1399090847392084439	1520	1542	1516	1542
1399090847402836693	1523	1540	1528	1532
1399090847467754509	1535	1534	1519	1535
1399090847477799084	1527	1543	1524	1528
1399090847492733208	1523	1548	1525	1525
1399090847595714251	1513	1556	1510	1535
1399090847608749561	1525	1548	1508	1535
1399090847674736133	1543	1527	1518	1531
1399090847684670270	1535	1535	1515	1533
1399090847695644183	1514	1553	1523	1525
1399090847807608110	1504	1561	1526	1518
1399090847818473227	1518	1550	1527	1517
1399090847828593036	1529	1540	1515	1527
1399090847894583600	1525	1546	1514	1524
1399090847905293004	1520	1552	1513	1523
1399090847995560373	1518	1555	1519	1515
1399090848031386317	1543	1536	1507	1522
1399090848041489938	1553	1528	1498	1527
1399090848107455034	1554	1527	1497	1528
1399090848118420529	1557	1524	1505	1520
1399090848133450671	1549	1532	1511	1511
1399090848237173420	1538	1540	1515	1513
1399090848247342659	1522	1552	1515	1515
1399090848315325996	1531	1542	1509	1520
1399090848325242228	1528	1539	1510	1525
1399090848335322894	1554	1506	1515	1523
1399090848421227978	1538	1521	1516	1524
1399090848457001586	1526	1532	1514	1528
1399090848467062085	1518	1539	1504	1540
1399090848534055974	1518	1535	1504	1543
1399090848544919438	1520	1532	1522	1531
1399090848635068689	1523	1527	1527	1523
1399090848671052877	1520	1532	1524	1532
1399090848681009166	1511	1537	1510	1538
1399090848747994123	1491	1551	1502	1549
1399090848757842218	1495	1549	1513	1541
1399090848767832869	1510	1538	1519	1535
1399090848852146706	1513	1540	1531	1527
1399090848888889954	1515	1540	1535	1521
1399090848955908020	1499	1552	1518	1537
1399090848967018304	1515	1543	1510	1540
1399090848976753785	1540	1522	1507	1539
1399090849061659860	1548	1529	1518	1526
1399090849097754923	1556	1529	1510	1523
1399090849107650768	1554	1540	1503	1524
1399090849173708734	1557	1547	1483	1531
1399090849183650065	1552	1555	1480	1531
1399090849273579541	1571	1542	1490	1524
1399090849283451015	1557	1557	1491	1519
1399090849323602787	1556	1561	1500	1515
1399090849386546084	1559	1556	1499	1514
1399090849396472110	1548	1569	1492	1518
1399090849407563796	1549	1566	1485	1527
1399090849491318104	1552	1567	1482	1531
1399090849625391082	1544	1565	1507	1522
1399090849706461204	1540	1560	1510	1529
1399090849717256880	1549	1549	1519	1525
1399090849806301812	1550	1545	1511	1537
1399090849828233464	1554	1540	1511	1539
1399090849838253591	1562	1531	1518	1532
1399090849915265523	1563	1534	1511	1535
1399090849925272411	1561	1535	1509	1539
1399090850022197889	1558	1535	1528	1528
1399090850032239717	1556	1538	1526	1526
1399090850043095224	1549	1544	1520	1532
1399090850053130003	1559	1536	1528	1526
1399090850135050952	1558	1537	1516	1534
1399090850144985667	1548	1548	1514	1535
1399090850247848877	1544	1551	1520	1534
1399090850257872464	1544	1551	1521	1533
1399090850267792537	1547	1547	1520	1532
1399090850347796412	1545	1549	1528	1524
1399090850357750637	1549	1541	1526	1531
1399090850463726046	1545	1542	1523	1536
1399090850476752640	1538	1544	1522	1539
1399090850486605777	1541	1543	1507	1549
1399090850552675769	1525	1554	1501	1550
1399090850562590199	1529	1549	1515	1541
1399090850576646734	1534	1545	1520	1537
1399090850687512075	1535	1544	1518	1535
1399090850697511637	1544	1538	1519	1531
1399090850707464434	1544	1544	1510	1533
1399090850772646771	1544	1549	1506	1531
1399090850783806857	1549	1546	1506	1527
1399090850901523932	1549	1549	1500	1529
1399090850911453276	1557	1545	1507	1522
1399090850921503754	1551	1551	1513	1513
1399090850986423021	1564	1538	1518	1507
1399090850997441274	1548	1554	1517	1508
1399090851012438260	1540	1559	1510	1510
1399090851115329255	1552	1547	1507	1514
1399090851125343175	1557	1540	1505	1518
1399090851194395067	1565	1524	1524	1503
1399090851204310373	1551	1531	1513	1525
1399090851214128985	1536	1536	1501	1542
1399090851327288362	1528	1537	1520	1534
1399090851337333184	1523	1536	1523	1536
1399090851347074369	1524	1524	1534	1534
1399090851413053061	1532	1509	1524	1544
1399090851423150309	1526	1511	1508	1559
1399090851514155797	1519	1515	1500	1572
1399090851549948991	1510	1517	1520	1562
1399090851560126892	1497	1526	1528	1555
1399090851633003773	1514	1511	1531	1551
1399090851642993552	1529	1500	1527	1551
1399090851652943964	1535	1496	1505	1567
1399090851758892182	1532	1499	1496	1574
1399090851768852035	1520	1514	1525	1549
1399090851834928821	1510	1527	1534	1542
1399090851845793280	1507	1532	1533	1544
1399090851855883509	1513	1531	1526	1547
1399090851941748384	1529	1519	1511	1562
1399090851976724778	1538	1515	1525	1546
1399090851986764502	1541	1517	1522	1544
1399090852053766558	1525	1540	1528	1540
1399090852064732070	1513	1549	1533	1536
1399090852155693226	1509	1550	1552	1507
1399090852191655892	1517	1546	1541	1519
1399090852201517464	1536	1531	1517	1541
1399090852267571783	1537	1532	1520	1537
1399090852278485253	1534	1534	1517	1541
1399090852293478566	1526	1544	1538	1525
1399090852369264685	1528	1535	1532	1532
1399090852405313396	1532	1532	1527	1536
1399090852474282591	1532	1535	1536	1531
1399090852485452851	1536	1529	1521	1546
1399090852495392867	1534	1528	1531	1541
1399090852585385768	1531	1525	1526	1544
1399090852622295788	1531	1524	1520	1550
1399090852687263722	1525	1529	1527	1544
1399090852697152990	1529	1529	1538	1538
1399090852708225376	1536	1521	1540	1536
1399090852796267938	1536	1515	1523	1549
1399090852806279930	1515	1538	1524	1547
1399090852846123530	1517	1538	1527	1543
1399090852909245661	1522	1534	1526	1544
1399090852919111711	1527	1527	1536	1536
1399090852930094853	1536	1513	1538	1538
1399090853004137024	1535	1516	1529	1544
1399090853051026903	1538	1515	1520	1550
1399090853117096051	1521	1531	1517	1554
1399090853126918997	1518	1532	1529	1546
1399090853137980439	1515	1533	1537	1540
1399090853221952221	1515	1533	1546	1531
1399090853232101933	1515	1535	1549	1525
1399090853267763273	1524	1531	1540	1529
1399090853336817145	1519	1536	1523	1540
1399090853346885466	1517	1541	1517	1541
1399090853435796737	1521	1543	1517	1540
1399090853446819519	1521	1549	1519	1523
1399090853542566637	1540	1540	1504	1529
1399090853552707820	1544	1537	1510	1517
1399090853566716776	1552	1534	1506	1515
1399090853580660024	1555	1532	1505	1514
1399090853649619589	1550	1537	1507	1511
1399090853660820461	1553	1534	1500	1519
1399090853756592724	1551	1536	1498	1517
1399090853766578718	1542	1549	1503	1511
1399090853777548938	1535	1556	1507	1507
1399090853862552382	1546	1549	1497	1511
1399090853872592480	1545	1552	1497	1509
1399090853984442486	1564	1535	1487	1517
1399090853997484388	1566	1535	1484	1518
1399090854007462478	1558	1540	1487	1517
1399090854075393564	1553	1544	1498	1508
1399090854086184644	1562	1537	1504	1500
1399090854096381815	1567	1532	1500	1504
1399090854205368348	1567	1537	1484	1518
1399090854215315721	1569	1538	1491	1506
1399090854225303822	1575	1528	1501	1501
1399090854284230596	1561	1541	1510	1502
1399090854297166947	1547	1549	1511	1509
1399090854423133447	1546	1543	1511	1518
1399090854434095896	1533	1551	1510	1525
1399090854444042516	1527	1554	1506	1531
1399090854509070608	1520	1562	1516	1524
1399090854520096916	1525	1556	1523	1519
1399090854530156156	1536	1548	1529	1510
1399090854639943483	1548	1536	1516	1524
1399090854649940128	1556	1531	1498	1536
1399090854714997284	1537	1555	1489	1544
1399090854726453813	1549	1546	1500	1533
1399090854735924689	1540	1559	1507	1522
1399090854849764134	1541	1559	1506	1521
1399090854859948944	1539	1563	1505	1520
1399090854869879964	1540	1567	1495	1528
1399090854935747717	1542	1568	1485	1529
1399090854945872075	1540	1571	1495	1518
1399090855036780049	1535	1576	1509	1507
1399090855072593316	1540	1571	1511	1507
1399090855082605022	1550	1558	1510	1510
1399090855148671289	1542	1565	1507	1516
1399090855159621620	1550	1557	1497	1526
1399090855169535244	1546	1558	1496	1531
1399090855276491348	1536	1567	1520	1511
1399090855287544024	1539	1565	1522	1509
1399090855355463199	1558	1546	1527	1500
1399090855365480196	1552	1552	1515	1517
1399090855375517709	1547	1560	1502	1525
1399090855461438643	1549	1559	1506	1519
1399090855497265045	1553	1553	1504	1523
1399090855507422514	1553	1549	1508	1517
1399090855577422729	1552	1550	1516	1514
1399090855590324569	1548	1556	1514	1514
1399090855676332247	1547	1553	1500	1519
1399090855712083910	1547	1553	1499	1520
1399090855722194817	1543	1556	1498	1523
1399090855787109043	1539	1558	1501	1522
1399090855798089725	1537	1558	1503	1522
1399090855813102525	1540	1553	1502	1527
1399090855890241865	1540	1551	1501	1531
1399090855925234210	1542	1545	1507	1528
1399090855993135865	1540	1544	1506	1533
1399090856004093342	1534	1547	1509	1534
1399090856014109776	1531	1552	1519	1531
1399090856103049017	1531	1551	1516	1534
1399090856137962666	1533	1549	1515	1535
1399090856147963665	1539	1549	1514	1534
1399090856214957997	1545	1545	1513	1531
1399090856225931738	1548	1544	1509	1532
1399090856238035539	1549	1544	1508	1533
1399090856320876416	1558	1534	1508	1533
1399090856357961439	1553	1539	1509	1535
1399090856420869398	1544	1548	1513	1536
1399090856430790254	1538	1554	1515	1535
1399090856449766757	1549	1542	1511	1539
1399090856533775004	1549	1543	1513	1536
1399090856571773261	1558	1535	1510	1536
1399090856639611937	1569	1521	1504	1543
1399090856652639505	1564	1525	1505	1544
1399090856662427988	1562	1527	1513	1538
1399090856750496345	1561	1529	1511	1542
1399090856761458918	1557	1534	1514	1540
1399090856853611666	1553	1533	1513	1543
1399090856864530445	1548	1533	1518	1547
1399090856874449867	1536	1543	1521	1546
1399090856958436927	1535	1545	1521	1544
1399090856969371232	1539	1542	1532	1535
1399090857064352979	1546	1535	1536	1531
1399090857074329128	1536	1540	1535	1535
1399090857085257669	1540	1534	1528	1542
1399090857095374772	1524	1549	1535	1543
1399090857172213749	1531	1540	1533	1541
1399090857182379158	1535	1531	1527	1551
1399090857278230723	1535	1528	1536	1548
1399090857288174941	1542	1516	1538	1549
1399090857300110577	1543	1513	1537	1552
1399090857387107213	1534	1516	1539	1550
1399090857397173377	1521	1525	1539	1553
1399090857509091882	1523	1519	1533	1566
1399090857522010925	1518	1518	1544	1556
1399090857532117013	1521	1513	1554	1548
1399090857542168981	1524	1505	1556	1543
1399090857612936328	1519	1504	1553	1544
1399090857622929859	1513	1513	1548	1548
1399090857718758723	1498	1523	1549	1543
1399090857728835800	1505	1518	1544	1547
1399090857738925104	1514	1514	1544	1540
1399090857813669541	1517	1513	1538	1541
1399090857823670871	1525	1513	1533	1540
1399090857941693939	1510	1531	1525	1543
1399090857951700031	1513	1533	1517	1546
1399090857961619610	1509	1540	1510	1543
1399090858024639600	1514	1540	1510	1540
1399090858034744432	1523	1538	1522	1524
1399090858053697126	1522	1544	1518	1526
1399090858159602239	1528	1545	1501	1534
1399090858169606126	1537	1544	1499	1528
1399090858237581277	1535	1547	1495	1531
1399090858248375691	1535	1554	1502	1515
1399090858258487499	1538	1554	1504	1508
1399090858371474215	1547	1545	1516	1497
1399090858381429965	1546	1548	1506	1504
1399090858392405236	1552	1545	1494	1513
1399090858457352759	1551	1544	1496	1513
1399090858467248052	1552	1545	1488	1518
1399090858478259661	1561	1535	1504	1504
1399090858588296156	1558	1534	1511	1501
1399090858601232123	1552	1540	1509	1503
1399090858669289454	1559	1531	1500	1515
1399090858679263923	1540	1553	1494	1517
1399090858689213082	1540	1552	1496	1521
1399090858797104729	1542	1549	1491	1531
1399090858807015871	1545	1542	1497	1531
1399090858876076294	1545	1539	1511	1524
1399090858886066282	1541	1541	1521	1521
1399090858897071505	1546	1533	1522	1524
1399090858983026314	1536	1536	1510	1541
1399090859017990467	1533	1535	1516	1542
1399090859028936800	1522	1545	1521	1543
1399090859096009301	1521	1544	1528	1539
1399090859105928988	1524	1542	1531	1536
1399090859197079487	1525	1541	1528	1539
1399090859232903992	1532	1534	1527	1541
1399090859243265488	1535	1531	1535	1538
1399090859308922841	1537	1528	1545	1531
1399090859319791413	1535	1529	1540	1537
1399090859329835302	1526	1537	1527	1549
1399090859409706997	1520	1544	1516	1553
1399090859445662592	1521	1544	1507	1558
1399090859514834172	1533	1538	1526	1544
1399090859524734807	1536	1540	1535	1531
1399090859535868540	1537	1544	1531	1531
1399090859623769097	1541	1548	1523	1531
1399090859659516132	1541	1553	1523	1525
1399090859669577938	1545	1553	1516	1526
1399090859736418776	1545	1558	1523	1513
1399090859746459591	1545	1563	1513	1517
1399090859835413803	1547	1563	1501	1522
1399090859846451321	1547	1560	1511	1516
1399090859886442283	1547	1558	1510	1515
1399090859948421999	1537	1571	1513	1513
1399090859959370202	1546	1562	1503	1522
1399090859969341493	1559	1548	1498	1529
1399090860044471974	1568	1537	1500	1529
1399090860090405941	1565	1539	1503	1528
1399090860157357230	1561	1540	1502	1529
1399090860167354282	1553	1544	1508	1523
1399090860177196674	1542	1552	1516	1520
1399090860260299436	1548	1546	1513	1523
1399090860270247832	1532	1562	1516	1520
1399090860581053748	1527	1561	1507	1526
1399090860590940134	1542	1550	1514	1524
1399090860608031962	1549	1546	1510	1523
1399090860617896421	1538	1558	1508	1525
1399090860682916884	1542	1557	1516	1518
1399090860795774784	1544	1555	1509	1524
1399090860831704622	1558	1546	1518	1518
1399090860841753936	1567	1535	1521	1517
1399090860908793032	1570	1531	1506	1533
1399090860923741078	1586	1505	1506	1536
1399090860933666984	1576	1514	1509	1537
1399090861024599794	1581	1501	1524	1531
1399090861037448895	1563	1518	1531	1533
1399090861047612627	1540	1537	1532	1539
1399090861114629337	1541	1531	1511	1560
1399090861125611182	1522	1544	1531	1550
1399090861135547411	1518	1542	1535	1551
1399090861244331665	1520	1537	1537	1552
1399090861255527342	1532	1524	1534	1557
1399090861265418126	1527	1529	1529	1561
1399090861328427094	1516	1542	1528	1558
1399090861338370433	1529	1531	1522	1563
1399090861460338629	1531	1535	1517	1569
1399090861471310343	1537	1532	1531	1558
1399090861481238751	1543	1531	1536	1548
1399090861546116795	1552	1520	1542	1542
1399090861556192638	1549	1526	1540	1543
1399090861569196100	1544	1533	1532	1555
1399090861677193621	1545	1534	1540	1552
1399090861687114912	1540	1540	1546	1546
1399090861753178015	1544	1538	1556	1533
1399090861764129243	1540	1546	1543	1543
1399090861774107085	1540	1550	1531	1550
1399090861886064551	1540	1553	1533	1544
1399090861896050335	1551	1546	1519	1553
1399090861906997869	1553	1541	1517	1554
1399090861971977953	1550	1539	1509	1562
1399090861982082490	1556	1533	1518	1555
1399090862072902502	1546	1540	1521	1549
1399090862108929692	1546	1541	1529	1541
1399090862118881558	1545	1545	1524	1549
1399090862184895600	1541	1548	1519	1548
1399090862195042883	1538	1556	1527	1536
1399090862210932893	1547	1555	1527	1535
1399090862313807673	1555	1555	1533	1519
1399090862323735426	1553	1562	1532	1514
1399090862392797014	1538	1584	1538	1498
1399090862402817705	1544	1585	1529	1498
1399090862412700442	1556	1577	1508	1515
1399090862499524139	1564	1566	1515	1504
1399090862535485511	1577	1553	1487	1531
1399090862545392190	1557	1568	1503	1518
1399090862618391136	1545	1576	1517	1513
1399090862628400642	1540	1575	1527	1510
1399090862714390010	1552	1552	1510	1529
1399090862750340535	1544	1553	1514	1534
1399090862760508727	1538	1553	1500	1548
1399090862826448876	1535	1556	1502	1546
1399090862836337879	1536	1554	1515	1536
1399090862852372855	1544	1544	1513	1538
1399090862928292458	1544	1546	1519	1529
1399090862964348690	1542	1552	1522	1522
1399090863033236831	1535	1559	1511	1528
1399090863043299000	1532	1565	1522	1518
1399090863053230023	1535	1563	1513	1521
1399090863142189854	1549	1553	1523	1510
1399090863178149006	1567	1536	1511	1520
1399090863188234006	1570	1535	1507	1526
1399090863254098054	1558	1544	1507	1522
1399090863265083515	1556	1543	1507	1526
1399090863354026249	1553	1539	1513	1525
1399090863365029894	1555	1531	1514	1524
1399090863405029618	1550	1531	1508	1535
1399090863467020052	1557	1516	1502	1541
1399090863477951286	1542	1532	1506	1540
1399090863493970120	1544	1529	1507	1542
1399090863565758290	1536	1536	1505	1542
1399090863609955947	1516	1553	1510	1538
1399090863675797439	1509	1557	1511	1542
1399090863685836227	1520	1547	1526	1528
1399090863696818735	1517	1548	1531	1525
1399090863780737727	1535	1532	1531	1531
1399090863790747045	1544	1523	1531	1527
1399090863887743732	1534	1534	1531	1526
1399090863897660131	1529	1538	1540	1518
1399090863909690263	1537	1531	1543	1515
1399090863994573116	1546	1519	1547	1505
1399090864005572071	1551	1510	1545	1509
1399090864102264046	1546	1521	1537	1520
1399090864111549742	1540	1528	1533	1521
1399090864122535534	1521	1541	1519	1540
1399090864132456097	1523	1538	1520	1540
1399090864214260895	1525	1529	1524	1537
1399090864224298387	1528	1520	1532	1535
1399090864324230007	1528	1514	1534	1535
1399090864335186045	1523	1515	1533	1540
1399090864345187796	1517	1517	1523	1551
1399090864424340518	1509	1524	1536	1540
1399090864435333314	1515	1517	1551	1525
1399090864540285372	1507	1524	1545	1532
1399090864553248218	1517	1523	1547	1522
1399090864563098979	1532	1514	1544	1520
1399090864631132671	1523	1527	1525	1533
1399090864641179963	1520	1535	1508	1538
1399090864652103743	1531	1531	1508	1531
1399090864765116131	1534	1534	1511	1520
1399090864774992232	1543	1527	1504	1523
1399090864785096519	1551	1523	1503	1518
1399090864849129173	1549	1529	1496	1513
1399090864859085149	1553	1527	1501	1505
1399090864977719697	1567	1517	1488	1518
1399090864987748181	1553	1533	1496	1504
1399090864997853987	1542	1545	1502	1496
1399090865062062899	1547	1547	1492	1497
1399090865071858675	1536	1561	1478	1507
1399090865081842605	1526	1573	1484	1497
1399090865193759042	1531	1576	1484	1497
1399090865203780435	1536	1571	1488	1492
1399090865268766334	1524	1581	1480	1501
1399090865278714234	1548	1559	1479	1494
1399090865288817067	1550	1557	1477	1496
1399090865403688989	1555	1557	1485	1489
1399090865413618040	1562	1551	1481	1491
1399090865423535041	1567	1547	1476	1497
1399090865488445208	1556	1556	1480	1495
1399090865498433666	1560	1552	1489	1489
1399090865592338991	1560	1550	1496	1489
1399090865628320067	1562	1544	1497	1495
1399090865694469771	1558	1544	1498	1502
1399090865705437832	1557	1542	1497	1507
1399090865716478427	1553	1543	1494	1515
1399090865802392338	1552	1545	1498	1513
1399090865838259752	1553	1548	1505	1505
1399090865848358960	1564	1541	1503	1505
1399090865914365360	1566	1546	1505	1499
1399090865925265828	1568	1547	1500	1500
1399090865935215738	1578	1545	1499	1499
1399090866017092911	1574	1551	1495	1501
1399090866053085372	1568	1558	1497	1497
1399090866063036081	1571	1557	1505	1490
1399090866129190743	1573	1553	1497	1501
1399090866140247669	1578	1547	1492	1511
1399090866230112666	1574	1553	1494	1508
1399090866265942780	1567	1567	1497	1501
1399090866276035475	1553	1583	1489	1504
1399090866341787521	1556	1581	1492	1501
1399090866352939666	1549	1585	1497	1501
1399090866367904272	1545	1586	1498	1502
1399090866443851219	1542	1588	1491	1510
1399090866479726211	1563	1570	1503	1495
1399090866549660378	1547	1586	1494	1508
1399090866559852274	1557	1576	1501	1497
1399090866572806915	1562	1571	1502	1496
1399090866656698472	1558	1578	1505	1497
1399090866692687888	1571	1567	1494	1506
1399090866703762942	1567	1570	1482	1520
1399090866769686200	1564	1567	1490	1514
1399090866779623041	1565	1563	1491	1517
1399090866869601060	1577	1549	1498	1517
1399090866879513397	1561	1559	1500	1519
1399090866919604305	1550	1568	1496	1529
1399090866983519110	1555	1562	1482	1542
1399090866993522906	1540	1579	1490	1534
1399090867008575522	1531	1585	1501	1534
1399090867077419628	1535	1581	1506	1531
1399090867118452930	1541	1572	1516	1524
1399090867193422617	1544	1567	1507	1535
1399090867203446839	1549	1562	1522	1522
1399090867213438406	1534	1578	1515	1527
1399090867294348485	1535	1576	1511	1528
1399090867304302057	1549	1560	1513	1529
1399090867400315292	1556	1549	1525	1517
1399090867410275948	1557	1547	1516	1528
1399090867421195131	1553	1549	1499	1544
1399090867509302857	1550	1550	1504	1541
1399090867520165457	1553	1546	1516	1534
1399090867619221883	1567	1525	1519	1529
1399090867633170686	1560	1532	1518	1532
1399090867643182451	1550	1544	1520	1528
1399090867653164689	1557	1537	1520	1528
1399090867728011206	1546	1549	1510	1535
1399090867737983243	1543	1553	1501	1542
1399090867844873149	1535	1561	1516	1531
1399090867854987292	1538	1558	1526	1520
1399090867864850756	1519	1572	1521	1527
1399090867935951713	1511	1576	1510	1535
1399090867945915347	1541	1551	1514	1532
1399090868064755101	1553	1541	1521	1527
1399090868074777698	1541	1553	1524	1520
1399090868084705436	1551	1543	1527	1513
1399090868147782614	1537	1560	1525	1506
1399090868157842466	1549	1551	1520	1511
1399090868183690998	1549	1555	1518	1509
1399090868499487777	1539	1553	1507	1522
1399090868509493881	1532	1555	1518	1518
1399090868519448220	1535	1553	1513	1523
1399090868587487963	1533	1549	1508	1533
1399090868600439937	1536	1544	1513	1531
1399090868610565884	1535	1543	1513	1535
1399090868715351888	1528	1544	1518	1535
1399090868725448122	1534	1537	1528	1528
1399090868792232272	1538	1535	1526	1528
1399090868802364595	1538	1531	1531	1528
1399090868813432323	1533	1536	1535	1522
1399090869011160186	1522	1550	1532	1528
1399090869021040952	1517	1558	1516	1539
1399090869111219089	1514	1562	1507	1547
1399090869148249708	1531	1552	1502	1548
1399090869157949006	1527	1554	1504	1543
1399090869222006194	1535	1554	1507	1537
1399090869233003121	1544	1549	1511	1531
1399090869248006883	1546	1558	1488	1544
1399090869351997013	1555	1555	1500	1527
1399090869362204708	1562	1553	1499	1522
1399090869429920383	1569	1551	1488	1526
1399090869440916578	1567	1556	1487	1523
1399090869450870245	1567	1560	1489	1517
1399090869537741539	1578	1550	1485	1519
1399090869573711090	1564	1564	1487	1517
1399090869643665863	1551	1577	1497	1511
1399090869653612963	1551	1576	1498	1513
1399090869664665897	1549	1578	1496	1515
1399090869753723691	1551	1579	1491	1519
1399090869789714949	1559	1571	1485	1529
1399090869799709049	1571	1558	1489	1527
1399090869862555496	1561	1571	1498	1519
1399090869873689181	1577	1554	1504	1513
1399090869889606747	1578	1552	1505	1514
1399090869964530065	1567	1561	1501	1520
1399090870000509997	1561	1567	1489	1531
1399090870069421702	1571	1553	1487	1536
1399090870079426577	1562	1562	1485	1546
1399090870089521759	1549	1563	1506	1535
1399090870176283228	1536	1574	1519	1533
1399090870211238062	1543	1564	1528	1528
1399090870222265463	1556	1549	1525	1536
1399090870288239437	1570	1535	1533	1533
1399090870298960698	1562	1542	1529	1535
1399090870389379845	1563	1540	1538	1529
1399090870399280892	1564	1533	1526	1544
1399090870439222484	1562	1533	1523	1551
1399090870502250385	1566	1523	1529	1548
1399090870512209453	1558	1529	1531	1550
1399090870528230865	1549	1535	1535	1549
1399090870603227991	1548	1533	1532	1555
1399090870638166980	1548	1533	1531	1557
1399090870714277055	1558	1522	1523	1564
1399090870724096872	1558	1521	1528	1562
1399090870734116375	1553	1526	1529	1561
1399090870814149835	1549	1533	1528	1563
1399090870824988040	1547	1535	1529	1562
1399090870920049811	1552	1532	1529	1561
1399090870930900934	1545	1539	1529	1561
1399090870942193816	1539	1545	1524	1565
1399090871027217561	1541	1544	1521	1566
1399090871037931710	1544	1544	1527	1559
1399090871151847268	1547	1544	1533	1551
1399090871164841032	1543	1546	1529	1553
1399090871174805848	1552	1539	1524	1555
1399090871184742537	1552	1544	1519	1558
1399090871249769028	1546	1553	1516	1557
1399090871259505626	1552	1547	1523	1548
1399090871361658807	1562	1539	1534	1534
1399090871371611019	1558	1541	1531	1535
1399090871381599102	1545	1553	1525	1540
1399090871455587515	1535	1562	1513	1544
1399090871465637331	1544	1550	1513	1548
1399090871584602348	1557	1532	1528	1537
1399090871594475845	1552	1537	1524	1540
1399090871607473084	1550	1539	1524	1540
1399090871671381335	1545	1545	1531	1534
1399090871682310920	1542	1545	1532	1532
1399090871692344780	1542	1542	1531	1537
1399090871800396808	1541	1540	1521	1548
1399090871810453631	1544	1532	1515	1558
1399090871878149680	1545	1531	1519	1554
1399090871888145756	1544	1532	1525	1549
1399090871899299490	1540	1536	1518	1555
1399090872015200386	1546	1529	1508	1562
1399090872026180276	1548	1533	1508	1558
1399090872036176215	1545	1540	1506	1554
1399090872101176278	1549	1540	1500	1553
1399090872111149643	1545	1549	1507	1542
1399090872121992695	1545	1550	1501	1542
1399090872232104381	1548	1549	1510	1533
1399090872242009707	1554	1543	1522	1526
1399090872306994982	1553	1541	1524	1524
1399090872317071138	1554	1538	1522	1528
1399090872342061999	1546	1546	1521	1533
1399090872443795572	1531	1553	1524	1532
1399090872453842577	1523	1554	1515	1544
1399090872463806431	1532	1545	1527	1536
1399090872529822510	1535	1542	1509	1550
1399090872539800084	1545	1534	1513	1549
1399090872630727389	1549	1532	1513	1544
1399090872665770729	1546	1543	1519	1535
1399090872676673075	1550	1540	1520	1532
1399090872742662332	1552	1542	1517	1531
1399090872752717886	1555	1540	1521	1525
1399090872767679766	1559	1536	1528	1518
1399090872870602092	1557	1540	1526	1518
1399090872880562710	1542	1555	1520	1524
1399090872949709541	1553	1548	1534	1505
1399090872959670905	1545	1553	1522	1520
1399090872969622165	1551	1546	1518	1526
1399090873056499945	1559	1536	1522	1524
1399090873091484445	1567	1527	1513	1533
1399090873102377470	1560	1534	1522	1522
1399090873169369997	1562	1532	1522	1526
1399090873179359718	1557	1534	1523	1529
1399090873270415731	1554	1531	1515	1541
1399090873306344046	1544	1537	1526	1534
1399090873316344955	1540	1538	1533	1531
1399090873382188614	1537	1539	1534	1535
1399090873392113467	1535	1536	1529	1544
1399090873408118215	1538	1527	1525	1549
1399090873484106969	1549	1509	1525	1553
1399090873520139908	1545	1511	1531	1549
1399090873592329985	1535	1525	1536	1544
1399090873606155006	1542	1524	1537	1540
1399090873616126518	1553	1514	1535	1539
1399090873697013022	1549	1520	1531	1540
1399090873732030999	1539	1535	1534	1534
1399090873743095537	1538	1544	1535	1527
1399090873810096545	1535	1550	1529	1525
1399090873819905679	1544	1545	1524	1526
1399090873907953506	1550	1544	1518	1522
1399090873917785800	1562	1535	1514	1522
1399090873957870553	1546	1549	1514	1524
1399090874019937967	1547	1550	1516	1520
1399090874029931119	1551	1546	1521	1515
1399090874039983862	1556	1536	1521	1521
1399090874123781602	1557	1534	1522	1522
1399090874157593924	1544	1547	1526	1518
1399090874230692222	1535	1558	1527	1519
1399090874241729668	1539	1553	1518	1528
1399090874251441612	1539	1550	1519	1527
1399090874330570901	1537	1549	1521	1525
1399090874341579416	1543	1543	1515	1531
1399090874449543592	1544	1541	1517	1529
1399090874459512812	1541	1541	1509	1532
1399090874469495607	1553	1533	1510	1535
1399090874543234630	1553	1531	1509	1537
1399090874553627772	1544	1539	1521	1529
1399090874666293016	1542	1542	1520	1528
1399090874679345742	1549	1533	1510	1531
1399090874689282396	1550	1532	1509	1532
1399090874700300223	1544	1540	1524	1524
1399090874762252858	1535	1546	1523	1521
1399090874773258384	1534	1545	1517	1529
1399090874884123017	1534	1549	1510	1531
1399090874894192321	1537	1549	1499	1537
1399090874904142851	1541	1543	1500	1538
1399090874969232528	1544	1541	1511	1526
1399090874979057747	1545	1542	1519	1517
1399090875101165517	1539	1545	1520	1520
1399090875111089430	1544	1537	1526	1518
1399090875121048786	1549	1533	1518	1524
1399090875185935179	1562	1518	1521	1521
1399090875196924606	1555	1526	1515	1527
1399090875212266708	1555	1531	1518	1520
1399090875315972954	1551	1535	1513	1525
1399090875325834559	1553	1533	1504	1533
1399090875393881038	1564	1527	1504	1536
1399090875403854643	1569	1521	1516	1531
1399090875414979339	1565	1520	1516	1535
1399090875526735622	1554	1535	1502	1548
1399090875540920996	1542	1545	1518	1537
1399090875546610055	1553	1537	1521	1535
1399090875618669087	1563	1520	1519	1544
1399090875628698045	1558	1521	1524	1545
1399090875713625815	1539	1537	1521	1553
1399090875749627547	1531	1541	1529	1549
1399090875759580971	1533	1541	1527	1553
1399090875824845533	1531	1543	1518	1557
1399090875834548660	1535	1541	1516	1557
1399090875850539033	1526	1547	1513	1561
1399090875954521067	1544	1528	1519	1558
1399090875964453833	1554	1513	1529	1551
1399090876031431540	1553	1515	1536	1548
1399090876041215695	1553	1513	1533	1553
1399090876052629876	1545	1518	1534	1552
1399090876140378342	1543	1519	1532	1555
1399090876177123549	1542	1516	1527	1562
1399090876186195821	1540	1511	1531	1561
1399090876253418016	1537	1516	1531	1562
1399090876263267698	1526	1524	1523	1571
1399090876276910613	1531	1517	1528	1568
1399090876385131536	1524	1524	1533	1564
1399090876395183140	1527	1517	1544	1557
1399090876460219932	1513	1531	1543	1558
1399090876471179854	1524	1522	1549	1550
1399090876490130186	1531	1509	1550	1553
1399090876575103555	1523	1515	1548	1554
1399090876611962761	1529	1515	1544	1553
1399090876678964993	1528	1520	1558	1536
1399090876690009368	1531	1526	1544	1547
1399090876699957506	1536	1529	1532	1550
1399090876787819619	1540	1531	1525	1548
1399090876824898102	1540	1533	1516	1553
1399090876887790339	1537	1535	1511	1557
1399090876909865000	1537	1537	1524	1549
1399090876919720217	1533	1544	1525	1544
1399090876997799630	1522	1555	1505	1555
1399090877008735914	1534	1549	1517	1546
1399090877047667181	1549	1535	1511	1545
1399090877111551282	1549	1533	1506	1551
1399090877121536682	1561	1519	1518	1542
1399090877131522172	1558	1525	1518	1540
1399090877212473079	1550	1534	1518	1540
1399090877248411641	1549	1534	1521	1540
1399090877316392034	1562	1509	1520	1540
1399090877327344669	1552	1518	1517	1546
1399090877337366052	1543	1521	1523	1544
1399090877423352076	1532	1520	1522	1550
1399090877433294979	1515	1531	1526	1552
1399090877473294138	1525	1521	1536	1543
1399090877537236109	1534	1509	1539	1542
1399090877547177228	1537	1503	1529	1553
1399090877637286799	1537	1505	1515	1562
1399090877647293801	1513	1529	1519	1561
1399090877744235795	1503	1537	1535	1547
1399090877754195733	1511	1528	1541	1543
1399090877765559396	1534	1505	1546	1538
1399090877775161164	1544	1501	1544	1540
1399090877851025839	1526	1524	1527	1558
1399090877860962209	1522	1531	1537	1547
1399090877968964498	1543	1517	1548	1535
1399090877979932306	1543	1519	1551	1529
1399090877989981810	1539	1528	1546	1531
1399090878064031965	1546	1525	1548	1523
1399090878073981411	1552	1524	1524	1542
1399090878188765596	1555	1522	1518	1545
1399090878201709802	1535	1546	1509	1553
1399090878211840984	1523	1554	1516	1550
1399090878221710563	1534	1544	1518	1547
1399090878285722632	1544	1534	1528	1539
1399090878295676765	1559	1519	1529	1535
1399090878401739010	1551	1529	1520	1542
1399090878412764769	1552	1531	1525	1536
1399090878422813741	1544	1541	1518	1542
1399090878493600984	1547	1540	1525	1538
1399090878503582196	1546	1541	1528	1535
1399090878619452822	1556	1529	1529	1533
1399090878632490881	1560	1524	1525	1533
1399090878642499569	1550	1532	1524	1540
1399090878711601463	1542	1535	1535	1535
1399090878722564410	1538	1536	1538	1536
1399090878732574386	1540	1524	1540	1540
1399090878840383605	1529	1527	1540	1547
1399090878850333662	1522	1531	1538	1553
1399090878918442522	1513	1527	1539	1552
1399090878928401563	1523	1508	1543	1554
1399090878939462815	1519	1510	1546	1553
1399090879055432893	1515	1510	1552	1553
1399090879065329564	1522	1495	1543	1566
1399090879075346251	1523	1494	1537	1571
1399090879140234429	1521	1491	1531	1575
1399090879151207488	1517	1502	1531	1570
1399090879162579124	1516	1505	1528	1570
1399090879273087824	1509	1509	1531	1567
1399090879284087469	1514	1509	1534	1563
1399090879346233713	1519	1502	1511	1580
1399090879356184806	1511	1505	1532	1567
1399090879381166847	1509	1499	1540	1565
1399090879480110898	1503	1503	1543	1567
1399090879490977818	1500	1498	1560	1557
1399090879560116009	1497	1499	1565	1553
1399090879570074548	1503	1486	1562	1562
1399090879587101282	1509	1478	1562	1563
1399090879668950564	1506	1487	1571	1558
1399090879704956151	1500	1494	1558	1572
1399090879714959583	1504	1489	1558	1572
1399090879780797684	1497	1501	1558	1569
1399090879790715378	1496	1504	1557	1568
1399090879800830395	1499	1507	1557	1563
1399090879914833014	1511	1499	1551	1566
1399090879924785533	1524	1497	1546	1566
1399090879986746472	1507	1511	1544	1566
1399090879997638720	1513	1513	1551	1554
1399090880023123485	1516	1514	1545	1557
1399090880095517444	1517	1517	1544	1555
1399090880131452348	1521	1515	1537	1560
1399090880141440656	1527	1508	1534	1560
1399090880206434678	1527	1508	1531	1562
1399090880216420260	1520	1520	1540	1551
1399090880309604237	1520	1516	1542	1545
1399090880345487774	1518	1518	1547	1540
1399090880355536119	1527	1515	1538	1544
1399090880419397814	1529	1515	1537	1544
1399090880429388546	1522	1526	1535	1542
1399090880439429086	1521	1529	1535	1538
1399090880526345415	1521	1536	1525	1540
1399090880563305276	1520	1537	1515	1541
1399090880631300149	1531	1531	1506	1544
1399090880641201494	1538	1523	1516	1537
1399090880651338633	1540	1522	1513	1538
1399090880735151537	1531	1531	1506	1541
1399090880771167124	1527	1535	1521	1529
1399090880781111937	1517	1543	1521	1529
1399090880848108533	1524	1539	1522	1526
1399090880858056353	1525	1540	1521	1525
1399090880948094468	1518	1544	1527	1521
1399090880958073593	1514	1549	1531	1516
1399090880997897294	1525	1541	1522	1522
1399090881061024148	1538	1531	1523	1519
1399090881071004419	1556	1508	1506	1535
1399090881086996081	1554	1508	1513	1527
1399090881155954345	1555	1509	1514	1524
1399090881294909527	1550	1518	1517	1519
1399090881304952399	1547	1518	1519	1513
1399090881315829761	1548	1519	1509	1524
1399090881381788636	1525	1546	1502	1527
1399090881397040778	1522	1544	1496	1527
1399090881406890859	1517	1549	1503	1518
1399090881493720197	1514	1552	1514	1507
1399090881511727213	1527	1540	1514	1509
1399090881521744684	1522	1542	1498	1527
1399090881593563418	1540	1526	1492	1531
1399090881606508881	1539	1528	1497	1526
1399090881708507791	1545	1524	1509	1518
1399090881719498661	1549	1520	1508	1523
1399090881729511491	1539	1526	1511	1526
1399090881739509118	1535	1529	1511	1532
1399090881796419834	1529	1535	1519	1525
1399090881910466724	1525	1535	1523	1525
1399090881946421231	1546	1513	1520	1531
1399090881956421917	1544	1517	1507	1539
1399090882022370151	1543	1521	1508	1536
1399090882037339735	1528	1535	1522	1522
1399090882048264993	1527	1538	1521	1521
1399090882144246724	1535	1535	1520	1520
1399090882155255301	1535	1541	1517	1517
1399090882165135012	1524	1552	1514	1518
1399090882228155065	1523	1556	1523	1504
1399090882238177374	1536	1548	1518	1505
1399090882249135392	1533	1553	1501	1516
1399090882362218143	1524	1565	1494	1517
1399090882372075946	1533	1559	1484	1524
1399090882440147301	1547	1547	1489	1517
1399090882449997895	1558	1537	1495	1514
1399090882461044008	1568	1518	1501	1516
1399090882573935946	1574	1506	1495	1526
1399090882583895694	1559	1523	1504	1519
1399090882596912004	1536	1546	1510	1515
1399090882658868945	1541	1541	1519	1515
1399090882669815574	1526	1553	1517	1519
1399090882679774125	1533	1548	1518	1518
1399090882790710552	1532	1550	1515	1523
1399090882800660799	1534	1549	1509	1528
1399090882866768203	1525	1558	1518	1522
1399090882876726562	1535	1549	1513	1527
1399090882902689656	1528	1555	1497	1540
1399090883001498178	1531	1549	1506	1538
1399090883011621984	1540	1534	1511	1539
1399090883022675921	1538	1535	1509	1542
1399090883087528234	1550	1522	1504	1544
1399090883097446160	1548	1523	1507	1544
1399090883188505225	1549	1521	1507	1544
1399090883224442778	1535	1535	1514	1540
1399090883234467464	1541	1527	1520	1537
1399090883299440602	1540	1528	1517	1540
1399090883310407887	1524	1542	1520	1539
1399090883320391087	1528	1537	1519	1541
1399090883431335110	1524	1540	1527	1535
1399090883441444444	1532	1535	1525	1535
1399090883507271921	1518	1547	1527	1540
1399090883518153152	1521	1544	1520	1545
1399090883528243664	1520	1545	1520	1545
1399090883613278035	1533	1536	1520	1547
1399090883655217092	1540	1526	1524	1545
1399090883720171235	1547	1518	1520	1549
1399090883730544620	1550	1516	1522	1545
1399090883741154111	1546	1525	1523	1544
1399090883830070085	1540	1531	1529	1541
1399090883866095160	1535	1535	1534	1537
1399090883876045993	1535	1536	1535	1535
1399090883943005806	1533	1536	1538	1538
1399090883952826332	1527	1541	1544	1531
1399090883967816603	1528	1540	1548	1527
1399090884044768490	1526	1540	1539	1535
1399090884079755735	1527	1544	1538	1535
1399090884148782519	1531	1536	1533	1538
1399090884159806677	1531	1539	1526	1542
1399090884169874108	1538	1535	1508	1553
1399090884256596592	1531	1543	1503	1555
1399090884292013717	1544	1537	1514	1540
1399090884301768809	1544	1540	1511	1535
1399090884368566993	1545	1540	1510	1535
1399090884378564551	1539	1550	1518	1524
1399090884469583143	1546	1543	1508	1525
1399090884479525475	1553	1543	1516	1522
1399090884519486101	1558	1540	1510	1521
1399090884582467520	1558	1538	1509	1524
1399090884595448708	1547	1547	1510	1525
1399090884682525187	1544	1545	1528	1514
1399090884692327558	1540	1542	1538	1510
1399090884728413724	1546	1531	1540	1514
1399090884794423606	1549	1524	1540	1519
1399090884804328808	1540	1532	1533	1533
1399090884814398801	1533	1540	1524	1540
1399090884895399631	1520	1549	1520	1549
1399090884906188717	1520	1549	1520	1549
1399090885001262471	1533	1540	1532	1540
1399090885011293688	1542	1531	1533	1540
1399090885022238298	1544	1527	1536	1536
1399090885108197202	1538	1541	1521	1546
1399090885118185822	1538	1546	1521	1541
1399090885225164545	1543	1558	1527	1517
1399090885236025703	1551	1554	1522	1516
1399090885322094033	1558	1554	1517	1521
1399090885332214410	1567	1548	1510	1523
1399090885343025214	1574	1540	1514	1518
1399090885440939655	1575	1542	1515	1521
1399090885451832783	1573	1539	1513	1521
1399090885461844444	1577	1533	1502	1536
1399090885534778103	1569	1538	1505	1537
1399090885545715408	1553	1552	1518	1528
1399090885657915470	1545	1557	1525	1525
1399090885669840312	1550	1550	1524	1528
1399090885679646050	1549	1552	1529	1523
1399090885753724120	1553	1551	1520	1528
1399090885764785846	1547	1558	1523	1523
1399090885774693477	1545	1562	1520	1524
1399090885883536576	1531	1578	1531	1516
1399090885893532353	1540	1571	1522	1522
1399090885903552940	1535	1575	1514	1531
1399090885968423823	1535	1579	1500	1538
1399090885978393711	1547	1568	1501	1535
1399090886095516351	1546	1569	1509	1528
1399090886106532467	1550	1565	1523	1523
1399090886116379275	1541	1566	1520	1528
1399090886181275220	1548	1559	1514	1540
1399090886191406098	1552	1552	1513	1544
1399090886207408577	1549	1549	1518	1547
1399090886310431008	1549	1547	1519	1548
1399090886320424476	1544	1543	1517	1551
1399090886388352491	1550	1532	1517	1556
1399090886399340959	1540	1540	1522	1550
1399090886409294637	1534	1549	1511	1557
1399090886522105974	1544	1533	1518	1553
1399090886532337498	1543	1535	1526	1547
1399090886543065224	1555	1522	1516	1550
1399090886614191054	1550	1526	1515	1549
1399090886624982377	1544	1533	1525	1541
1399090886710131830	1547	1532	1519	1544
1399090886745393493	1544	1535	1525	1540
1399090886755066614	1548	1533	1526	1534
1399090886822009529	1548	1536	1526	1534
1399090886832151413	1549	1535	1522	1537
1399090886848038408	1556	1521	1528	1534
1399090886950995864	1550	1531	1521	1538
1399090886961189018	1544	1536	1529	1531
1399090887028992576	1545	1532	1531	1529
1399090887038817084	1552	1524	1534	1531
1399090887049711032	1558	1517	1535	1528
1399090887135793721	1570	1505	1534	1531
1399090887172152365	1565	1509	1539	1526
1399090887183149021	1553	1523	1537	1531
1399090887247689514	1541	1536	1532	1539
1399090887258701726	1535	1544	1526	1542
1399090887348760763	1543	1541	1525	1544
1399090887383669443	1543	1546	1528	1537
1399090887394490818	1542	1547	1526	1539
1399090887460992634	1543	1554	1534	1534
1399090887470606128	1550	1549	1531	1535
1399090887481493577	1557	1545	1531	1535
1399090887569528295	1568	1535	1528	1535
1399090887606540370	1578	1522	1524	1540
1399090887672407530	1573	1520	1526	1542
1399090887683335992	1555	1542	1529	1541
1399090887693424472	1543	1554	1531	1544
1399090887775354452	1540	1558	1520	1547
1399090887811163686	1544	1558	1524	1540
1399090887821164075	1549	1550	1529	1536
1399090887887184771	1548	1546	1531	1534
1399090887897125286	1544	1549	1535	1540
1399090887985246020	1535	1552	1541	1536
1399090887995194325	1540	1540	1534	1545
1399090888035224121	1540	1535	1535	1547
1399090888097134895	1542	1531	1538	1548
1399090888107082022	1544	1520	1544	1548
1399090888118095251	1420	1379	1427	1423
1399090888159032208	1398	1392	1442	1416
1399090888302008323	1388	1381	1448	1414
1399090888312185785	1385	1380	1462	1405
1399090888323042217	1381	1371	1453	1409
1399090888332991675	1383	1368	1442	1418
1399090888384954455	1384	1367	1434	1426
1399090888408953220	1388	1362	1427	1433
1399090888505875921	1383	1357	1415	1430
1399090888621799467	1375	1358	1406	1429
1399090888634734355	1369	1365	1405	1430
1399090888644803486	1365	1371	1403	1430
1399090888739597833	1355	1372	1395	1421
1399090888752664121	1356	1373	1394	1420
1399090888762578115	1355	1370	1388	1422
1399090891791710658	1352	1371	1365	1434
1399090891791738477	1362	1367	1352	1441
1399090891791755075	1279	1399	1386	1441
1399090891791782013	1492	1211	1540	1367
1399090891791797845	1175	1175	1175	1175
1399090891791813380	1175	1175	1175	1175
1399090891791828879	1175	1175	1175	1175
1399090891791852235	1175	1175	1175	1175
1399090891791867226	1175	1175	1175	1175
1399090891791884645	1175	1175	1175	1175
1399090891791900842	1175	1175	1175	1175
1399090891791916157	1175	1175	1175	1175
1399090891791931191	1175	1175	1175	1175
1399090891791954006	1175	1175	1175	1175
1399090891791968953	1175	1175	1175	1175
1399090891791983947	1175	1175	1175	1175
1399090891791998647	1175	1175	1175	1175
1399090891792013598	1175	1175	1175	1175
1399090891792036369	1175	1175	1175	1175
1399090891792057186	1175	1175	1175	1175
1399090891792072337	1175	1175	1175	1175
1399090891792087054	1175	1175	1175	1175
1399090891792101691	1175	1175	1175	1175
1399090891792116284	1175	1175	1175	1175
1399090891792139303	1175	1175	1175	1175
1399090891792154053	1175	1175	1175	1175
1399090891792168612	1175	1175	1175	1175
1399090891792187094	1175	1175	1175	1175
1399090891792202198	1175	1175	1175	1175
1399090891792230289	1175	1175	1175	1175
1399090891792245884	1175	1175	1175	1175
1399090891792260597	1175	1175	1175	1175
1399090891792275247	1175	1175	1175	1175
1399090891792290175	1175	1175	1175	1175
1399090891792304841	1175	1175	1175	1175
1399090891792329256	1175	1175	1175	1175
1399090891792344444	1175	1175	1175	1175
1399090891792359435	1175	1175	1175	1175
1399090891792374208	1175	1175	1175	1175
1399090891792389262	1175	1175	1175	1175
1399090891792411927	1175	1175	1175	1175
1399090891792430710	1175	1175	1175	1175
1399090891792450020	1175	1175	1175	1175
1399090891792464800	1175	1175	1175	1175
1399090891792487539	1175	1175	1175	1175
1399090891792502639	1175	1175	1175	1175
1399090891792517333	1175	1175	1175	1175
1399090891792531852	1175	1175	1175	1175
1399090891792546399	1175	1175	1175	1175
1399090891792569311	1105	1105	1105	1105
1399090891792584131	1105	1105	1105	1105
1399090891792598794	1105	1105	1105	1105
1399090891792641599	1105	1105	1105	1105
1399090891792660181	1105	1105	1105	1105
1399090891792674981	1105	1105	1105	1105
1399090891792697916	1105	1105	1105	1105
1399090891792712853	1105	1105	1105	1105
1399090891792727557	1105	1105	1105	1105
1399090891792742260	1105	1105	1105	1105
1399090891792757074	1105	1105	1105	1105
1399090891792780099	1105	1105	1105	1105
1399090891792794649	1105	1105	1105	1105
1399090891792809416	1105	1105	1105	1105
1399090891792824092	1105	1105	1105	1105
1399090891792838669	1105	1105	1105	1105
1399090891792853282	1105	1105	1105	1105
1399090891792876023	1105	1105	1105	1105
