#Time 	 Pos.X 	 Pos.Y 	 Pos.Z 	 Quat.X 	 Quat.Y 	 Quat.Z 	 Quat.W
8564145311000	0.743857	0.784218	0.120177	0.0155628	0.00296542	-0.452643	0.891551
8564153626000	0.743856	0.784212	0.12017	0.0155501	0.00279412	-0.452645	0.891551
8564161984000	0.743858	0.7842	0.12017	0.0149688	0.00277342	-0.452666	0.89155
8564170268000	0.743856	0.784217	0.120167	0.0146606	0.00298081	-0.452822	0.891475
8564178682000	0.74385	0.784205	0.120177	0.0155299	0.00281579	-0.452747	0.8915
8564186998000	0.743851	0.784216	0.120169	0.0153335	0.00245441	-0.452631	0.891562
8564195268000	0.743862	0.784208	0.120156	0.0155005	0.00276548	-0.452761	0.891493
8564203651000	0.743872	0.784205	0.120141	0.0156026	0.00318335	-0.452715	0.891513
8564211990000	0.743852	0.784211	0.120179	0.0151618	0.00310324	-0.452795	0.89148
8564220331000	0.743863	0.784218	0.120168	0.0154972	0.00284324	-0.452725	0.891511
8564228678000	0.743863	0.784216	0.120155	0.0155001	0.00307844	-0.452704	0.891521
8564237003000	0.743861	0.78421	0.120167	0.0156169	0.0026951	-0.452726	0.891509
8564253598000	0.74386	0.784203	0.120127	0.015035	0.00293187	-0.452693	0.891535
8564261987000	0.743856	0.784208	0.120164	0.0151775	0.00309244	-0.452733	0.891511
8564270321000	0.743861	0.784218	0.120166	0.0153944	0.0028304	-0.452698	0.891526
8564278644000	0.743856	0.784212	0.12017	0.0151583	0.00315375	-0.452753	0.891501
8564286992000	0.743857	0.784217	0.120191	0.0148591	0.00354042	-0.45269	0.891537
8564295257000	0.74386	0.784216	0.120161	0.0152284	0.00271023	-0.452791	0.891482
8564303600000	0.743841	0.7842	0.120189	0.0151527	0.00289527	-0.452861	0.891447
8564311979000	0.743859	0.78421	0.12021	0.0152746	0.00308431	-0.452913	0.891419
8564328625000	0.743878	0.784206	0.120183	0.01504	0.00269606	-0.452841	0.89146
8564336955000	0.743893	0.784219	0.120146	0.0153497	0.00322029	-0.452757	0.891496
8564345302000	0.743879	0.784214	0.120161	0.0151076	0.00283283	-0.452691	0.891535
8564353664000	0.743882	0.784212	0.120195	0.0150902	0.003187	-0.452633	0.891563
8564361949000	0.743874	0.784226	0.120227	0.0152516	0.00303059	-0.452704	0.891525
8564370284000	0.743878	0.784227	0.120223	0.0145839	0.00261497	-0.452766	0.891506
8564378641000	0.743877	0.784222	0.120248	0.015456	0.00271364	-0.452724	0.891513
8564386958000	0.743891	0.784207	0.120248	0.0147909	0.00302722	-0.452852	0.891458
8564395289000	0.743881	0.784194	0.120289	0.0148541	0.00301661	-0.45279	0.891488
8564403589000	0.743888	0.784201	0.120303	0.0153012	0.00277161	-0.452709	0.891523
8564428650000	0.743885	0.784233	0.120315	0.0148032	0.0029767	-0.452684	0.891543
8564436995000	0.743855	0.784244	0.120347	0.0156011	0.00277513	-0.452813	0.891465
8564445296000	0.743856	0.784218	0.120398	0.0146217	0.00286794	-0.452866	0.891454
8564453652000	0.743881	0.784205	0.12035	0.0148547	0.00312799	-0.452832	0.891467
8564461987000	0.743884	0.784245	0.120416	0.0144546	0.00344335	-0.452737	0.89152
8564470332000	0.743901	0.78424	0.120393	0.0149417	0.00317721	-0.452771	0.891496
8564478597000	0.743914	0.784216	0.120495	0.0152531	0.00349385	-0.452846	0.891451
8564486980000	0.743956	0.784236	0.120565	0.0152584	0.00386359	-0.45294	0.891402
8564495300000	0.743981	0.784248	0.120613	0.0152041	0.00416534	-0.452951	0.891396
8564503663000	0.743996	0.784231	0.120657	0.0155908	0.0039225	-0.452822	0.891456
8564512056000	0.744008	0.784245	0.120742	0.0149763	0.00399152	-0.45273	0.891513
8564520297000	0.744003	0.784258	0.120824	0.0147955	0.00405272	-0.452636	0.891564
8564528612000	0.743971	0.784252	0.120899	0.0144728	0.00427921	-0.452696	0.891537
8564536952000	0.743972	0.784246	0.120957	0.0146618	0.00390358	-0.452695	0.891536
8564545299000	0.74395	0.784266	0.120998	0.0148449	0.00434779	-0.452736	0.891511
8564553637000	0.743939	0.78427	0.121122	0.0142018	0.00409454	-0.452848	0.891465
8564561942000	0.743941	0.784267	0.12114	0.0147088	0.00442262	-0.452857	0.891451
8564570327000	0.743946	0.784275	0.121202	0.0145548	0.00412796	-0.452833	0.891467
8564578589000	0.743967	0.784268	0.121275	0.0146845	0.00405883	-0.452659	0.891553
8564587026000	0.743934	0.784303	0.121425	0.0147219	0.00383284	-0.452737	0.891514
8564595352000	0.74397	0.784297	0.121425	0.0143173	0.00404466	-0.452738	0.891519
8564603618000	0.743964	0.784325	0.121518	0.0143048	0.00394884	-0.452836	0.89147
8564611955000	0.743978	0.784307	0.121575	0.0138832	0.00425525	-0.452805	0.891491
8564620268000	0.743971	0.78432	0.121684	0.0145528	0.00398831	-0.452962	0.891402
8564628637000	0.743987	0.784345	0.121676	0.0146285	0.00421723	-0.452818	0.891473
8564636936000	0.743974	0.78434	0.121755	0.0140388	0.00405267	-0.452867	0.891458
8564645289000	0.743963	0.784371	0.121806	0.014403	0.00428498	-0.452812	0.89148
8564653633000	0.743932	0.784352	0.121868	0.0146479	0.0040441	-0.452652	0.891558
8564661944000	0.743932	0.78437	0.121906	0.0146816	0.00369772	-0.452737	0.891515
8564670288000	0.743916	0.784347	0.121922	0.0144183	0.00398241	-0.452705	0.891535
8564678616000	0.743924	0.784341	0.12194	0.0150595	0.00356756	-0.452828	0.891464
8564686996000	0.743888	0.784337	0.122025	0.0148273	0.00429949	-0.452794	0.891482
8564695331000	0.743902	0.784338	0.122005	0.0142587	0.00394585	-0.452945	0.891416
8564703628000	0.743893	0.784322	0.122051	0.0142644	0.00389077	-0.452835	0.891472
8564711987000	0.743912	0.784323	0.122066	0.0147576	0.00377657	-0.452763	0.891501
8564720363000	0.743917	0.78432	0.122089	0.0147019	0.00438369	-0.452792	0.891484
8564728598000	0.743918	0.784332	0.122168	0.0147468	0.00422328	-0.452758	0.891502
8564736987000	0.743923	0.784308	0.122197	0.0145915	0.00408328	-0.452821	0.891472
8564745276000	0.743923	0.784303	0.122277	0.0149289	0.00391266	-0.452736	0.891511
8564753624000	0.74392	0.784298	0.122286	0.0150351	0.00423264	-0.452784	0.891483
8564761945000	0.743903	0.784262	0.122334	0.0151525	0.0034016	-0.452811	0.891472
8564770279000	0.743875	0.784298	0.122384	0.0143363	0.0036813	-0.452892	0.891442
8564786983000	0.743862	0.784303	0.122358	0.0148521	0.00407401	-0.452799	0.89148
8564795273000	0.743847	0.784288	0.122368	0.0147223	0.00402578	-0.452777	0.891493
8564803608000	0.743861	0.784302	0.122363	0.0144125	0.00362738	-0.452848	0.891464
8564811954000	0.743853	0.784306	0.122429	0.0150144	0.00370093	-0.452568	0.891596
8564820293000	0.743873	0.784306	0.122421	0.015156	0.00394426	-0.452776	0.891487
8564828752000	0.743898	0.784273	0.122463	0.0151594	0.00396119	-0.452758	0.891496
8564845275000	0.74389	0.784273	0.12257	0.0138782	0.00435897	-0.452838	0.891474
8564853653000	0.743882	0.78428	0.122588	0.0143357	0.00450783	-0.452904	0.891433
8564861993000	0.743871	0.784257	0.122589	0.0147712	0.00437154	-0.452804	0.891477
8564870300000	0.743841	0.784277	0.122578	0.0152994	0.0040136	-0.4528	0.891472
8564878615000	0.74384	0.784267	0.122556	0.0155748	0.00409982	-0.452696	0.89152
8564886909000	0.743813	0.784281	0.122595	0.0150419	0.0036068	-0.452718	0.89152
8564895262000	0.7438	0.784274	0.122576	0.0151153	0.00396749	-0.452731	0.89151
8564903625000	0.743796	0.78427	0.122614	0.0152498	0.0035345	-0.452757	0.891496
8564911958000	0.743823	0.784271	0.122633	0.0147531	0.00464208	-0.452797	0.891479
8564920288000	0.743824	0.784258	0.122628	0.0150159	0.00363843	-0.452853	0.891451
8564928645000	0.743861	0.78426	0.12268	0.0149609	0.00403591	-0.452767	0.891494
8564936984000	0.743866	0.784234	0.122691	0.0149035	0.00420858	-0.45273	0.891513
8564945276000	0.743874	0.784254	0.122716	0.0140649	0.00410709	-0.452753	0.891516
8564953644000	0.74387	0.784253	0.122761	0.0148319	0.00437002	-0.452777	0.89149
8564961990000	0.743859	0.784268	0.12283	0.0147396	0.00379838	-0.452629	0.891569
8564970297000	0.743849	0.784274	0.122864	0.0145222	0.00397393	-0.452733	0.891519
8564978612000	0.743865	0.784261	0.12287	0.01511	0.00409682	-0.452768	0.891491
8564986964000	0.743855	0.784266	0.122902	0.0144463	0.00435644	-0.452584	0.891594
8564995354000	0.743848	0.784252	0.122953	0.0140973	0.00430054	-0.452795	0.891493
8565003647000	0.743858	0.784262	0.122951	0.0141199	0.00347264	-0.452653	0.891568
8565011960000	0.743882	0.784246	0.122932	0.0151557	0.00396539	-0.452708	0.891521
8565020350000	0.743879	0.784254	0.122964	0.0146622	0.00377542	-0.452632	0.891569
8565028583000	0.743896	0.78425	0.122941	0.0146612	0.00413671	-0.452787	0.891489
8565036929000	0.743866	0.784263	0.122982	0.0144279	0.00371436	-0.452811	0.891482
8565045309000	0.743877	0.784247	0.122915	0.0149163	0.00461833	-0.452848	0.891451
8565053601000	0.743887	0.784261	0.122912	0.0140743	0.00423926	-0.452769	0.891506
8565061974000	0.743884	0.784269	0.122966	0.0142088	0.00406546	-0.45279	0.891495
8565078608000	0.743895	0.784309	0.122992	0.0148552	0.00372558	-0.452597	0.891584
8565086956000	0.743883	0.784311	0.123	0.0143715	0.00464003	-0.452581	0.891595
8565095301000	0.743894	0.784296	0.122974	0.0150252	0.00414134	-0.45278	0.891486
8565103641000	0.743903	0.784315	0.12302	0.0142964	0.00427236	-0.452722	0.891527
8565111946000	0.743881	0.784294	0.123016	0.0145852	0.004239	-0.452922	0.891421
8565120295000	0.743929	0.784302	0.123047	0.0140982	0.00421179	-0.452732	0.891525
8565128678000	0.74391	0.784303	0.123074	0.0148	0.00385472	-0.452743	0.89151
8565137001000	0.743963	0.784313	0.123057	0.014711	0.00452764	-0.452619	0.891571
8565145373000	0.743923	0.784314	0.123118	0.0143253	0.00443807	-0.45279	0.891491
8565153718000	0.74394	0.784327	0.12313	0.0146986	0.00459535	-0.452754	0.891503
8565161972000	0.743896	0.78431	0.123134	0.0142988	0.00425615	-0.45275	0.891513
8565170270000	0.743906	0.784327	0.123188	0.0146523	0.00472813	-0.452759	0.8915
8565178604000	0.743859	0.784343	0.123197	0.0148627	0.00433406	-0.452753	0.891501
8565186968000	0.743876	0.784323	0.123206	0.0142096	0.00445771	-0.452726	0.891526
8565195284000	0.743858	0.784314	0.123225	0.0146288	0.00361599	-0.452659	0.891556
8565211929000	0.743854	0.784291	0.123165	0.0142255	0.00403316	-0.452611	0.891586
8565220259000	0.743883	0.784267	0.123162	0.0152036	0.00428485	-0.45263	0.891558
8565228613000	0.743847	0.784243	0.123175	0.0147867	0.00470464	-0.452715	0.89152
8565236954000	0.743869	0.784219	0.123166	0.0153781	0.00417914	-0.452744	0.891498
8565253613000	0.743891	0.784235	0.12314	0.0149863	0.00450532	-0.452619	0.891567
8565261968000	0.743868	0.784257	0.123188	0.0150382	0.00405775	-0.452547	0.891604
8565270296000	0.743903	0.784276	0.123152	0.0145825	0.00383492	-0.452598	0.891587
8565278690000	0.743871	0.784291	0.123172	0.0143074	0.00486763	-0.452791	0.891489
8565286984000	0.74389	0.784307	0.123184	0.0143519	0.00438011	-0.452702	0.891536
8565295359000	0.743858	0.784325	0.123231	0.0141417	0.00421267	-0.452766	0.891507
8565311954000	0.743862	0.784364	0.123252	0.0142213	0.00386993	-0.452848	0.891466
8565320300000	0.743908	0.784371	0.123224	0.0140362	0.00419787	-0.452802	0.891491
8565328588000	0.74386	0.784354	0.123216	0.0146112	0.00397465	-0.452737	0.891516
8565336948000	0.743903	0.784364	0.123253	0.0141054	0.00437126	-0.45271	0.891536
8565345290000	0.743882	0.784361	0.123219	0.0141631	0.00415414	-0.452728	0.891526
8565353631000	0.743886	0.784359	0.123279	0.014535	0.00374318	-0.452768	0.891502
8565361961000	0.743874	0.784337	0.123227	0.0144006	0.00412019	-0.452749	0.891512
8565370294000	0.743866	0.784343	0.123271	0.0146539	0.00425024	-0.452647	0.891559
8565378693000	0.743859	0.784324	0.123296	0.0146286	0.00411412	-0.452625	0.891571
8565386954000	0.74388	0.784293	0.123224	0.0148797	0.00403928	-0.452627	0.891567
8565411939000	0.743892	0.784333	0.123276	0.0142976	0.00468515	-0.452642	0.891565
8565420289000	0.743905	0.784317	0.123289	0.0146994	0.00440092	-0.452707	0.891527
8565428637000	0.743941	0.784314	0.123279	0.0146958	0.00450686	-0.452655	0.891553
8565436986000	0.743965	0.784296	0.123303	0.0142165	0.00435998	-0.452695	0.891542
8565445317000	0.743999	0.784258	0.123241	0.0138442	0.00506924	-0.452709	0.891536
8565453723000	0.743983	0.784218	0.123326	0.0144872	0.0044206	-0.452619	0.891576
8565461952000	0.743981	0.784179	0.12337	0.0146203	0.00479737	-0.452562	0.8916
8565470259000	0.743981	0.784156	0.123379	0.0152432	0.0042186	-0.452649	0.891548
8565478652000	0.74397	0.784136	0.123381	0.0147099	0.00479104	-0.452685	0.891536
8565486988000	0.743956	0.784145	0.123435	0.0150238	0.00411519	-0.452596	0.89158
8565495278000	0.743956	0.784151	0.123383	0.015244	0.00411942	-0.452652	0.891547
8565503632000	0.743931	0.784221	0.123436	0.0151942	0.00418166	-0.452594	0.891578
8565511920000	0.74389	0.784256	0.123442	0.014803	0.0038624	-0.452819	0.891471
8565520252000	0.743882	0.784305	0.123409	0.0148912	0.00439883	-0.452742	0.891506
8565528601000	0.743864	0.78435	0.123437	0.0145608	0.00457587	-0.452785	0.891489
8565536942000	0.743854	0.784381	0.123484	0.0146892	0.00430372	-0.452581	0.891592
8565545315000	0.743861	0.784385	0.123468	0.0143025	0.00459379	-0.452696	0.891538
8565553633000	0.743855	0.784377	0.123486	0.013863	0.00455002	-0.452727	0.89153
8565561932000	0.743855	0.784368	0.123467	0.0149684	0.00440097	-0.452676	0.891539
8565570304000	0.74386	0.784361	0.123486	0.0141061	0.00439066	-0.452697	0.891542
8565578597000	0.743859	0.784339	0.123463	0.0145072	0.00443688	-0.45281	0.891478
8565586940000	0.743898	0.784306	0.12341	0.0146379	0.00418338	-0.452743	0.891511
8565595305000	0.743908	0.784314	0.123455	0.0139814	0.00417572	-0.452768	0.891509
8565603625000	0.743914	0.784295	0.123448	0.0144278	0.00436899	-0.452686	0.891542
8565611982000	0.743947	0.784281	0.123459	0.0145659	0.00421805	-0.452592	0.891589
8565620269000	0.743941	0.784274	0.123485	0.0146445	0.00454693	-0.452627	0.891568
8565628629000	0.743975	0.784286	0.123443	0.0142099	0.00481965	-0.452614	0.89158
8565636912000	0.743971	0.784294	0.12349	0.0148297	0.00436561	-0.452587	0.891586
8565645261000	0.743975	0.784293	0.12349	0.0145214	0.00433968	-0.452594	0.891588
8565653613000	0.743959	0.784302	0.123518	0.0144836	0.00433685	-0.452606	0.891583
8565661969000	0.743945	0.784325	0.123551	0.0143321	0.00396586	-0.452653	0.891563
8565670324000	0.743927	0.784306	0.123543	0.0141591	0.0039213	-0.452627	0.891579
8565678615000	0.743899	0.784308	0.123531	0.014508	0.00440696	-0.452646	0.891561
8565686989000	0.743894	0.784303	0.123525	0.0142758	0.00426537	-0.452598	0.89159
8565695281000	0.743855	0.784295	0.123581	0.0148243	0.00453866	-0.452676	0.89154
8565703652000	0.743848	0.784257	0.123681	0.0144316	0.00454576	-0.452619	0.891576
8565712012000	0.743857	0.784233	0.123659	0.0144916	0.00349055	-0.452825	0.891475
8565720286000	0.743873	0.784248	0.123731	0.0143694	0.00432922	-0.452725	0.891524
8565728644000	0.743871	0.784241	0.123726	0.0143287	0.00386244	-0.452802	0.891488
8565736947000	0.743904	0.784278	0.12374	0.0141003	0.00393382	-0.452637	0.891575
8565745292000	0.743867	0.784266	0.123695	0.0153205	0.00385526	-0.45275	0.891498
8565753636000	0.743891	0.78431	0.123706	0.014372	0.00439088	-0.452694	0.891539
8565770297000	0.743874	0.784342	0.123631	0.0144209	0.00459594	-0.452722	0.891523
8565778599000	0.743816	0.784344	0.123658	0.0147924	0.00355399	-0.452723	0.891521
8565786959000	0.743828	0.784355	0.123596	0.0138371	0.00432622	-0.452775	0.891507
8565795299000	0.74378	0.784343	0.123646	0.0149025	0.0034264	-0.452772	0.891495
8565803633000	0.7438	0.784353	0.123657	0.0148442	0.00372316	-0.452637	0.891563
8565811929000	0.743762	0.784345	0.123682	0.0144537	0.00334837	-0.45279	0.891494
8565820270000	0.743782	0.784342	0.123665	0.0147324	0.00415146	-0.452719	0.891522
8565828653000	0.743758	0.784319	0.123719	0.0147085	0.00367628	-0.452763	0.891502
8565836961000	0.743784	0.784303	0.123707	0.014506	0.00364558	-0.452736	0.891519
8565845300000	0.743789	0.784303	0.123753	0.0148232	0.00348034	-0.452681	0.891543
8565861949000	0.743829	0.784313	0.123803	0.0144858	0.00381771	-0.452702	0.891536
8565870276000	0.743865	0.784308	0.123815	0.0141211	0.00412695	-0.452818	0.891482
8565878619000	0.743861	0.784319	0.12377	0.0149456	0.00388384	-0.452657	0.891551
8565886948000	0.743868	0.784312	0.123764	0.014392	0.00364363	-0.452699	0.89154
8565895327000	0.743849	0.784326	0.123763	0.0143616	0.00382475	-0.452697	0.891541
8565903626000	0.743822	0.784307	0.123777	0.0145238	0.00445347	-0.452877	0.891443
8565911932000	0.743809	0.784312	0.123748	0.0148229	0.00415863	-0.452578	0.891592
8565920334000	0.743817	0.78429	0.123707	0.0145374	0.0045126	-0.452702	0.891532
8565928685000	0.74382	0.784282	0.123734	0.0147258	0.00421207	-0.452695	0.891534
8565936946000	0.74381	0.784274	0.123709	0.0141361	0.00405368	-0.452834	0.891474
8565945318000	0.743851	0.784287	0.12372	0.0136904	0.0041403	-0.452798	0.891498
8565953716000	0.743877	0.78431	0.123736	0.013907	0.00394199	-0.452821	0.891484
8565961935000	0.743906	0.784312	0.123724	0.0134972	0.00388525	-0.452798	0.891503
8565970286000	0.743944	0.78437	0.123797	0.0136697	0.00405459	-0.452788	0.891504
8565978600000	0.743982	0.784377	0.123789	0.0133504	0.00451241	-0.452717	0.891543
8565986937000	0.743992	0.78441	0.123877	0.0130281	0.00382519	-0.452743	0.891538
8565995270000	0.743983	0.78439	0.123901	0.0136823	0.00389763	-0.452655	0.891572
8566003625000	0.743987	0.7844	0.12393	0.0131731	0.00412616	-0.452739	0.891536
8566012017000	0.743958	0.784362	0.123942	0.0139065	0.00395252	-0.452734	0.891529
8566028617000	0.743934	0.784363	0.123862	0.0134551	0.00433341	-0.452815	0.891492
8566036938000	0.743928	0.784406	0.123844	0.0133181	0.00442248	-0.452765	0.891519
8566045287000	0.743913	0.784405	0.123866	0.0138253	0.00446942	-0.452673	0.891558
8566053601000	0.743932	0.784427	0.123889	0.0131864	0.00452871	-0.452792	0.891507
8566061977000	0.743946	0.784444	0.123909	0.0130127	0.0040116	-0.452789	0.891514
8566078652000	0.743942	0.784448	0.124011	0.0133288	0.00407272	-0.452746	0.89153
8566086928000	0.743956	0.784451	0.123989	0.0129866	0.00403917	-0.452875	0.89147
8566095288000	0.743941	0.784453	0.124034	0.0133163	0.00382235	-0.452723	0.891544
8566103600000	0.743933	0.784436	0.124043	0.0134067	0.00373568	-0.452815	0.891496
8566111963000	0.743909	0.784422	0.124061	0.0134621	0.00394239	-0.452727	0.891539
8566120292000	0.743872	0.784386	0.124063	0.0132304	0.00357421	-0.452736	0.891539
8566128599000	0.743854	0.784364	0.124053	0.0134618	0.00368487	-0.452621	0.891594
8566137010000	0.74381	0.78432	0.124078	0.0138737	0.00376349	-0.452568	0.891614
8566145329000	0.743828	0.784306	0.124086	0.0142029	0.00388196	-0.452581	0.891602
8566153596000	0.743812	0.784297	0.124048	0.0149718	0.00449096	-0.452611	0.891571
8566161980000	0.743806	0.784335	0.124131	0.0140113	0.00417256	-0.452656	0.891565
8566170281000	0.743791	0.784339	0.124093	0.0137449	0.00360208	-0.452876	0.89146
8566178609000	0.743828	0.784393	0.124091	0.014172	0.00367559	-0.452726	0.89153
8566186982000	0.743787	0.784388	0.124144	0.0147515	0.00383769	-0.452744	0.89151
8566195305000	0.743827	0.78442	0.124142	0.0133252	0.00362586	-0.452726	0.891543
8566203599000	0.743804	0.784426	0.12422	0.0132684	0.00375167	-0.452788	0.891511
8566211979000	0.743837	0.784438	0.124255	0.0135419	0.00378361	-0.452709	0.891547
8566220289000	0.743827	0.784398	0.124266	0.0139365	0.00357533	-0.45283	0.891481
8566236934000	0.743837	0.784337	0.124199	0.0137732	0.00357119	-0.452688	0.891555
8566245288000	0.743847	0.784338	0.124159	0.0133867	0.00354946	-0.452705	0.891553
8566253646000	0.743818	0.784322	0.124136	0.0145399	0.00381546	-0.452671	0.891551
8566261956000	0.74382	0.784336	0.124109	0.0137305	0.00416523	-0.452623	0.891587
8566270298000	0.74381	0.784365	0.124106	0.0136644	0.0036774	-0.452628	0.891587
8566278598000	0.743839	0.78441	0.124076	0.0140501	0.00404106	-0.452692	0.891547
8566286942000	0.74382	0.784438	0.124114	0.0131306	0.00405952	-0.452766	0.891524
8566295296000	0.743843	0.784473	0.124173	0.012878	0.00391644	-0.452846	0.891487
8566311934000	0.74388	0.784496	0.12424	0.0130927	0.00366911	-0.452795	0.891511
8566320295000	0.743914	0.784486	0.124204	0.0134256	0.00419683	-0.452691	0.891557
8566328668000	0.743903	0.784487	0.124265	0.0125823	0.00339987	-0.45282	0.891507
8566336955000	0.743907	0.784468	0.124228	0.0129324	0.00407367	-0.452706	0.891557
8566345290000	0.743899	0.784436	0.124241	0.0127443	0.00363765	-0.452807	0.89151
8566353619000	0.743924	0.784399	0.124184	0.0138058	0.00347817	-0.452629	0.891585
8566361980000	0.743897	0.784365	0.124233	0.0136304	0.00382021	-0.452605	0.891599
8566378639000	0.743907	0.784314	0.12425	0.0140837	0.00426367	-0.452505	0.89164
8566386987000	0.743927	0.784299	0.124272	0.0140874	0.00406135	-0.452616	0.891585
8566395257000	0.743935	0.784303	0.124215	0.0143786	0.00463092	-0.452529	0.891622
8566403628000	0.743925	0.784326	0.124316	0.0134411	0.00414784	-0.452579	0.891613
8566411961000	0.743907	0.784336	0.124241	0.014059	0.0049402	-0.452645	0.891566
8566420311000	0.743895	0.784361	0.124302	0.0141648	0.00437491	-0.452539	0.891621
8566428630000	0.743892	0.78438	0.124301	0.0143643	0.00409885	-0.452659	0.891559
8566436967000	0.743882	0.78439	0.124319	0.013302	0.00459718	-0.452668	0.891568
8566445291000	0.743878	0.784407	0.124355	0.0134457	0.00401636	-0.452633	0.891587
8566453688000	0.743889	0.784431	0.124326	0.0130958	0.004179	-0.452695	0.891559
8566461987000	0.743911	0.784432	0.124379	0.0127697	0.00421455	-0.452697	0.891563
8566470287000	0.743919	0.784446	0.124301	0.0127512	0.00361386	-0.452705	0.891562
8566478611000	0.743967	0.784459	0.124348	0.0129867	0.00408261	-0.452692	0.891563
8566486939000	0.743959	0.784485	0.124335	0.0133185	0.00406286	-0.452616	0.891597
8566495273000	0.743993	0.78448	0.124306	0.0128342	0.00403613	-0.452763	0.891529
8566503666000	0.743942	0.784489	0.124352	0.0123751	0.0036672	-0.452792	0.891523
8566511963000	0.743966	0.784486	0.124367	0.0127414	0.00393028	-0.452767	0.891529
8566520313000	0.743882	0.784498	0.12443	0.0124801	0.00339248	-0.452776	0.89153
8566528599000	0.743907	0.784507	0.124414	0.0128375	0.00414205	-0.452714	0.891554
8566536948000	0.743835	0.784505	0.124453	0.0126194	0.00381697	-0.452744	0.891543
8566545298000	0.743848	0.784519	0.124455	0.0129227	0.00425849	-0.452677	0.891571
8566553624000	0.743778	0.784533	0.124504	0.013034	0.00330676	-0.452635	0.891595
8566562027000	0.743806	0.784542	0.124445	0.0125548	0.0035968	-0.452709	0.891563
8566570262000	0.743749	0.784548	0.124405	0.0127854	0.00351964	-0.452682	0.891573
8566578639000	0.743797	0.784566	0.124417	0.0126343	0.00356445	-0.452901	0.891464
8566586923000	0.743773	0.784578	0.124465	0.0126971	0.00363734	-0.452729	0.89155
8566595319000	0.743826	0.784586	0.124452	0.0126577	0.00386518	-0.452808	0.89151
8566603623000	0.743795	0.784562	0.124501	0.012858	0.0034131	-0.452749	0.891538
8566611954000	0.743855	0.784565	0.124509	0.0128984	0.00359162	-0.45275	0.891537
8566628618000	0.743879	0.784549	0.124531	0.0120279	0.00379961	-0.452843	0.891501
8566636967000	0.743857	0.784526	0.124514	0.0127989	0.00345836	-0.452763	0.891532
8566653619000	0.743839	0.784476	0.124565	0.0131467	0.00375352	-0.452694	0.891561
8566661949000	0.743852	0.784468	0.124502	0.0132328	0.00393446	-0.452713	0.89155
8566670297000	0.743797	0.784451	0.124567	0.0132277	0.00356197	-0.452678	0.891569
8566678586000	0.743813	0.784466	0.124529	0.0125583	0.00328758	-0.452868	0.891483
8566686934000	0.743778	0.784494	0.124551	0.0129726	0.00368164	-0.452656	0.891583
8566695286000	0.743763	0.784527	0.124549	0.0124205	0.00357426	-0.452653	0.891593
8566703657000	0.743755	0.784548	0.124492	0.0129765	0.0038053	-0.452634	0.891594
8566711951000	0.743775	0.784588	0.124485	0.0124531	0.00333667	-0.452813	0.891512
8566720327000	0.743761	0.784588	0.124512	0.0126242	0.00397536	-0.45274	0.891544
8566728594000	0.743777	0.784611	0.124551	0.01269	0.00344221	-0.452749	0.891541
8566736936000	0.743779	0.784609	0.124591	0.0129517	0.00362737	-0.452727	0.891548
8566745290000	0.743766	0.784617	0.12465	0.0122742	0.00363388	-0.45284	0.8915
8566753632000	0.743802	0.784595	0.124601	0.0125149	0.00391941	-0.452763	0.891535
8566761941000	0.743816	0.784583	0.124584	0.0123941	0.00373758	-0.452869	0.891483
8566778629000	0.743855	0.784552	0.124555	0.0124022	0.0035079	-0.452877	0.89148
8566786957000	0.743889	0.784544	0.124522	0.0120983	0.00413879	-0.452865	0.891487
8566795248000	0.743875	0.784563	0.124536	0.0123382	0.00408472	-0.452881	0.891476
8566803607000	0.743901	0.784559	0.124521	0.0120487	0.00392911	-0.452856	0.891494
8566811997000	0.743898	0.784571	0.124546	0.0121312	0.00405685	-0.452781	0.89153
8566820269000	0.7439	0.784581	0.124592	0.0120817	0.00437752	-0.452791	0.891524
8566828634000	0.743927	0.784583	0.124582	0.0120462	0.00430015	-0.452759	0.891541
8566837004000	0.74393	0.78455	0.124596	0.0121536	0.00428204	-0.452745	0.891547
8566845294000	0.74392	0.784543	0.124615	0.0118845	0.00458122	-0.452817	0.891512
8566853595000	0.743918	0.784536	0.124581	0.012429	0.00447538	-0.452705	0.891563
8566862006000	0.743892	0.784524	0.124548	0.0124412	0.00386547	-0.452761	0.891537
8566870353000	0.743868	0.78454	0.124526	0.0125089	0.00418768	-0.452696	0.891567
8566878652000	0.743848	0.784534	0.124506	0.0123622	0.00387739	-0.452683	0.891578
8566886993000	0.74382	0.784534	0.124519	0.0127821	0.00419643	-0.452752	0.891535
8566895305000	0.743812	0.784515	0.124532	0.0136949	0.00415342	-0.452634	0.891581
8566903654000	0.743773	0.784518	0.124631	0.0126137	0.00429518	-0.452729	0.891549
8566911961000	0.743811	0.784464	0.124578	0.0138115	0.00434613	-0.452527	0.891633
8566920407000	0.743809	0.784453	0.124664	0.013274	0.00360023	-0.452694	0.89156
8566928597000	0.743857	0.78444	0.124679	0.0126218	0.0046295	-0.452713	0.891555
8566937026000	0.743836	0.784447	0.124761	0.0123715	0.00369974	-0.452735	0.891552
8566945299000	0.743895	0.78446	0.124727	0.013112	0.00458694	-0.452741	0.891534
8566953665000	0.743905	0.784488	0.124726	0.0122827	0.00407274	-0.452747	0.891545
8566961936000	0.743919	0.784492	0.124731	0.0124016	0.0043069	-0.452828	0.891501
8566970389000	0.743907	0.7845	0.124764	0.012132	0.00450274	-0.452796	0.89152
8566978606000	0.743924	0.784513	0.124656	0.0124561	0.00414148	-0.45274	0.891546
8566986952000	0.743904	0.784516	0.124656	0.0118706	0.00428205	-0.452763	0.891542
8566995323000	0.743901	0.784539	0.124685	0.0119974	0.00448518	-0.452813	0.891514
8567011932000	0.74391	0.784543	0.12468	0.0121646	0.00448898	-0.452777	0.891529
8567020359000	0.743919	0.784546	0.124657	0.0119397	0.00444737	-0.452715	0.891564
8567028619000	0.743906	0.78457	0.124728	0.0119796	0.00450812	-0.452832	0.891504
8567036944000	0.743924	0.784569	0.124718	0.0125219	0.00432381	-0.452778	0.891525
8567045317000	0.743898	0.784578	0.12477	0.012096	0.00385232	-0.452923	0.891459
8567061947000	0.743867	0.784636	0.12487	0.0118791	0.00348683	-0.452951	0.891449
8567070327000	0.743857	0.784626	0.124844	0.0123029	0.00421267	-0.452868	0.891483
8567078660000	0.743808	0.78462	0.1249	0.0125033	0.00383814	-0.452763	0.891535
8567086950000	0.743817	0.784618	0.124839	0.0124126	0.00408534	-0.452699	0.891567
8567095290000	0.743746	0.78458	0.124843	0.0118518	0.00360493	-0.452734	0.891559
8567103602000	0.743744	0.784571	0.124794	0.012189	0.0036738	-0.452656	0.891594
8567128612000	0.743726	0.784539	0.124726	0.0127029	0.00350968	-0.452805	0.891512
8567136993000	0.743747	0.784563	0.124717	0.0128403	0.00379241	-0.452792	0.891515
8567145349000	0.743741	0.784579	0.124737	0.0128877	0.00343152	-0.45281	0.891507
8567153592000	0.743759	0.784655	0.124775	0.0117476	0.0035188	-0.452959	0.891447
8567161967000	0.743772	0.784661	0.124806	0.0115873	0.00340733	-0.452912	0.891473
8567170279000	0.743733	0.784743	0.124947	0.0119872	0.00346095	-0.452853	0.891498
8567178621000	0.743743	0.784754	0.124942	0.0120142	0.00297256	-0.452772	0.89154
8567186963000	0.743737	0.784813	0.124968	0.0117038	0.00310647	-0.452745	0.891558
8567195291000	0.743724	0.784807	0.124942	0.0112338	0.00324114	-0.452833	0.891519
8567203656000	0.743705	0.784837	0.12495	0.0107885	0.00289743	-0.452893	0.891495
8567211923000	0.743737	0.784838	0.124914	0.0113599	0.00337838	-0.452713	0.891578
8567220287000	0.743704	0.784831	0.124918	0.0112031	0.00299882	-0.452859	0.891507
8567236940000	0.743755	0.784799	0.124939	0.0109077	0.00311501	-0.452965	0.891456
8567245289000	0.743827	0.784758	0.124888	0.0115449	0.00400536	-0.452782	0.891538
8567253576000	0.743829	0.784731	0.124948	0.0113349	0.0034624	-0.452869	0.891498
8567261931000	0.743872	0.784671	0.124976	0.0119137	0.00360718	-0.45269	0.891581
8567270263000	0.743863	0.784642	0.125024	0.011786	0.00382426	-0.452877	0.891487
8567278619000	0.743899	0.784595	0.125094	0.0120853	0.00339443	-0.4527	0.891575
8567295298000	0.743926	0.78457	0.125185	0.0121308	0.00371866	-0.452553	0.891647
8567303611000	0.743926	0.784566	0.125176	0.0118679	0.0037018	-0.452724	0.891564
8567311970000	0.74394	0.784567	0.125174	0.0119309	0.00414446	-0.4527	0.891574
8567320277000	0.743953	0.78457	0.12516	0.0115169	0.00393436	-0.452809	0.891525
8567328657000	0.743997	0.784615	0.125082	0.0117475	0.00359439	-0.452658	0.891599
8567337005000	0.743991	0.78465	0.125117	0.011403	0.00360657	-0.452685	0.89159
8567345297000	0.744	0.78467	0.1251	0.0116455	0.00368529	-0.452764	0.891547
8567361945000	0.743991	0.784681	0.125045	0.011816	0.00407163	-0.452858	0.891495
8567370334000	0.743977	0.784676	0.125054	0.0122408	0.00365586	-0.452797	0.891522
8567378606000	0.743921	0.784634	0.125024	0.0122509	0.00399147	-0.452895	0.891471
8567386998000	0.74389	0.784601	0.125017	0.0118001	0.00297078	-0.452693	0.891583
8567395352000	0.743861	0.784568	0.125083	0.0120616	0.00376135	-0.45263	0.891609
8567403658000	0.743876	0.784549	0.124968	0.0120896	0.00400185	-0.452706	0.891569
8567411992000	0.74383	0.784494	0.125115	0.0119783	0.00419264	-0.452684	0.891581
8567420274000	0.743818	0.784503	0.125131	0.0117732	0.00418951	-0.452856	0.891496
8567428643000	0.743834	0.784491	0.12514	0.0125854	0.00446475	-0.452916	0.891453
8567436965000	0.743803	0.784528	0.125218	0.0124755	0.00346199	-0.452769	0.891534
8567445255000	0.743826	0.78453	0.125172	0.0123288	0.00390689	-0.452792	0.891522
8567453658000	0.743815	0.784615	0.125129	0.0121017	0.00386395	-0.452801	0.891521
8567470376000	0.743775	0.78466	0.125094	0.0117177	0.00356417	-0.452791	0.891533
8567478636000	0.743799	0.784668	0.125021	0.0125744	0.00391931	-0.452809	0.89151
8567486925000	0.743791	0.784703	0.125061	0.011683	0.0034794	-0.452761	0.891549
8567495271000	0.743784	0.784722	0.125072	0.0120357	0.00344338	-0.452867	0.89149
8567503618000	0.743755	0.784736	0.125177	0.0119788	0.00351472	-0.452825	0.891512
8567511943000	0.743773	0.784704	0.125152	0.0125021	0.00395566	-0.452849	0.891491
8567520286000	0.743734	0.784712	0.125299	0.0122385	0.00384616	-0.452687	0.891577
8567528605000	0.743774	0.784668	0.125309	0.0121283	0.00377382	-0.452724	0.89156
8567536924000	0.743785	0.784649	0.125304	0.0123828	0.00380827	-0.45264	0.891599
8567545285000	0.743801	0.784647	0.125337	0.0120063	0.00367928	-0.452625	0.891613
8567553581000	0.743826	0.784633	0.125335	0.0124078	0.00397343	-0.452651	0.891593
8567561922000	0.743842	0.784651	0.125347	0.012217	0.00342165	-0.452755	0.891545
8567570278000	0.743869	0.78467	0.125343	0.0123383	0.00395975	-0.452748	0.891544
8567578625000	0.743851	0.784676	0.125359	0.0118897	0.00329872	-0.452802	0.891526
8567586953000	0.743882	0.784686	0.125349	0.0121986	0.00360873	-0.452755	0.891544
8567595286000	0.743862	0.784689	0.125337	0.0124677	0.0032424	-0.452729	0.891555
8567603599000	0.743885	0.784689	0.12535	0.0117405	0.00344405	-0.4527	0.891579
8567611964000	0.743892	0.784701	0.125354	0.0116977	0.00330131	-0.452702	0.891579
8567620329000	0.743881	0.784719	0.125409	0.0117263	0.00326066	-0.452539	0.891661
8567628651000	0.743864	0.784734	0.125374	0.0112466	0.00406362	-0.452794	0.891535
8567637013000	0.743867	0.784739	0.125354	0.0115588	0.00284344	-0.452842	0.891511
8567653620000	0.743873	0.784799	0.125296	0.0114945	0.00328936	-0.452856	0.891503
8567661966000	0.743893	0.78481	0.125301	0.0110366	0.0037114	-0.4529	0.891485
8567670269000	0.743914	0.784823	0.125236	0.0114337	0.0032114	-0.45282	0.891523
8567678682000	0.743943	0.784828	0.12524	0.0111296	0.0039556	-0.45264	0.891615
8567686943000	0.743934	0.784812	0.125293	0.0114355	0.00290879	-0.452648	0.891611
8567695304000	0.743989	0.784818	0.125265	0.0114736	0.00386854	-0.452569	0.891647
8567703646000	0.743939	0.78479	0.125302	0.0106304	0.00280424	-0.452808	0.89154
8567711960000	0.743947	0.784787	0.125281	0.0114681	0.00366271	-0.452538	0.891663
8567720252000	0.743899	0.784754	0.125325	0.0113901	0.0035201	-0.452858	0.891503
8567728595000	0.743907	0.784747	0.125283	0.0117212	0.00298709	-0.452769	0.891546
8567736946000	0.743853	0.784708	0.125305	0.0117512	0.00346497	-0.452864	0.891495
8567745319000	0.743847	0.784738	0.125336	0.0115146	0.00346497	-0.452848	0.891506
8567761979000	0.743798	0.784747	0.125305	0.0118478	0.00305285	-0.452692	0.891583
8567770248000	0.743775	0.784722	0.125285	0.0116308	0.0034139	-0.452789	0.891535
8567778620000	0.743744	0.784771	0.125329	0.0115789	0.00267817	-0.452781	0.891542
8567786912000	0.743756	0.784766	0.125285	0.0120956	0.00292298	-0.452753	0.891549
8567795272000	0.743713	0.784825	0.125329	0.0109138	0.00349817	-0.45287	0.891503
8567803601000	0.74374	0.784835	0.125293	0.0113224	0.00256039	-0.45277	0.891552
8567811996000	0.743727	0.784883	0.12538	0.0111193	0.00294134	-0.452858	0.891508
8567820284000	0.743773	0.7849	0.12535	0.010788	0.00332693	-0.452815	0.891533
8567828691000	0.743795	0.784921	0.125398	0.0112945	0.00337788	-0.452831	0.891519
8567836950000	0.743863	0.784902	0.12538	0.0114944	0.00381211	-0.452711	0.891575
8567845303000	0.743852	0.784871	0.125417	0.0112172	0.00276999	-0.452865	0.891504
8567853651000	0.743899	0.784855	0.125455	0.0118025	0.00329299	-0.452776	0.89154
8567861977000	0.743919	0.784829	0.125508	0.0114363	0.00342072	-0.452738	0.891564
8567870341000	0.743928	0.7848	0.125493	0.0110457	0.00337889	-0.452718	0.891579
8567878719000	0.743976	0.784778	0.125452	0.0112783	0.00331625	-0.452813	0.891528
8567886985000	0.743958	0.78477	0.125468	0.0116573	0.00313647	-0.452795	0.891533
8567895255000	0.743992	0.784752	0.12538	0.0118555	0.00376533	-0.452638	0.891608
8567903676000	0.743971	0.78476	0.12547	0.0112099	0.0028273	-0.452687	0.891595
8567911940000	0.743949	0.784753	0.125384	0.0118837	0.00382667	-0.452694	0.891579
8567920276000	0.743925	0.784756	0.125449	0.0113082	0.00324378	-0.452736	0.891567
8567928654000	0.743929	0.784767	0.125443	0.0112696	0.00343631	-0.452694	0.891588
8567937026000	0.743887	0.784772	0.125487	0.0116599	0.00341558	-0.452739	0.89156
8567945272000	0.743891	0.78481	0.125513	0.0112456	0.00329202	-0.452712	0.89158
8567953596000	0.743891	0.784806	0.1255	0.0117467	0.00395127	-0.452768	0.891542
8567961976000	0.743927	0.784856	0.125534	0.0111955	0.00340133	-0.452772	0.89155
8567978582000	0.743956	0.784826	0.12557	0.0112247	0.00332782	-0.452906	0.891482
8567986973000	0.743981	0.784795	0.125565	0.0120695	0.00333085	-0.452699	0.891575
8567995342000	0.744	0.784772	0.125589	0.0118712	0.00317077	-0.4528	0.891527
8568003618000	0.744022	0.784763	0.125597	0.0117611	0.00397315	-0.452642	0.891606
8568012044000	0.744016	0.78477	0.125646	0.010794	0.00330961	-0.452764	0.891559
8568028597000	0.743936	0.784866	0.125747	0.0116613	0.00348197	-0.452765	0.891547
8568036949000	0.743915	0.784901	0.125695	0.0112797	0.00307525	-0.452731	0.89157
8568045293000	0.743858	0.784947	0.125729	0.0110109	0.00301473	-0.45282	0.891529
8568053605000	0.743828	0.785	0.125741	0.0110743	0.00328648	-0.452673	0.891602
8568061954000	0.743803	0.785019	0.125725	0.0106404	0.00333912	-0.452881	0.891501
8568070309000	0.743796	0.78504	0.125769	0.0108306	0.00314023	-0.45269	0.891596
8568078620000	0.743788	0.785035	0.125764	0.0105974	0.00259435	-0.452854	0.891518
8568086985000	0.743822	0.785029	0.12575	0.0109285	0.00345527	-0.452713	0.891583
8568095275000	0.743863	0.784988	0.125713	0.011158	0.00314126	-0.452786	0.891544
8568103640000	0.743884	0.784986	0.125774	0.0109594	0.00307478	-0.452776	0.891551
8568111956000	0.743891	0.784959	0.125746	0.0114037	0.00262862	-0.452809	0.891531
8568120308000	0.743932	0.784926	0.125722	0.0108975	0.0030386	-0.452741	0.891571
8568128582000	0.743931	0.784908	0.125726	0.0113745	0.00316935	-0.452827	0.89152
8568136925000	0.743933	0.784894	0.12571	0.0113496	0.0024841	-0.452668	0.891603
8568145307000	0.743949	0.784931	0.125704	0.0117371	0.00334721	-0.452662	0.891599
8568153645000	0.743938	0.784912	0.12566	0.0112761	0.0032352	-0.452653	0.89161
8568161999000	0.743919	0.784956	0.125674	0.0105723	0.00308689	-0.452743	0.891573
8568170281000	0.743945	0.784948	0.125601	0.0106406	0.00358492	-0.45261	0.891638
8568178671000	0.743937	0.784988	0.125668	0.010549	0.00316107	-0.452681	0.891604
8568186938000	0.743949	0.784974	0.125697	0.0106941	0.00289859	-0.452832	0.891527
8568195351000	0.743926	0.784977	0.125681	0.0110207	0.002768	-0.45276	0.89156
8568203594000	0.74393	0.784947	0.1257	0.0109341	0.00339282	-0.452856	0.89151
8568212018000	0.743907	0.784927	0.125794	0.0107063	0.00278435	-0.452875	0.891505
8568228610000	0.743871	0.784861	0.125779	0.0112314	0.00301004	-0.452796	0.891539
8568236910000	0.743868	0.784844	0.125789	0.0111748	0.00303444	-0.452649	0.891614
8568245258000	0.743873	0.784829	0.125754	0.0110022	0.0031458	-0.452718	0.89158
8568253600000	0.743855	0.784852	0.125762	0.0114637	0.00292976	-0.452686	0.891592
8568261961000	0.7439	0.784865	0.125717	0.0110018	0.00288065	-0.452798	0.89154
8568270302000	0.74387	0.784898	0.125802	0.0109079	0.00264818	-0.452713	0.891585
8568278614000	0.743895	0.784952	0.125772	0.01106	0.00301611	-0.452883	0.891496
8568287009000	0.743882	0.784978	0.12584	0.0106991	0.00273533	-0.452893	0.891497
8568295326000	0.743913	0.785022	0.125808	0.0111131	0.00261298	-0.452801	0.891539
8568303614000	0.743897	0.785034	0.125885	0.0106086	0.00241006	-0.452861	0.891515
8568311975000	0.74391	0.78509	0.125856	0.0108297	0.00244746	-0.452759	0.891564
8568320287000	0.743926	0.785079	0.125816	0.0103816	0.00252439	-0.452869	0.891513
8568328671000	0.743938	0.785113	0.125817	0.0102049	0.00267419	-0.452693	0.891604
8568336946000	0.743946	0.785071	0.125808	0.0108092	0.0029164	-0.4529	0.891491
8568345303000	0.743967	0.785051	0.125777	0.0101724	0.00260222	-0.452865	0.891517
8568353641000	0.743968	0.784977	0.125765	0.011534	0.00325572	-0.452799	0.891532
8568361944000	0.743963	0.784954	0.125769	0.0107743	0.00299723	-0.452895	0.891494
8568370285000	0.743957	0.784908	0.125811	0.0112455	0.00346793	-0.452896	0.891485
8568378690000	0.743925	0.784906	0.125805	0.0108258	0.00304233	-0.452824	0.891529
8568386940000	0.743946	0.784882	0.125801	0.0119538	0.00252492	-0.452671	0.891594
8568395312000	0.743891	0.78489	0.125878	0.0117616	0.00270101	-0.45255	0.891658
8568403647000	0.743877	0.784917	0.125868	0.0114503	0.00299296	-0.452758	0.891555
8568411963000	0.743862	0.784929	0.125941	0.0108219	0.00255358	-0.452755	0.891566
8568420272000	0.743849	0.784957	0.125936	0.0110268	0.00308246	-0.452889	0.891493
8568428610000	0.74384	0.784976	0.125943	0.0111415	0.00315466	-0.452702	0.891587
8568436917000	0.743837	0.784968	0.125922	0.0105219	0.00284403	-0.452887	0.891502
8568453607000	0.743853	0.784941	0.125938	0.0112987	0.00249659	-0.452745	0.891565
8568461963000	0.74386	0.784931	0.125889	0.0116894	0.00286494	-0.452732	0.891565
8568470249000	0.743889	0.784912	0.125874	0.0108246	0.00294268	-0.452843	0.89152
8568478630000	0.743888	0.784951	0.125876	0.0116324	0.00230484	-0.452713	0.891577
8568486993000	0.743913	0.784952	0.125885	0.0108321	0.00275057	-0.452801	0.891541
8568495292000	0.743904	0.785002	0.125939	0.0109632	0.0024802	-0.45266	0.891612
8568511937000	0.74392	0.785055	0.126048	0.010623	0.00242902	-0.452692	0.8916
8568520276000	0.743969	0.785078	0.126014	0.0107551	0.00284065	-0.452592	0.891648
8568528678000	0.743955	0.785112	0.126099	0.0107124	0.00215763	-0.452724	0.891584
8568536942000	0.743977	0.78513	0.126122	0.0106655	0.00275639	-0.452763	0.891563
8568545318000	0.743957	0.78512	0.126146	0.0109753	0.00256854	-0.452838	0.891522
8568553595000	0.743982	0.78512	0.12612	0.01061	0.00214987	-0.452864	0.891514
8568561978000	0.743972	0.785092	0.126135	0.01073	0.00287479	-0.452821	0.891532
8568570306000	0.743998	0.785084	0.126135	0.00986649	0.00253605	-0.452721	0.891594
8568578706000	0.744002	0.785046	0.126085	0.0107207	0.00248397	-0.452747	0.891571
8568586915000	0.744021	0.785021	0.126085	0.00945692	0.00246895	-0.452908	0.891504
8568595367000	0.744045	0.784979	0.126016	0.0104757	0.00294598	-0.452736	0.891578
8568603609000	0.744034	0.784958	0.126062	0.0107996	0.00284023	-0.452679	0.891604
8568611977000	0.74406	0.784918	0.126052	0.0110481	0.00284279	-0.452689	0.891596
8568620260000	0.744036	0.784915	0.126184	0.0100048	0.00262575	-0.452743	0.891581
8568628610000	0.744071	0.7849	0.126238	0.0106943	0.00306002	-0.452757	0.891565
8568636977000	0.744078	0.784889	0.126273	0.0109069	0.00260712	-0.452766	0.891559
8568645270000	0.744088	0.784923	0.126386	0.010704	0.00256907	-0.452853	0.891517
8568653599000	0.744113	0.784943	0.1264	0.0101765	0.00315967	-0.452854	0.891521
8568661948000	0.744117	0.785006	0.126512	0.00986286	0.00255425	-0.452838	0.891535
8568670259000	0.744147	0.785096	0.126519	0.0102919	0.00277577	-0.45275	0.891574
8568678643000	0.744147	0.785154	0.1266	0.010231	0.00199609	-0.452815	0.891543
8568686943000	0.74416	0.785272	0.126565	0.0102138	0.00223142	-0.452689	0.891607
8568695274000	0.744137	0.785342	0.12658	0.00976824	0.00162208	-0.452791	0.891562
8568703618000	0.744108	0.785441	0.126579	0.00977141	0.00134015	-0.452689	0.891614
8568712018000	0.744063	0.785454	0.126623	0.0099043	0.00133956	-0.452701	0.891607
8568720269000	0.744048	0.785504	0.126615	0.0113217	0.00144977	-0.452543	0.89167
8568728632000	0.743991	0.785472	0.126621	0.010782	0.0012152	-0.452666	0.891614
8568736987000	0.743944	0.785445	0.12669	0.0101883	0.00103957	-0.452655	0.891627
8568745287000	0.743948	0.785385	0.126589	0.0104794	0.0019981	-0.45267	0.891614
8568753628000	0.743895	0.785303	0.126616	0.0103828	0.00121172	-0.452747	0.891578
8568761960000	0.7439	0.785237	0.126569	0.0102534	0.00209996	-0.452745	0.891579
8568770276000	0.743899	0.785164	0.126556	0.0106319	0.00166374	-0.452641	0.891628
8568778649000	0.743909	0.785124	0.126496	0.0101692	0.00203899	-0.45272	0.891593
8568786963000	0.74391	0.785056	0.126453	0.0106157	0.00192988	-0.45267	0.891613
8568795276000	0.743927	0.785021	0.126396	0.0107159	0.00212101	-0.452666	0.891614
8568811947000	0.743931	0.785006	0.126363	0.0104073	0.00231201	-0.452671	0.891614
8568820263000	0.743992	0.785005	0.12631	0.0102968	0.00219301	-0.452665	0.891619
8568828625000	0.743986	0.785028	0.126355	0.010498	0.00191341	-0.452531	0.891685
8568837021000	0.744029	0.7851	0.126391	0.0101976	0.00242651	-0.452548	0.891679
8568845260000	0.744037	0.785122	0.12642	0.0100673	0.00247042	-0.452588	0.89166
8568853646000	0.744042	0.78518	0.126464	0.010359	0.00200897	-0.452591	0.891656
8568862014000	0.744027	0.785199	0.126578	0.0100717	0.00110572	-0.452724	0.891593
8568870324000	0.744035	0.785263	0.126583	0.00997222	0.0020401	-0.452714	0.891598
8568878640000	0.744025	0.785273	0.126621	0.0102292	0.0017233	-0.452713	0.891596
8568886947000	0.743997	0.785305	0.126642	0.0101136	0.00177041	-0.452704	0.891602
8568895317000	0.743981	0.785311	0.126608	0.0100888	0.00192305	-0.4527	0.891604
8568903605000	0.74395	0.785333	0.126652	0.00999887	0.00102072	-0.452693	0.891609
8568911975000	0.74394	0.785322	0.126586	0.0104064	0.00136278	-0.452601	0.891652
8568920311000	0.743906	0.785293	0.126601	0.010298	0.00156414	-0.452742	0.891581
8568928601000	0.743922	0.785274	0.126572	0.00969853	0.00149891	-0.452736	0.891591
8568936976000	0.743923	0.785248	0.126552	0.0101165	0.00146407	-0.45279	0.891558
8568945310000	0.743918	0.785232	0.126526	0.00958525	0.00152836	-0.452725	0.891597
8568961942000	0.743918	0.785237	0.126582	0.00946778	0.00168033	-0.452812	0.891554
8568970276000	0.743964	0.785269	0.126568	0.00979376	0.00157128	-0.452775	0.89157
8568978639000	0.743957	0.785275	0.126616	0.00956708	0.00155624	-0.452771	0.891574
8568986932000	0.743991	0.78531	0.126586	0.00982852	0.00212666	-0.45277	0.891571
8568995301000	0.743982	0.785299	0.126664	0.00983472	0.00189191	-0.452798	0.891557
8569011952000	0.743976	0.785331	0.126685	0.0100277	0.00174549	-0.452815	0.891546
8569020289000	0.743945	0.785351	0.126741	0.0101998	0.00125743	-0.452758	0.891574
8569028615000	0.743949	0.785324	0.126732	0.010669	0.000805291	-0.452571	0.891664
8569036928000	0.743911	0.785327	0.126782	0.010338	0.000673749	-0.452635	0.891635
8569061957000	0.743915	0.785303	0.126852	0.0100507	0.00122492	-0.452713	0.891599
8569070382000	0.743939	0.785311	0.126835	0.00989534	0.000892416	-0.45269	0.891613
8569078608000	0.743962	0.785371	0.126844	0.0101432	0.00120539	-0.452763	0.891572
8569095315000	0.744014	0.785465	0.1269	0.00977629	0.00118506	-0.45289	0.891512
8569103616000	0.744081	0.785512	0.126806	0.00989725	0.00177731	-0.452773	0.891569
8569112004000	0.744071	0.785553	0.126929	0.00951934	0.000903819	-0.452839	0.891541
8569120330000	0.744122	0.785563	0.126871	0.0103418	0.00182077	-0.452779	0.891561
8569128653000	0.744151	0.78555	0.126878	0.00968188	0.00155119	-0.452833	0.891541
8569136963000	0.744206	0.785546	0.126805	0.010365	0.00206647	-0.452921	0.891488
8569145268000	0.744216	0.785471	0.126817	0.00946326	0.00169093	-0.45298	0.891469
8569153686000	0.744215	0.785422	0.126816	0.0101632	0.00149412	-0.452937	0.891483
8569161932000	0.744198	0.785345	0.126741	0.0100741	0.00214948	-0.452874	0.891515
8569170315000	0.744151	0.785293	0.126791	0.0101874	0.00146212	-0.452839	0.891533
8569178598000	0.744123	0.785228	0.126721	0.0101433	0.00187717	-0.452695	0.891606
8569186951000	0.744077	0.785177	0.126663	0.00948068	0.00163081	-0.452699	0.891612
8569195251000	0.743999	0.78514	0.12667	0.0106484	0.00160136	-0.452572	0.891663
8569203609000	0.743985	0.785124	0.126635	0.0100288	0.00175196	-0.452683	0.891614
8569211941000	0.743895	0.785144	0.126704	0.0100767	0.00180896	-0.452639	0.891635
8569220251000	0.743915	0.785159	0.126619	0.00984196	0.00211041	-0.452712	0.8916
8569228595000	0.743831	0.785203	0.126669	0.0100185	0.00184811	-0.452732	0.891589
8569245348000	0.743814	0.785272	0.126632	0.00985893	0.00139211	-0.452989	0.89146
8569253615000	0.743853	0.78534	0.12659	0.0106467	0.00176607	-0.452892	0.8915
8569261950000	0.743828	0.785339	0.126698	0.0102386	0.000996265	-0.452827	0.891539
8569270269000	0.743886	0.785361	0.126656	0.0105981	0.00175632	-0.452891	0.891501
8569278593000	0.743871	0.785342	0.126733	0.0104175	0.00106788	-0.452802	0.891549
8569286925000	0.743897	0.785345	0.126827	0.00995427	0.00125323	-0.452705	0.891604
8569295311000	0.743911	0.785299	0.126828	0.0104503	0.00139417	-0.452737	0.891582
8569303649000	0.743905	0.785292	0.126882	0.00985639	0.000953976	-0.452737	0.891589
8569311993000	0.743891	0.785263	0.126843	0.0111042	0.00191778	-0.452715	0.891584
8569320273000	0.743875	0.785245	0.1269	0.010591	0.00154575	-0.452695	0.891601
8569328678000	0.743844	0.785238	0.126833	0.0105889	0.00115803	-0.452787	0.891555
8569337034000	0.743825	0.785215	0.126806	0.0104049	0.00164735	-0.452757	0.891572
8569345349000	0.743773	0.785225	0.126812	0.0107753	0.00108302	-0.452851	0.89152
8569353725000	0.743751	0.785245	0.126773	0.0106144	0.00181703	-0.452806	0.891544
8569361982000	0.743701	0.785266	0.12682	0.0103802	0.00086923	-0.452744	0.89158
8569370316000	0.743668	0.785296	0.126817	0.0105613	0.00129479	-0.452691	0.891604
8569378640000	0.743642	0.785309	0.126863	0.0103266	0.000822702	-0.452721	0.891592
8569386999000	0.743632	0.785344	0.126863	0.0102491	0.0012203	-0.452806	0.891549
8569395302000	0.743594	0.785352	0.126962	0.0103942	0.00139291	-0.452906	0.891497
8569403619000	0.743574	0.785376	0.127048	0.0103655	0.00112324	-0.45292	0.89149
8569411957000	0.743587	0.785397	0.12706	0.0105433	0.0019136	-0.453048	0.891422
8569420278000	0.74359	0.785398	0.127165	0.010056	0.000519676	-0.45308	0.891413
8569428599000	0.743643	0.785415	0.127187	0.0096104	0.000988919	-0.452988	0.891464
8569436946000	0.74367	0.785448	0.127306	0.0103549	1.24802e-05	-0.453026	0.891437
8569445289000	0.743748	0.785487	0.12731	0.0101493	0.000892306	-0.452922	0.891492
8569453651000	0.743805	0.785518	0.127417	0.0100944	0.00113652	-0.452942	0.891482
8569461978000	0.743867	0.785585	0.127509	0.00956269	0.000392379	-0.452802	0.89156
8569470272000	0.743966	0.785644	0.127621	0.00963817	0.00146243	-0.452887	0.891514
8569478626000	0.744009	0.785739	0.127831	0.00941713	0.000671423	-0.453001	0.89146
8569486932000	0.744133	0.78584	0.127952	0.0095358	0.00131429	-0.453043	0.891437
8569495279000	0.744188	0.785921	0.128179	0.00790071	0.00142242	-0.453066	0.891441
8569503608000	0.744314	0.786055	0.128269	0.00744307	0.00148431	-0.453086	0.891435
8569511944000	0.744375	0.786128	0.128478	0.00673282	0.00144769	-0.453067	0.89145
8569520236000	0.744504	0.786255	0.128538	0.00605986	0.00187784	-0.453058	0.891459
8569528588000	0.74459	0.786332	0.128663	0.00575754	0.00204177	-0.45313	0.891424
8569536929000	0.744729	0.786487	0.128802	0.00525983	0.00166306	-0.453273	0.891354
8569545305000	0.744846	0.786586	0.128941	0.00521651	0.00174785	-0.453154	0.891415
8569553625000	0.744958	0.786686	0.129155	0.00406606	0.00195536	-0.453337	0.891328
8569561985000	0.745092	0.786768	0.129314	0.00453341	0.00168837	-0.453351	0.891319
8569570329000	0.745245	0.78685	0.129492	0.00340591	0.00207931	-0.453377	0.89131
8569578643000	0.74536	0.786922	0.129686	0.00434262	0.00260037	-0.453543	0.89122
8569586983000	0.745502	0.786975	0.129787	0.00343983	0.00237809	-0.453692	0.891149
8569595281000	0.745578	0.787009	0.129942	0.00447857	0.0022229	-0.453635	0.891174
8569603652000	0.745676	0.787062	0.130059	0.00419188	0.00256722	-0.453479	0.891254
8569611963000	0.745779	0.787118	0.130111	0.00380385	0.00271798	-0.4536	0.891193
8569620295000	0.745872	0.787185	0.130216	0.00321961	0.00241186	-0.453431	0.891282
8569628608000	0.745953	0.787227	0.130331	0.0027395	0.0023527	-0.453294	0.891354
8569636951000	0.746039	0.787298	0.130408	0.00254643	0.00273283	-0.453258	0.891371
8569645254000	0.746113	0.787331	0.13048	0.00236142	0.00302726	-0.453066	0.891469
8569653600000	0.746179	0.787374	0.130542	0.00172043	0.00278245	-0.453171	0.891418
8569661988000	0.746249	0.787378	0.130559	0.00206761	0.00322184	-0.453144	0.891429
8569670277000	0.746238	0.787411	0.130706	0.00154092	0.00262479	-0.453272	0.891367
8569678630000	0.746253	0.7874	0.130748	0.00146469	0.00281742	-0.453137	0.891435
8569686920000	0.746231	0.787384	0.130773	0.00133903	0.00219933	-0.453391	0.891308
8569695301000	0.746226	0.787374	0.130746	0.00177357	0.00279489	-0.453272	0.891366
8569711910000	0.74615	0.787394	0.130752	0.00190196	0.00287012	-0.453182	0.891411
8569720256000	0.746117	0.787371	0.130702	0.00168762	0.00273306	-0.453283	0.891361
8569728602000	0.746036	0.787369	0.130679	0.00205084	0.00236271	-0.45322	0.891393
8569736940000	0.745999	0.787313	0.13053	0.00287722	0.0031506	-0.453271	0.891363
8569745341000	0.745864	0.78727	0.1305	0.00343014	0.00164625	-0.453488	0.891254
8569753630000	0.745792	0.787213	0.130337	0.00383697	0.00188722	-0.453426	0.891284
8569761965000	0.745656	0.787087	0.130205	0.00429239	0.0018176	-0.453469	0.89126
8569770312000	0.745488	0.787002	0.130052	0.00496238	0.00257405	-0.453564	0.891206
8569778621000	0.74532	0.786858	0.129953	0.00420353	0.00133497	-0.453639	0.891174
8569795297000	0.745041	0.786576	0.129513	0.00389134	0.00217236	-0.4533	0.891347
8569803626000	0.744838	0.786459	0.129298	0.00485835	0.00131155	-0.453242	0.891373
8569812000000	0.7447	0.786291	0.129033	0.00572609	0.00301476	-0.453164	0.891404
8569820253000	0.744511	0.786164	0.128894	0.00572382	0.00215648	-0.453164	0.891406
8569828647000	0.744397	0.786031	0.128632	0.00645555	0.00328586	-0.45317	0.891395
8569836942000	0.744266	0.785908	0.128423	0.00764624	0.0019335	-0.453243	0.891352
8569845288000	0.744164	0.785815	0.128186	0.00858258	0.00193692	-0.453141	0.891396
8569853648000	0.744097	0.785729	0.127938	0.00902847	0.0012666	-0.453081	0.891423
8569861956000	0.744025	0.785695	0.12782	0.00903637	0.00167818	-0.453073	0.891426
8569870259000	0.743963	0.785668	0.127663	0.00937924	0.00134393	-0.453067	0.891426
8569878619000	0.743934	0.785649	0.127639	0.00985765	0.00134738	-0.452841	0.891536
8569886964000	0.743891	0.78566	0.127644	0.00991665	0.000663398	-0.452921	0.891495
8569895293000	0.743904	0.785629	0.12763	0.0100747	0.00144075	-0.452773	0.891568
8569903605000	0.743873	0.785646	0.127718	0.0100755	0.000711396	-0.452994	0.891456
8569911938000	0.743879	0.785622	0.127705	0.00970085	0.000938607	-0.452863	0.891527
8569920232000	0.743886	0.785631	0.127808	0.00993203	0.000841364	-0.452943	0.891484
8569928615000	0.743865	0.785687	0.12788	0.0102974	0.00122032	-0.452874	0.891514
8569936938000	0.743895	0.785716	0.12796	0.00960067	0.00107521	-0.452942	0.891488
8569945275000	0.743895	0.785758	0.128021	0.00993582	0.000790694	-0.452844	0.891534
8569961937000	0.743921	0.785888	0.128256	0.00902979	0.000631791	-0.4531	0.891414
8569970270000	0.74396	0.785948	0.128274	0.00884502	0.00182307	-0.453133	0.891397
8569978610000	0.743966	0.785967	0.128374	0.00895892	0.00115206	-0.453158	0.891384
8569986899000	0.743993	0.78606	0.128368	0.00868454	0.00155457	-0.453232	0.891349
8569995281000	0.744016	0.786072	0.128388	0.00821972	0.00105478	-0.453304	0.891317
8570003629000	0.744026	0.786177	0.128472	0.00723297	0.000890445	-0.45331	0.891323
8570012013000	0.744084	0.786198	0.128435	0.00760358	0.00126661	-0.453264	0.891343
8570020275000	0.744052	0.786249	0.12853	0.0073974	0.00075334	-0.453237	0.891359
8570028645000	0.744105	0.786301	0.128546	0.00709983	0.00111174	-0.453042	0.89146
8570036926000	0.744078	0.786302	0.128614	0.00731922	0.000463828	-0.453054	0.891453
8570045247000	0.744089	0.786323	0.128684	0.00723467	0.00119798	-0.453025	0.891468
8570053592000	0.744111	0.786329	0.128734	0.00683176	0.000394877	-0.453195	0.891385
8570061975000	0.744085	0.786348	0.128757	0.00696689	0.00110331	-0.453097	0.891433
8570070273000	0.744083	0.786349	0.128869	0.00711289	0.000594904	-0.453185	0.891388
8570078602000	0.744047	0.786378	0.128888	0.00688679	1.18762e-05	-0.453057	0.891455
8570086941000	0.744016	0.7864	0.128914	0.00709144	5.24952e-05	-0.453197	0.891382
8570095257000	0.743988	0.78644	0.128953	0.00643646	-0.000548449	-0.453068	0.891453
8570103611000	0.743954	0.786505	0.12897	0.00691974	0.000108265	-0.453069	0.891448
8570111957000	0.743923	0.786558	0.129069	0.00634059	-6.76564e-05	-0.452974	0.891501
8570120329000	0.743889	0.786613	0.129071	0.00638409	-0.000685605	-0.45308	0.891447
8570128649000	0.743888	0.786637	0.129057	0.00673432	3.553e-07	-0.452937	0.891517
8570136973000	0.743869	0.786679	0.129141	0.00700821	-0.000614437	-0.453104	0.89143
8570153573000	0.743841	0.7867	0.129148	0.00704463	6.02209e-05	-0.4533	0.89133
8570161986000	0.743811	0.786678	0.129143	0.00712603	-0.000408187	-0.45329	0.891335
8570170251000	0.743789	0.786656	0.12911	0.00681051	0.000280959	-0.453519	0.89122
8570178672000	0.743748	0.786636	0.129141	0.00650883	-0.000174388	-0.453567	0.891198
8570195286000	0.743686	0.786537	0.129164	0.00720071	-0.000220283	-0.453547	0.891203
8570203584000	0.743671	0.786482	0.129051	0.0067442	-1.25319e-05	-0.453598	0.891181
8570211940000	0.743633	0.78641	0.129	0.00847503	-0.000441775	-0.453425	0.891254
8570220278000	0.743585	0.786368	0.128981	0.00881381	8.78887e-05	-0.453286	0.891321
8570228680000	0.743574	0.786291	0.128862	0.00859355	-0.00014464	-0.453156	0.89139
8570236930000	0.743482	0.786264	0.12888	0.0086323	-0.00125607	-0.453139	0.891397
8570245244000	0.743511	0.786193	0.128795	0.00930875	-0.00050251	-0.452848	0.891539
8570253589000	0.743434	0.78617	0.128857	0.00885346	-0.00110797	-0.452967	0.891483
8570278643000	0.743373	0.786166	0.128833	0.00995662	-0.00144161	-0.452772	0.89157
8570287023000	0.743352	0.786184	0.128908	0.010197	-0.00142669	-0.452907	0.891499
8570295304000	0.74331	0.786242	0.129005	0.00944861	-0.0014977	-0.452937	0.891491
8570303605000	0.743325	0.786298	0.12901	0.0098224	-0.00185191	-0.452866	0.891523
8570311931000	0.743249	0.786376	0.129193	0.00869864	-0.00210319	-0.452879	0.891527
8570320274000	0.743259	0.786491	0.129271	0.00809882	-0.00125693	-0.452972	0.891487
8570328609000	0.74325	0.786598	0.129399	0.0077494	-0.00194409	-0.452946	0.891502
8570336964000	0.743264	0.786718	0.129523	0.00695136	-0.00200405	-0.453095	0.891433
8570345296000	0.74329	0.786802	0.129716	0.00695517	-0.00177368	-0.453175	0.891393
8570353626000	0.743304	0.786893	0.129888	0.00696498	-0.00168437	-0.453344	0.891307
8570361946000	0.743325	0.786945	0.130059	0.0070158	-0.00130805	-0.453432	0.891262
8570370288000	0.743361	0.787026	0.1302	0.00665574	-0.00128691	-0.453426	0.891268
8570378618000	0.743407	0.787113	0.130278	0.0062857	-0.00154305	-0.45349	0.891238
8570386939000	0.743445	0.787205	0.130505	0.00506212	-0.00127535	-0.453612	0.891184
8570395302000	0.743457	0.787288	0.13062	0.00511002	-0.00164809	-0.453823	0.891076
8570403638000	0.743519	0.787396	0.130756	0.00457412	-0.00182966	-0.453794	0.891093
8570411953000	0.743529	0.787502	0.130955	0.00468824	-0.00220293	-0.453919	0.891028
8570428586000	0.74361	0.787739	0.131336	0.004646	-0.002016	-0.454008	0.890983
8570436957000	0.743647	0.787874	0.131531	0.00502622	-0.00235489	-0.454065	0.890951
8570445281000	0.743698	0.787982	0.131731	0.00422863	-0.00236785	-0.454093	0.890941
8570453627000	0.743704	0.788131	0.132005	0.00396238	-0.00285658	-0.454243	0.890864
8570461922000	0.743771	0.78826	0.132163	0.00287732	-0.00289547	-0.454192	0.890895
8570470280000	0.743788	0.788411	0.132396	0.00100474	-0.00248505	-0.454346	0.890821
8570478606000	0.74376	0.788563	0.13264	0.000605872	-0.00286675	-0.454344	0.890821
8570487017000	0.743776	0.788761	0.132971	-0.000225431	-0.00273661	-0.454508	0.890738
8570495243000	0.743711	0.788976	0.133258	-0.000849216	-0.00268163	-0.454592	0.890695
8570503591000	0.743726	0.789195	0.133527	-0.00227723	-0.00193002	-0.454641	0.89067
8570512006000	0.743662	0.789404	0.133892	-0.00348336	-0.00269932	-0.454814	0.890575
8570520297000	0.743672	0.789659	0.134166	-0.00504294	-0.00137797	-0.454854	0.890551
8570528632000	0.743642	0.789853	0.134563	-0.00572245	-0.0026307	-0.45509	0.890423
8570536970000	0.743635	0.79007	0.134779	-0.00566454	-0.00186056	-0.454996	0.890474
8570545284000	0.743619	0.790274	0.135111	-0.00651107	-0.00273762	-0.455004	0.890461
8570561994000	0.74359	0.790732	0.135736	-0.00719126	-0.00318259	-0.454995	0.890459
8570570310000	0.743549	0.790992	0.13616	-0.00776732	-0.00422708	-0.455034	0.89043
8570578615000	0.743592	0.791212	0.136333	-0.00835364	-0.00405243	-0.454888	0.8905
8570586960000	0.74359	0.791468	0.136722	-0.00903917	-0.00596311	-0.454883	0.890485
8570595306000	0.743623	0.791701	0.136997	-0.00890547	-0.00549547	-0.45504	0.890409
8570603606000	0.743665	0.791954	0.137363	-0.0085268	-0.00583657	-0.455169	0.890345
8570611945000	0.743711	0.792158	0.13757	-0.00892333	-0.0059404	-0.455567	0.890137
8570620327000	0.743721	0.792392	0.137945	-0.0103625	-0.00437667	-0.455814	0.890004
8570628589000	0.743726	0.792617	0.138302	-0.0105277	-0.00487976	-0.456056	0.889876
8570636956000	0.743801	0.792796	0.13847	-0.0104995	-0.00366484	-0.456313	0.88975
8570653577000	0.743916	0.7932	0.139034	-0.0116473	-0.00278848	-0.456735	0.889522
8570661925000	0.743977	0.793397	0.139405	-0.0135786	-0.00446134	-0.456953	0.889376
8570670276000	0.744069	0.793561	0.139562	-0.0146891	-0.00397749	-0.457073	0.889299
8570678619000	0.74417	0.793746	0.139822	-0.0140703	-0.00442452	-0.457106	0.88929
8570686935000	0.744284	0.793937	0.140147	-0.0140827	-0.00390925	-0.457302	0.889191
8570695344000	0.744393	0.794126	0.140381	-0.0153852	-0.00331543	-0.457486	0.889077
8570711943000	0.744657	0.794428	0.14087	-0.0169114	-0.0030324	-0.457916	0.888829
8570720287000	0.744801	0.794603	0.141078	-0.0176401	-0.00223146	-0.457925	0.888813
8570728600000	0.744894	0.794723	0.141305	-0.0182279	-0.00175211	-0.458029	0.888749
8570736929000	0.744964	0.794884	0.141523	-0.0191005	-0.00279618	-0.458024	0.88873
8570745300000	0.745032	0.795027	0.141783	-0.0198231	-0.00267569	-0.458045	0.888704
8570753638000	0.74506	0.795208	0.142049	-0.0202186	-0.00253384	-0.45785	0.888796
8570761974000	0.745148	0.795366	0.142284	-0.0204488	-0.00267311	-0.457583	0.888928
8570778628000	0.745235	0.795673	0.142722	-0.0215964	-0.00386872	-0.456858	0.889269
8570786971000	0.745255	0.795803	0.142996	-0.022583	-0.00489048	-0.456653	0.889345
8570795325000	0.745267	0.795964	0.143222	-0.0221222	-0.00490337	-0.456278	0.889549
8570803668000	0.745283	0.79607	0.143466	-0.0224004	-0.00524569	-0.456076	0.889644
8570811984000	0.745296	0.79622	0.143721	-0.0222371	-0.00608949	-0.455836	0.889765
8570820286000	0.745352	0.796311	0.143851	-0.0226319	-0.00605001	-0.455713	0.889818
8570828630000	0.745336	0.796404	0.144041	-0.0220924	-0.00708113	-0.455536	0.889915
8570836994000	0.745362	0.796503	0.144161	-0.0220838	-0.00661874	-0.455495	0.88994
8570845260000	0.745365	0.796646	0.144299	-0.0215602	-0.00851706	-0.455476	0.889946
8570853594000	0.745371	0.796763	0.144296	-0.0217969	-0.00794775	-0.455423	0.889973
8570861940000	0.74535	0.796889	0.14442	-0.0229082	-0.00897242	-0.455447	0.889923
8570870274000	0.745341	0.796999	0.144405	-0.0225349	-0.00928442	-0.455286	0.890012
8570878667000	0.745297	0.797119	0.144435	-0.0228668	-0.0097771	-0.454972	0.890159
8570886919000	0.745231	0.797234	0.144544	-0.0222395	-0.0103488	-0.454876	0.890217
8570895269000	0.745151	0.797355	0.144507	-0.0231012	-0.0106418	-0.454697	0.890283
8570903608000	0.74514	0.797455	0.144604	-0.0236126	-0.0110615	-0.454395	0.890419
8570911946000	0.745089	0.797523	0.144531	-0.02349	-0.0113667	-0.454261	0.890486
8570920260000	0.745014	0.797623	0.144654	-0.0244842	-0.0115136	-0.454133	0.890523
8570928625000	0.744982	0.797663	0.144683	-0.0241152	-0.0114713	-0.454107	0.890547
8570945293000	0.744973	0.797769	0.144715	-0.0237003	-0.0117293	-0.453889	0.890666
8570953621000	0.744975	0.797801	0.144768	-0.0244735	-0.0113603	-0.453854	0.890667
8570961942000	0.744999	0.797848	0.144837	-0.024577	-0.0114539	-0.453837	0.890672
8570970289000	0.745038	0.797842	0.144868	-0.0245389	-0.0110961	-0.45401	0.890589
8570978605000	0.745046	0.797867	0.144939	-0.0250541	-0.0114054	-0.454229	0.89046
8570986909000	0.745115	0.797831	0.145032	-0.0243313	-0.0108267	-0.454317	0.890442
8570995332000	0.745131	0.797858	0.145108	-0.0246289	-0.01141	-0.45447	0.890348
8571003589000	0.745181	0.797829	0.14519	-0.0246466	-0.010295	-0.454551	0.89032
8571011974000	0.745187	0.797837	0.14534	-0.0246012	-0.0115888	-0.454697	0.890231
8571020342000	0.745248	0.797836	0.145355	-0.0253375	-0.010598	-0.454657	0.890243
8571028633000	0.745284	0.797864	0.145468	-0.0257271	-0.0112404	-0.45477	0.890167
8571036952000	0.745288	0.797873	0.145526	-0.0255744	-0.0107866	-0.454713	0.890206
8571045322000	0.745324	0.797893	0.145628	-0.0253224	-0.0104107	-0.454855	0.890144
8571053670000	0.745342	0.79789	0.14569	-0.0249627	-0.0104485	-0.454798	0.890183
8571061970000	0.745391	0.797915	0.145743	-0.0252324	-0.00978168	-0.45467	0.890249
8571070273000	0.745421	0.797908	0.145837	-0.0252697	-0.0100857	-0.454713	0.890222
8571078589000	0.745479	0.797909	0.145828	-0.0254285	-0.0094244	-0.454639	0.890263
8571086930000	0.745503	0.797912	0.145977	-0.0257666	-0.00917443	-0.454642	0.890254
8571095292000	0.745545	0.797924	0.146017	-0.0259189	-0.00904084	-0.454736	0.890203
8571103631000	0.745565	0.797935	0.146077	-0.0256681	-0.0086367	-0.454651	0.890258
8571111973000	0.74561	0.798033	0.146196	-0.0261985	-0.00916051	-0.45476	0.890181
8571120268000	0.745611	0.798077	0.146215	-0.0262329	-0.00894779	-0.454885	0.890119
8571128591000	0.745691	0.798203	0.146285	-0.0257858	-0.00858216	-0.454908	0.890124
8571136906000	0.74571	0.798298	0.146281	-0.0257863	-0.00882347	-0.455095	0.890026
8571145262000	0.7457	0.79844	0.146377	-0.0261096	-0.00933162	-0.455182	0.889967
8571153598000	0.745675	0.798537	0.146403	-0.0257312	-0.0095264	-0.455175	0.889979
8571162031000	0.745637	0.798677	0.146369	-0.0257749	-0.010092	-0.455187	0.889966
8571178624000	0.745543	0.798904	0.146364	-0.0251063	-0.0113649	-0.454859	0.890137
8571186932000	0.745474	0.798983	0.146328	-0.0245689	-0.011089	-0.454604	0.890286
8571195257000	0.745388	0.799063	0.146336	-0.0243408	-0.011602	-0.454618	0.890278
8571203610000	0.745227	0.799115	0.146349	-0.0236438	-0.0118914	-0.454388	0.89041
8571211947000	0.745162	0.79917	0.146399	-0.0238147	-0.0122735	-0.45429	0.890451
8571220284000	0.745012	0.799179	0.146379	-0.0234725	-0.012651	-0.454229	0.890486
8571228677000	0.744894	0.799195	0.146322	-0.0239613	-0.0121185	-0.454092	0.89055
8571236946000	0.744726	0.799182	0.146288	-0.0236688	-0.0132775	-0.454085	0.890545
8571245290000	0.744587	0.799191	0.146194	-0.0234997	-0.0126346	-0.453909	0.890649
8571253620000	0.744398	0.799149	0.146179	-0.0229819	-0.0137293	-0.453944	0.890628
8571261972000	0.744181	0.799123	0.14608	-0.0229112	-0.0134483	-0.453833	0.890691
8571270297000	0.743951	0.799074	0.145951	-0.0228634	-0.0148155	-0.4537	0.890738
8571278645000	0.743705	0.799033	0.145852	-0.0219267	-0.0160021	-0.453605	0.89079
8571287046000	0.743426	0.798986	0.145771	-0.0216469	-0.016946	-0.453508	0.890828
8571295262000	0.743157	0.798908	0.145609	-0.0206444	-0.018071	-0.453461	0.890854
8571303643000	0.742869	0.798803	0.14546	-0.0192692	-0.018725	-0.453418	0.890893
8571311982000	0.742614	0.79873	0.145389	-0.0178276	-0.0188591	-0.45319	0.891036
8571320291000	0.742319	0.79861	0.145245	-0.0164505	-0.0191462	-0.453315	0.890993
8571328604000	0.741984	0.798508	0.145126	-0.0173795	-0.0188826	-0.453203	0.891038
8571337028000	0.741689	0.79839	0.144928	-0.0172954	-0.0191561	-0.453436	0.890915
8571345317000	0.74132	0.798273	0.144849	-0.0175228	-0.019492	-0.453457	0.890893
8571353647000	0.741024	0.79818	0.14469	-0.0165265	-0.0199982	-0.453604	0.890826
8571361967000	0.740665	0.798064	0.144598	-0.0158446	-0.0213356	-0.453946	0.890633
8571370284000	0.740337	0.797962	0.144369	-0.0150134	-0.0213746	-0.454191	0.890521
8571378582000	0.740011	0.797835	0.144214	-0.0140619	-0.0231687	-0.454542	0.890313
8571386955000	0.739638	0.797729	0.143987	-0.0136197	-0.0236144	-0.454712	0.890221
8571395265000	0.739265	0.797592	0.14377	-0.0115953	-0.0243986	-0.454644	0.890263
8571412059000	0.738445	0.797384	0.143564	-0.0106214	-0.0241419	-0.45548	0.889855
8571420253000	0.73807	0.797288	0.143403	-0.0108755	-0.0240566	-0.455809	0.889686
8571428605000	0.737655	0.797124	0.143185	-0.0104049	-0.0233246	-0.45605	0.889588
8571436981000	0.737278	0.797052	0.143194	-0.009745	-0.0238886	-0.456388	0.889407
8571445260000	0.736932	0.796876	0.142802	-0.00771689	-0.0243902	-0.456784	0.88921
8571453608000	0.736512	0.796704	0.142632	-0.0063809	-0.0248992	-0.457309	0.888936
8571461920000	0.736195	0.796517	0.14249	-0.00387352	-0.0249977	-0.458038	0.888572
8571470267000	0.73573	0.796332	0.142491	-0.00280782	-0.0259165	-0.458294	0.888418
8571478610000	0.73537	0.796139	0.142345	-0.00250369	-0.0251504	-0.45879	0.888185
8571486943000	0.735011	0.795881	0.14222	-0.00164624	-0.0236547	-0.459334	0.887947
8571495230000	0.734708	0.795684	0.14204	-0.0023413	-0.0229183	-0.459603	0.887826
8571503646000	0.73442	0.795335	0.14183	-0.00262911	-0.0226199	-0.459947	0.887654
8571511973000	0.73405	0.79505	0.141686	-0.00255776	-0.021898	-0.460173	0.887555
8571520288000	0.733824	0.794724	0.141529	6.35507e-05	-0.0210981	-0.460112	0.88761
8571528652000	0.733455	0.794391	0.14164	0.000231738	-0.02164	-0.460348	0.887475
8571545237000	0.732883	0.793747	0.14183	0.00152157	-0.0230104	-0.460381	0.887422
8571553578000	0.732617	0.793382	0.141684	0.00128568	-0.021222	-0.460768	0.887266
8571561954000	0.732448	0.793038	0.14159	0.00156355	-0.0210157	-0.460917	0.887193
8571570327000	0.732232	0.792726	0.141441	0.0015324	-0.0210814	-0.460939	0.88718
8571578598000	0.732099	0.792387	0.141407	0.00298314	-0.021517	-0.460947	0.887162
8571586933000	0.731868	0.79209	0.141534	0.00459617	-0.0229256	-0.461014	0.887085
8571595246000	0.731684	0.791782	0.141589	0.00614164	-0.022702	-0.461204	0.886983
8571603581000	0.731526	0.791444	0.14167	0.00680424	-0.0241702	-0.461482	0.886794
8571611959000	0.731448	0.791126	0.141553	0.00735051	-0.0224808	-0.461764	0.886687
8571628602000	0.731198	0.790511	0.141664	0.00762537	-0.0215642	-0.462647	0.886248
8571636951000	0.73105	0.790224	0.141775	0.008132	-0.021084	-0.463329	0.885898
8571645276000	0.730919	0.789943	0.141896	0.00781453	-0.0216844	-0.46399	0.885541
8571653586000	0.730859	0.789671	0.141886	0.00735473	-0.0215203	-0.464705	0.885173
8571662025000	0.730753	0.789404	0.142024	0.00698876	-0.0232037	-0.465383	0.884778
8571678581000	0.730657	0.78889	0.142252	0.00583848	-0.0232926	-0.466488	0.884201
8571686972000	0.730623	0.788623	0.142326	0.00616784	-0.0234371	-0.466992	0.88393
8571695271000	0.73058	0.788362	0.142536	0.00687053	-0.0250714	-0.467449	0.883638
8571703611000	0.730543	0.788027	0.142784	0.00778247	-0.0239234	-0.467965	0.883389
8571711983000	0.730523	0.787704	0.142908	0.00746408	-0.0240505	-0.468376	0.88317
8571720247000	0.730499	0.787381	0.14316	0.00675939	-0.0222213	-0.468891	0.882951
8571728675000	0.730501	0.787031	0.14331	0.00679698	-0.0215139	-0.469677	0.88255
8571737022000	0.730412	0.786664	0.143589	0.00792473	-0.0215219	-0.470344	0.882185
8571745286000	0.73034	0.786287	0.143785	0.00818459	-0.0211282	-0.47106	0.88181
8571761942000	0.730148	0.785558	0.144335	0.00926092	-0.0213077	-0.471669	0.88147
8571770278000	0.730006	0.785203	0.144643	0.00897873	-0.0213313	-0.471866	0.881366
8571778647000	0.729853	0.784796	0.145009	0.00993352	-0.0209826	-0.472094	0.881242
8571786936000	0.729652	0.78442	0.145276	0.0100667	-0.0206597	-0.472565	0.880996
8571795288000	0.729475	0.784024	0.145554	0.0108119	-0.0191986	-0.472862	0.880861
8571803609000	0.729227	0.783707	0.145989	0.00896808	-0.019753	-0.473406	0.880577
8571811972000	0.728986	0.783293	0.146273	0.00953771	-0.0190393	-0.473829	0.880359
8571820315000	0.728721	0.78289	0.146583	0.0102826	-0.0205142	-0.474234	0.8801
8571828629000	0.728417	0.782501	0.146967	0.0126462	-0.0215072	-0.474602	0.879847
8571836928000	0.728073	0.782083	0.147379	0.0118325	-0.0229658	-0.475232	0.879481
8571845274000	0.727691	0.781696	0.147703	0.0126275	-0.0242608	-0.475453	0.879316
8571853617000	0.727253	0.781222	0.148046	0.0131233	-0.0246121	-0.475764	0.879131
8571861949000	0.726832	0.780826	0.148493	0.0140154	-0.025676	-0.476035	0.87894
8571870318000	0.726334	0.780322	0.148868	0.0153648	-0.0250718	-0.476479	0.878694
8571878658000	0.725794	0.779943	0.149431	0.0166555	-0.0259347	-0.476956	0.878387
8571886954000	0.725296	0.779546	0.149789	0.0188983	-0.0247701	-0.477442	0.878111
8571895347000	0.724699	0.779141	0.150475	0.0180632	-0.0278625	-0.478071	0.877693
8571903583000	0.724135	0.778702	0.150894	0.0184751	-0.0282509	-0.478364	0.877512
8571912010000	0.723449	0.778199	0.151388	0.0184405	-0.0294238	-0.478881	0.877193
8571928585000	0.722186	0.777304	0.152386	0.0165093	-0.0287606	-0.479929	0.87668
8571936950000	0.721559	0.776863	0.15288	0.0177002	-0.0266978	-0.480326	0.876505
8571945294000	0.720856	0.776459	0.153504	0.0171845	-0.0265751	-0.480879	0.876215
8571953585000	0.720126	0.776035	0.154209	0.0167687	-0.0278717	-0.48113	0.876046
8571961978000	0.719336	0.775553	0.154842	0.0173246	-0.028842	-0.481045	0.87605
8571970388000	0.718606	0.775006	0.155192	0.0172671	-0.0272783	-0.48137	0.875923
8571978585000	0.717826	0.774496	0.155825	0.0169972	-0.0247319	-0.481589	0.875883
8571995260000	0.716259	0.773633	0.157021	0.0146572	-0.0217445	-0.482378	0.875571
8572003645000	0.71537	0.773133	0.157719	0.0121475	-0.0228356	-0.482772	0.875364
8572011932000	0.714568	0.772561	0.158227	0.0106746	-0.020912	-0.482929	0.875345
8572020294000	0.713701	0.772001	0.158968	0.0101979	-0.0207368	-0.482989	0.875321
8572028619000	0.712785	0.771576	0.159856	0.00626041	-0.0190147	-0.483439	0.875149
8572036969000	0.711894	0.771092	0.160555	0.00603254	-0.0183617	-0.483453	0.875157
8572045258000	0.710969	0.770553	0.161169	0.00563493	-0.0178334	-0.48351	0.875139
8572053604000	0.709985	0.769997	0.161843	0.00723118	-0.0160868	-0.483531	0.87515
8572061947000	0.709017	0.769523	0.16273	0.00744274	-0.0173661	-0.483485	0.875149
8572070400000	0.707999	0.76906	0.163527	0.00166373	-0.0153313	-0.484243	0.874798
8572078591000	0.706977	0.768527	0.164323	0.000908518	-0.0163371	-0.484148	0.874833
8572086967000	0.705861	0.76802	0.165222	0.000954985	-0.0164275	-0.484295	0.87475
8572095270000	0.704841	0.767519	0.165975	-0.00121767	-0.0152034	-0.484437	0.874693
8572103596000	0.703736	0.76714	0.166968	-0.00513433	-0.0165162	-0.484692	0.874514
8572111939000	0.702636	0.766678	0.167863	-0.00609173	-0.0149373	-0.484632	0.87457
8572120281000	0.701555	0.76614	0.168632	-0.00509845	-0.017158	-0.484563	0.874573
8572128682000	0.700358	0.765645	0.16949	-0.00365063	-0.015483	-0.484444	0.874678
8572136926000	0.699263	0.765257	0.170476	-0.00791865	-0.0171357	-0.484862	0.874387
8572145303000	0.698128	0.764838	0.171336	-0.0081619	-0.0175186	-0.484633	0.874504
8572161953000	0.695771	0.763907	0.173428	-0.00731493	-0.0168689	-0.485488	0.87405
8572170345000	0.694572	0.763495	0.174488	-0.00907388	-0.0139594	-0.485823	0.873899
8572178659000	0.693478	0.763082	0.175508	-0.00832947	-0.0153729	-0.48559	0.874012
8572186934000	0.692265	0.762619	0.176497	-0.00808303	-0.0155372	-0.485723	0.873938
8572195337000	0.691085	0.76215	0.177764	-0.00927868	-0.0161912	-0.485999	0.87376
8572203636000	0.689839	0.761762	0.179101	-0.00749407	-0.0165546	-0.485893	0.873829
8572228624000	0.686384	0.760462	0.182456	-0.00491402	-0.0116626	-0.486392	0.873649
8572236967000	0.685203	0.760076	0.183978	-0.00231133	-0.0139631	-0.48611	0.873783
8572245273000	0.684062	0.75972	0.185125	-0.00202598	-0.0113147	-0.486066	0.873846
8572253647000	0.682984	0.759297	0.186276	-0.00446231	-0.0106997	-0.486471	0.87362
8572261955000	0.681726	0.758964	0.187701	-0.0055745	-0.00906301	-0.487028	0.873322
8572270285000	0.680533	0.758562	0.189089	-0.00246938	-0.00833288	-0.486794	0.873474
8572278608000	0.679353	0.75821	0.190568	-0.00355815	-0.00758461	-0.486694	0.873532
8572286963000	0.678186	0.757887	0.191929	-0.00484152	-0.00690933	-0.486788	0.873479
8572295255000	0.677006	0.757609	0.193542	-0.00345951	-0.00744365	-0.487255	0.873221
8572303606000	0.675805	0.757283	0.194825	-0.00220843	-0.00622509	-0.487	0.873377
8572311979000	0.674609	0.756962	0.196322	-0.00376331	-0.00736605	-0.487043	0.873339
8572320269000	0.673443	0.756735	0.197832	-0.00653347	-0.00630436	-0.487053	0.873325
8572328589000	0.672354	0.756503	0.199344	-0.00690484	-0.00712879	-0.486734	0.873494
8572336971000	0.671235	0.756275	0.200957	-0.0074333	-0.00824509	-0.486844	0.873418
8572345286000	0.67004	0.756028	0.20237	-0.00975493	-0.00709591	-0.486994	0.873322
8572353637000	0.668844	0.755817	0.203992	-0.0103635	-0.00849464	-0.487077	0.873256
8572361925000	0.667749	0.755617	0.205439	-0.00859379	-0.00725499	-0.486691	0.873502
8572370263000	0.666724	0.755495	0.20698	-0.0111253	-0.00942101	-0.48659	0.873509
8572378612000	0.665561	0.755362	0.208748	-0.0148371	-0.00804606	-0.486995	0.873242
8572386924000	0.664434	0.755189	0.210353	-0.015801	-0.00860953	-0.487044	0.873192
8572395281000	0.663289	0.755015	0.212075	-0.0148945	-0.00813471	-0.486637	0.873439
8572403588000	0.66222	0.754867	0.21366	-0.0160346	-0.00761873	-0.486557	0.873468
8572411927000	0.661228	0.754723	0.21524	-0.0175781	-0.00678031	-0.486662	0.873387
8572420263000	0.660207	0.754617	0.216901	-0.0179223	-0.00530461	-0.486868	0.873276
8572428610000	0.659175	0.754434	0.218543	-0.0182223	-0.00595831	-0.486918	0.873237
8572436951000	0.658088	0.75433	0.220299	-0.0211874	-0.00459191	-0.486778	0.873257
8572445274000	0.657084	0.754174	0.221881	-0.0210805	-0.00367807	-0.486736	0.873287
8572453593000	0.656088	0.754127	0.223576	-0.0208312	-0.00470773	-0.486794	0.873256
8572461966000	0.655142	0.754062	0.225337	-0.0181206	-0.00440917	-0.486528	0.873466
8572470316000	0.654184	0.754034	0.226963	-0.0191778	-0.00382796	-0.48644	0.873495
8572478688000	0.65318	0.753972	0.228657	-0.0190502	-0.00127068	-0.486613	0.873409
8572486917000	0.652211	0.753923	0.230421	-0.01846	-0.00114026	-0.486633	0.873411
8572503610000	0.650313	0.753948	0.233841	-0.0192373	-0.000335288	-0.486315	0.873572
8572511922000	0.649463	0.754016	0.235534	-0.0191973	0.000564843	-0.486191	0.873641
8572520283000	0.648636	0.754102	0.237172	-0.0194869	0.00146825	-0.486386	0.873525
8572528684000	0.647778	0.754204	0.238969	-0.0180674	0.000662959	-0.486323	0.873592
8572536944000	0.646924	0.754304	0.240693	-0.0168229	0.000171561	-0.486127	0.873726
8572553605000	0.645243	0.754516	0.244217	-0.0187738	0.00226682	-0.486412	0.873525
8572561983000	0.644442	0.754654	0.246019	-0.0181338	0.00288486	-0.486586	0.87344
8572570270000	0.643659	0.754842	0.247845	-0.0184653	0.00149532	-0.4865	0.873484
8572578658000	0.642919	0.755044	0.249627	-0.0194546	0.000315989	-0.486438	0.873499
8572586965000	0.642196	0.75527	0.251488	-0.0212703	0.00165673	-0.486315	0.873523
8572595277000	0.641501	0.755549	0.253227	-0.020645	0.00251068	-0.486237	0.873579
8572603602000	0.640861	0.755784	0.255031	-0.0212371	0.00297919	-0.486262	0.87355
8572611983000	0.640221	0.756068	0.256648	-0.0221513	0.00323309	-0.486034	0.873653
8572620289000	0.639617	0.756412	0.258547	-0.022505	0.00211364	-0.485774	0.873792
8572628604000	0.639005	0.756791	0.260417	-0.0230885	0.000826471	-0.48545	0.873959
8572636915000	0.638472	0.757183	0.262309	-0.0227567	0.000294714	-0.485277	0.874064
8572645281000	0.637987	0.757597	0.264063	-0.0230369	0.00141694	-0.4851	0.874154
8572653607000	0.63758	0.758013	0.265707	-0.0236917	0.00362481	-0.485255	0.874044
8572661958000	0.637169	0.758458	0.267515	-0.0257774	0.00355507	-0.48543	0.873888
8572670293000	0.636836	0.758949	0.269204	-0.0266924	0.00367195	-0.485283	0.873942
8572678659000	0.636513	0.759449	0.271087	-0.0276155	0.00489917	-0.485541	0.873764
8572686961000	0.636228	0.76007	0.273018	-0.0294152	0.00679754	-0.485397	0.873772
8572695334000	0.635931	0.760644	0.274868	-0.0310327	0.00704144	-0.485307	0.873764
8572703646000	0.63575	0.761234	0.276587	-0.031727	0.00695582	-0.484865	0.873985
8572711960000	0.635588	0.761837	0.278393	-0.0340949	0.00717516	-0.484509	0.874092
8572720270000	0.635468	0.762494	0.280106	-0.0354719	0.00862426	-0.484246	0.87417
8572728643000	0.635465	0.763177	0.281801	-0.0357712	0.0105538	-0.483925	0.874315
8572745259000	0.635409	0.764698	0.285453	-0.0389652	0.0126642	-0.483858	0.874187
8572753603000	0.63542	0.76547	0.287309	-0.0378762	0.0123751	-0.483415	0.874484
8572761950000	0.63556	0.766225	0.288902	-0.0385854	0.0129776	-0.483187	0.87457
8572770272000	0.635682	0.767016	0.290482	-0.0392531	0.0147017	-0.483143	0.874537
8572778604000	0.635869	0.767921	0.292188	-0.0403145	0.0165756	-0.482856	0.874614
8572786973000	0.636059	0.768826	0.29379	-0.0427817	0.0162652	-0.482565	0.874663
8572795282000	0.636318	0.769777	0.29557	-0.0415734	0.0151838	-0.482057	0.875021
8572803606000	0.63664	0.770703	0.297017	-0.0426387	0.0147171	-0.481883	0.875074
8572811942000	0.637009	0.771703	0.298574	-0.0424758	0.0158594	-0.482006	0.874994
8572820337000	0.637383	0.772787	0.300072	-0.0427457	0.0173288	-0.481835	0.875047
8572828581000	0.637852	0.773824	0.301538	-0.0424093	0.0162339	-0.481415	0.875315
8572836927000	0.6384	0.77489	0.303045	-0.0436531	0.0154459	-0.481415	0.875269
8572845247000	0.63887	0.776013	0.304613	-0.0439218	0.0156614	-0.48156	0.875172
8572853669000	0.639425	0.777231	0.306237	-0.0425906	0.0151283	-0.481136	0.87548
8572861952000	0.640056	0.778436	0.307623	-0.0434142	0.016432	-0.481057	0.875459
8572870316000	0.640774	0.779617	0.309054	-0.0461403	0.0137346	-0.480705	0.87556
8572878594000	0.641478	0.780901	0.310523	-0.0445911	0.0148721	-0.480233	0.875881
8572886936000	0.642314	0.782195	0.311727	-0.0449839	0.0147548	-0.480453	0.875742
8572895279000	0.643178	0.783414	0.312935	-0.0439046	0.0143176	-0.480334	0.875869
8572903614000	0.644091	0.784775	0.314162	-0.0451044	0.0159192	-0.48023	0.875838
8572911921000	0.644965	0.786225	0.315669	-0.0443536	0.015361	-0.480358	0.875816
8572920267000	0.645973	0.78757	0.316721	-0.0448177	0.0155597	-0.479679	0.876161
8572928641000	0.647121	0.789009	0.317815	-0.0449677	0.0159469	-0.480168	0.875878
8572936938000	0.648185	0.790473	0.318924	-0.0425715	0.0151846	-0.480234	0.875975
8572945286000	0.649396	0.791986	0.320083	-0.0426153	0.0170473	-0.479742	0.876209
8572953597000	0.65054	0.793526	0.321181	-0.0447261	0.0155053	-0.480071	0.875952
8572961982000	0.651859	0.79512	0.322165	-0.042334	0.0161244	-0.479726	0.876248
8572970280000	0.653165	0.796665	0.323135	-0.0430611	0.0159735	-0.48008	0.876022
8572978667000	0.654461	0.7984	0.324281	-0.0426475	0.0166801	-0.47957	0.876308
8572986975000	0.655868	0.800018	0.325225	-0.0436689	0.01509	-0.479685	0.876224
8572995257000	0.657394	0.801706	0.325906	-0.0425032	0.0155512	-0.479855	0.87618
8573003620000	0.658816	0.803545	0.327133	-0.0422488	0.014445	-0.479728	0.87628
8573011931000	0.660469	0.805207	0.327767	-0.0418928	0.0167901	-0.479657	0.876294
8573020282000	0.662023	0.807075	0.328753	-0.0425007	0.0157104	-0.479986	0.876105
8573028616000	0.663725	0.80895	0.329488	-0.0407176	0.0158589	-0.479463	0.876473
8573036952000	0.665441	0.810746	0.330227	-0.043227	0.0153697	-0.479924	0.87611
8573045272000	0.667135	0.812746	0.33117	-0.0410707	0.0155329	-0.479774	0.876293
8573053618000	0.669007	0.814611	0.331783	-0.0425854	0.0155152	-0.479864	0.876171
8573062010000	0.670779	0.816646	0.332676	-0.0403893	0.0142292	-0.480009	0.876218
8573070265000	0.672727	0.818633	0.333139	-0.0415343	0.0152786	-0.479917	0.876197
8573086941000	0.676656	0.822779	0.334448	-0.040141	0.0147901	-0.480059	0.876192
8573095269000	0.678652	0.824964	0.33523	-0.0422811	0.0131345	-0.480328	0.875971
8573103613000	0.68074	0.827101	0.335552	-0.0387292	0.0137607	-0.479894	0.876363
8573112046000	0.682844	0.829316	0.336244	-0.0427136	0.0119005	-0.480376	0.875941
8573120272000	0.685038	0.831538	0.336533	-0.0393313	0.0119815	-0.480237	0.876175
8573128604000	0.68727	0.833813	0.337139	-0.0413973	0.0118289	-0.480541	0.875915
8573136907000	0.689455	0.83605	0.337421	-0.0392956	0.0116426	-0.480567	0.876
8573145263000	0.69176	0.838382	0.337902	-0.0396728	0.0104011	-0.480581	0.87599
8573153603000	0.694151	0.840741	0.338024	-0.0380832	0.0120064	-0.48104	0.875789
8573161950000	0.696567	0.843133	0.338421	-0.037173	0.00956151	-0.480534	0.876136
8573170263000	0.699023	0.84554	0.338464	-0.0394657	0.0119867	-0.481266	0.875603
8573178613000	0.701431	0.847993	0.338835	-0.0368539	0.00885193	-0.480994	0.875904
8573186991000	0.703967	0.850445	0.338817	-0.0397145	0.0101222	-0.481509	0.875482
8573195265000	0.706566	0.852901	0.338846	-0.0379708	0.00855916	-0.481292	0.875696
8573203643000	0.709124	0.855467	0.338858	-0.0381261	0.00891346	-0.481601	0.875516
8573211963000	0.711762	0.857942	0.338877	-0.0362648	0.00770163	-0.481486	0.875669
8573220290000	0.714336	0.860494	0.338916	-0.0355957	0.00949637	-0.481758	0.875529
8573228651000	0.717062	0.863105	0.338848	-0.0339269	0.00761224	-0.481672	0.875662
8573236968000	0.71986	0.865694	0.338624	-0.0350105	0.00727809	-0.481648	0.875635
8573245287000	0.722651	0.868404	0.338464	-0.0334914	0.00806737	-0.481868	0.875566
8573253625000	0.725501	0.871004	0.33815	-0.0328571	0.00532568	-0.481578	0.875771
8573261944000	0.728301	0.873687	0.337942	-0.0333058	0.0073836	-0.48214	0.87543
8573270296000	0.731196	0.876406	0.337645	-0.0302786	0.00745177	-0.482018	0.875606
8573278616000	0.734042	0.87912	0.337297	-0.0289461	0.00657518	-0.481839	0.875757
8573286907000	0.73697	0.881867	0.337062	-0.0303532	0.00762494	-0.482261	0.875469
8573295254000	0.740026	0.884599	0.336277	-0.0298991	0.00601559	-0.481862	0.875716
8573303599000	0.742954	0.887425	0.336132	-0.0276355	0.00472544	-0.482232	0.875595
8573311942000	0.745977	0.890235	0.335635	-0.0291661	0.00566039	-0.481898	0.875724
8573320298000	0.749112	0.893081	0.334913	-0.0268868	0.00511536	-0.481767	0.875872
8573328609000	0.752189	0.89591	0.334371	-0.026321	0.00546188	-0.48249	0.875489
8573336946000	0.755294	0.898779	0.333697	-0.0235887	0.00242757	-0.481743	0.875992
8573345273000	0.758409	0.901695	0.333247	-0.0260878	0.00264608	-0.481759	0.875911
8573353590000	0.761568	0.904641	0.332471	-0.0276536	0.00367766	-0.482113	0.875665
8573361917000	0.764841	0.907503	0.331632	-0.0221499	0.00225875	-0.481938	0.875922
8573370298000	0.768044	0.910463	0.330929	-0.0232253	0.00283092	-0.482059	0.875826
8573378613000	0.771263	0.913453	0.330131	-0.0228439	0.00141672	-0.481582	0.876102
8573387025000	0.77456	0.916404	0.329266	-0.0213336	0.00059046	-0.481142	0.876383
8573395249000	0.777872	0.919377	0.328347	-0.0224507	0.0030844	-0.4817	0.876043
8573403629000	0.781124	0.922369	0.327589	-0.0195969	0.00156878	-0.481574	0.876185
8573411946000	0.784543	0.925349	0.326429	-0.0191628	0.00221375	-0.481259	0.876366
8573420343000	0.787843	0.928385	0.325519	-0.0206388	0.00149513	-0.481433	0.876238
8573428631000	0.791204	0.931403	0.324647	-0.0185108	0.00081921	-0.480952	0.876551
8573436946000	0.794692	0.934386	0.32335	-0.0189735	0.00235976	-0.481104	0.876455
8573453657000	0.801593	0.94049	0.321081	-0.0170329	0.00112182	-0.481015	0.876546
8573461922000	0.805007	0.943516	0.319831	-0.0159498	0.00251394	-0.481409	0.876347
8573470270000	0.808458	0.946558	0.318784	-0.0131231	0.00307671	-0.481045	0.876592
8573478616000	0.811911	0.949587	0.317421	-0.0135509	-0.00020509	-0.480489	0.876896
8573486949000	0.815431	0.952653	0.316118	-0.0130422	0.00161277	-0.480649	0.876815
8573495306000	0.81887	0.955749	0.3149	-0.0140823	0.000415989	-0.48063	0.87681
8573503616000	0.822454	0.958783	0.313297	-0.00929544	-0.000222543	-0.480705	0.876833
8573511933000	0.82592	0.961816	0.311963	-0.00860557	0.00152911	-0.481074	0.876636
8573520283000	0.829437	0.964881	0.310523	-0.00746328	-0.00118241	-0.480618	0.876898
8573528699000	0.832969	0.967902	0.308969	-0.00585024	-0.000445155	-0.480612	0.876914
8573536979000	0.836421	0.971007	0.307623	-0.00669826	-0.000647366	-0.48029	0.877084
8573545261000	0.839983	0.974045	0.306063	-0.00257853	-0.00205499	-0.480072	0.877223
8573553617000	0.843543	0.97706	0.304371	-0.00206456	-0.00150548	-0.48002	0.877254
8573562008000	0.847053	0.980114	0.30285	4.92756e-05	-0.00165974	-0.479914	0.877314
8573570298000	0.8506	0.983134	0.301213	0.00109002	-0.00326846	-0.479818	0.877362
8573578628000	0.854143	0.98617	0.299334	0.00238402	-0.00195492	-0.47964	0.87746
8573595271000	0.861118	0.99224	0.295918	0.00350718	-0.00298223	-0.479696	0.877423
8573603612000	0.864587	0.995258	0.294213	0.0050953	-0.00444682	-0.47939	0.877576
8573612009000	0.868072	0.998242	0.292307	0.00701014	-0.00680558	-0.479321	0.877585
8573620301000	0.871562	1.00124	0.290448	0.00767454	-0.00445228	-0.479458	0.87752
8573628590000	0.874963	1.00426	0.288559	0.00734962	-0.0086834	-0.479403	0.877521
8573636955000	0.878513	1.00719	0.286458	0.00884451	-0.00650308	-0.479441	0.877506
8573645260000	0.881864	1.0102	0.284659	0.0103051	-0.00843767	-0.479055	0.877684
8573653603000	0.88531	1.01309	0.282684	0.0114025	-0.0100763	-0.47879	0.877797
8573661953000	0.88873	1.01603	0.28064	0.0126289	-0.0112114	-0.478617	0.877861
8573670289000	0.892147	1.01893	0.278668	0.012892	-0.0125773	-0.478605	0.877846
8573695276000	0.902363	1.02751	0.272203	0.0165384	-0.0133651	-0.478611	0.877769
8573703598000	0.905674	1.03039	0.270361	0.0159542	-0.0143491	-0.478093	0.878047
8573711930000	0.909145	1.03321	0.267879	0.0190194	-0.0141865	-0.478132	0.877967
8573728663000	0.915825	1.03875	0.263517	0.0230407	-0.0154668	-0.478059	0.877889
8573736953000	0.919083	1.04151	0.261402	0.0238538	-0.0151268	-0.478093	0.877855
8573745243000	0.92235	1.04419	0.259179	0.0222304	-0.0144222	-0.477901	0.878014
8573753585000	0.925524	1.04691	0.256833	0.0249591	-0.0148146	-0.477795	0.877992
8573770303000	0.93195	1.05225	0.252264	0.0297707	-0.0154712	-0.477907	0.877769
8573778614000	0.935103	1.05481	0.249861	0.0289548	-0.0151314	-0.477728	0.8779
8573786932000	0.938115	1.05746	0.247702	0.0295249	-0.0168724	-0.477283	0.878091
8573795271000	0.94117	1.05999	0.245222	0.0330268	-0.017917	-0.477775	0.877678
8573803605000	0.944179	1.06256	0.242849	0.0352608	-0.0172555	-0.477821	0.877579
8573820263000	0.950161	1.06756	0.237905	0.036064	-0.0183058	-0.47721	0.877858
8573828616000	0.95303	1.06997	0.235473	0.0385978	-0.0180303	-0.477454	0.877623
8573836970000	0.955918	1.0724	0.233227	0.0405288	-0.0198512	-0.477587	0.877425
8573845262000	0.958755	1.07483	0.230723	0.0413804	-0.0186942	-0.477266	0.877585
8573853652000	0.961539	1.07711	0.228236	0.04116	-0.0195481	-0.477479	0.877461
8573861928000	0.964291	1.07943	0.225893	0.0448689	-0.0204347	-0.477284	0.877365
8573870288000	0.967054	1.08171	0.223329	0.0441407	-0.0201255	-0.477423	0.877333
8573878608000	0.969669	1.08387	0.220942	0.0476337	-0.0208118	-0.47705	0.877338
8573886932000	0.972296	1.08604	0.218459	0.0497972	-0.0200274	-0.477211	0.877148
8573895299000	0.974756	1.08819	0.216135	0.04687	-0.0208334	-0.477268	0.87726
8573903575000	0.977271	1.09028	0.213636	0.049817	-0.0217916	-0.476911	0.877268
8573911975000	0.979652	1.09227	0.211176	0.0537641	-0.0217504	-0.477101	0.876933
8573928647000	0.984261	1.09617	0.206355	0.0562794	-0.0242375	-0.47696	0.876786
8573936957000	0.986606	1.09812	0.20378	0.0565808	-0.0238787	-0.476733	0.8769
8573945293000	0.988734	1.09998	0.201391	0.0565786	-0.0254184	-0.4771	0.876658
8573953645000	0.990822	1.10174	0.198944	0.0598889	-0.02553	-0.476869	0.87656
8573961927000	0.992928	1.10353	0.196421	0.0597962	-0.0271562	-0.47695	0.876473
8573970279000	0.994799	1.10516	0.194098	0.0611817	-0.0269358	-0.476915	0.876404
8573978604000	0.99669	1.10685	0.191773	0.0618369	-0.0292992	-0.477221	0.876115
8573986954000	0.998601	1.10836	0.189041	0.0661661	-0.0287895	-0.476229	0.876355
8573995317000	1.00021	1.10991	0.186811	0.0628057	-0.02926	-0.477141	0.876091
8574003623000	1.00197	1.1114	0.184204	0.0663466	-0.0312035	-0.476781	0.875959
8574011931000	1.00347	1.11273	0.1819	0.068359	-0.032181	-0.476484	0.875931
8574020262000	1.00498	1.11409	0.179506	0.0688739	-0.0319167	-0.476493	0.875895
8574028661000	1.00644	1.11529	0.176976	0.0709474	-0.0339522	-0.475915	0.875967
8574036961000	1.00769	1.1164	0.174772	0.0734321	-0.0346279	-0.47597	0.875706
8574045260000	1.00895	1.11751	0.172402	0.0741504	-0.0361318	-0.476506	0.875293
8574053663000	1.01017	1.11851	0.170092	0.0751687	-0.0347735	-0.475913	0.875584
8574061967000	1.0113	1.11944	0.167638	0.0798442	-0.0344238	-0.475457	0.875432
8574070264000	1.01227	1.12034	0.165486	0.0780538	-0.0349443	-0.475395	0.875606
8574078658000	1.01317	1.12116	0.163321	0.0782639	-0.0347035	-0.475355	0.875619
8574086960000	1.01398	1.12199	0.161352	0.0798556	-0.0370938	-0.475345	0.875382
8574095254000	1.01481	1.12284	0.159198	0.0790254	-0.0374086	-0.475588	0.875312
8574103599000	1.01537	1.1236	0.157628	0.0752466	-0.0379283	-0.47588	0.875464
8574111937000	1.01583	1.12438	0.156119	0.0708871	-0.0396009	-0.476721	0.875297
8574120228000	1.01622	1.12513	0.15455	0.0673771	-0.0398216	-0.477861	0.874942
8574128577000	1.01656	1.12586	0.153362	0.0624705	-0.0392222	-0.478889	0.874771
8574136927000	1.01685	1.12653	0.152259	0.057539	-0.0390402	-0.479807	0.874614
8574145275000	1.01718	1.12709	0.151363	0.0540928	-0.040295	-0.480906	0.874174
8574153614000	1.01741	1.12766	0.150612	0.0501851	-0.0388015	-0.481915	0.873918
8574161945000	1.01769	1.12809	0.149914	0.0474714	-0.0380586	-0.482627	0.87371
8574170255000	1.01788	1.1284	0.149505	0.0456731	-0.0369924	-0.483268	0.873497
8574187034000	1.01822	1.12872	0.149007	0.0435032	-0.0351881	-0.483633	0.873481
8574195240000	1.01829	1.1287	0.148907	0.0444902	-0.035637	-0.483551	0.873458
8574203680000	1.01829	1.12864	0.148996	0.0450027	-0.0356017	-0.483285	0.87358
8574211996000	1.01832	1.12843	0.149158	0.0467959	-0.0350295	-0.482847	0.873752
8574220261000	1.01818	1.12816	0.149548	0.0482372	-0.0361168	-0.482429	0.87386
8574228624000	1.01794	1.12784	0.15006	0.0507297	-0.0364706	-0.481753	0.874077
8574237016000	1.01763	1.12743	0.150656	0.0521529	-0.0372106	-0.481446	0.874131
8574245290000	1.01719	1.127	0.151314	0.0544691	-0.0381997	-0.481089	0.874144
8574253597000	1.01653	1.1265	0.152175	0.0564399	-0.0393439	-0.480794	0.87413
8574261910000	1.01583	1.12598	0.153133	0.0588884	-0.039588	-0.48079	0.87396
8574270257000	1.01504	1.12546	0.154056	0.0613077	-0.0405938	-0.480921	0.873675
8574286964000	1.01319	1.12414	0.156421	0.0654687	-0.0413715	-0.480933	0.87333
8574295283000	1.01211	1.12336	0.157702	0.0710783	-0.0430936	-0.480157	0.873236
8574303566000	1.01088	1.12251	0.159076	0.0765846	-0.0466951	-0.479772	0.872796
8574311916000	1.00966	1.1216	0.160315	0.0788107	-0.0469436	-0.480243	0.872325
8574320305000	1.00834	1.12061	0.161786	0.0802467	-0.0473023	-0.480152	0.872225
8574328592000	1.00679	1.11949	0.163485	0.0855058	-0.0500806	-0.479385	0.871992
8574336942000	1.00527	1.11839	0.165148	0.0876749	-0.0535364	-0.479557	0.871477
8574345395000	1.00359	1.11716	0.166811	0.0946304	-0.0519284	-0.478842	0.87124
8574361947000	0.999923	1.11445	0.170599	0.102024	-0.0559803	-0.47783	0.87071
8574370275000	0.997944	1.11291	0.172573	0.106317	-0.0575621	-0.476834	0.870639
8574378581000	0.995882	1.11142	0.174445	0.109798	-0.058326	-0.476415	0.870386
8574386922000	0.993695	1.10972	0.176428	0.115631	-0.059807	-0.475152	0.87022
8574395320000	0.991408	1.10807	0.178558	0.117577	-0.0611644	-0.474783	0.870066
8574403620000	0.988958	1.10624	0.180832	0.116264	-0.0620043	-0.474731	0.870212
8574412016000	0.986476	1.10441	0.182772	0.122329	-0.0605641	-0.47341	0.870201
8574420279000	0.983799	1.10243	0.185	0.121457	-0.0620828	-0.473327	0.870262
8574428651000	0.981051	1.10037	0.187039	0.123339	-0.0623597	-0.472834	0.870245
8574437052000	0.978202	1.0983	0.189162	0.126431	-0.0617715	-0.47151	0.870562
8574445421000	0.975163	1.09606	0.191477	0.124523	-0.063384	-0.4717	0.870618
8574453692000	0.972056	1.09376	0.193513	0.124283	-0.0621485	-0.471409	0.870899
8574461932000	0.968683	1.09135	0.195915	0.123598	-0.0641618	-0.470879	0.871137
8574470297000	0.965318	1.08887	0.198197	0.122143	-0.0618733	-0.470468	0.87173
8574478642000	0.961672	1.08634	0.200588	0.121264	-0.0628216	-0.470127	0.871968
8574486930000	0.958062	1.08368	0.202688	0.119136	-0.0611451	-0.470289	0.872293
8574495300000	0.954201	1.08092	0.204988	0.118738	-0.0624432	-0.469806	0.872516
8574503680000	0.95018	1.07798	0.207369	0.116114	-0.061956	-0.469818	0.872898
8574511976000	0.946009	1.07499	0.20979	0.115685	-0.0621681	-0.46911	0.87332
8574520315000	0.941701	1.07187	0.21203	0.115883	-0.0615774	-0.46853	0.873647
8574528593000	0.937115	1.06869	0.214673	0.112195	-0.0623122	-0.468643	0.874016
8574536968000	0.932503	1.06539	0.217005	0.110946	-0.0634127	-0.468152	0.874359
8574545267000	0.927747	1.06189	0.219268	0.112513	-0.0620158	-0.467667	0.874518
8574553644000	0.922689	1.05832	0.222042	0.110259	-0.0642965	-0.467558	0.874699
8574561949000	0.917621	1.05456	0.224392	0.109863	-0.0628557	-0.466907	0.875201
8574570252000	0.912301	1.05074	0.226939	0.109414	-0.0604911	-0.466304	0.875745
8574578634000	0.906948	1.04694	0.229595	0.110313	-0.064982	-0.465917	0.875517
8574595244000	0.895602	1.03868	0.234974	0.106682	-0.0632989	-0.465597	0.87626
8574603596000	0.889813	1.03446	0.237547	0.109504	-0.064633	-0.465289	0.875978
8574611970000	0.883746	1.03018	0.240197	0.108083	-0.0653068	-0.46483	0.876348
8574620309000	0.877553	1.0257	0.242922	0.106282	-0.0639994	-0.464707	0.87673
8574628603000	0.8713	1.02127	0.245778	0.106541	-0.063594	-0.464077	0.877062
8574636908000	0.864825	1.01659	0.24866	0.10714	-0.0637971	-0.463585	0.877234
8574662010000	0.844607	1.00219	0.257306	0.104637	-0.0648305	-0.462988	0.877776
8574670278000	0.837494	0.997242	0.260334	0.103238	-0.0653116	-0.462847	0.87798
8574678675000	0.830374	0.992187	0.263384	0.103214	-0.0655978	-0.462169	0.878318
8574686919000	0.823106	0.987072	0.266396	0.103867	-0.0652331	-0.461715	0.878508
8574695310000	0.815674	0.981899	0.269653	0.100093	-0.065888	-0.461627	0.878943
8574703624000	0.808122	0.976589	0.272769	0.0985651	-0.0655414	-0.461468	0.879225
8574712007000	0.800361	0.971206	0.275988	0.0987983	-0.0644891	-0.461455	0.879283
8574720291000	0.792536	0.965741	0.279279	0.0968984	-0.0642589	-0.461092	0.879702
8574728580000	0.784512	0.960221	0.282704	0.093307	-0.0657831	-0.461309	0.879864
8574736957000	0.77636	0.954616	0.286248	0.0918427	-0.0629594	-0.460642	0.880573
8574745279000	0.768163	0.94887	0.289486	0.0939132	-0.0655897	-0.460207	0.880391
8574753622000	0.759885	0.9431	0.29283	0.089994	-0.0630935	-0.460096	0.88104
8574761947000	0.751436	0.937168	0.296436	0.0891829	-0.0617867	-0.459885	0.881326
8574770345000	0.74267	0.931215	0.300145	0.0859587	-0.0619448	-0.460289	0.881424
8574778583000	0.73391	0.925207	0.303694	0.0855347	-0.0614348	-0.459536	0.881894
8574786928000	0.72504	0.919057	0.307499	0.0830466	-0.0614646	-0.459535	0.88213
8574795281000	0.71606	0.912918	0.311356	0.0818949	-0.0609768	-0.459434	0.882324
8574803596000	0.706962	0.906625	0.315144	0.080204	-0.0577067	-0.459243	0.882799
8574811960000	0.697775	0.9003	0.319022	0.0786489	-0.0581553	-0.459019	0.883025
8574820348000	0.688227	0.893879	0.323186	0.0734915	-0.0569234	-0.459739	0.883175
