#Time	 Roll 	 Pitch 	 Yaw
1399577033975836397	-0.0612056	-0.0145657	0.426703
1399577033993810044	-0.058053	-0.0161012	0.428647
1399577034086830517	-0.0547159	-0.0203305	0.430287
1399577034103727422	-0.0503587	-0.0274989	0.431891
1399577034119754825	-0.0477767	-0.0386559	0.433246
1399577034194719764	-0.0461824	-0.0495362	0.434584
1399577034210753065	-0.0454794	-0.0487968	0.436335
1399577034227732383	-0.0441832	-0.0349208	0.439369
1399577034319639827	-0.0436818	-0.016734	0.444367
1399577034336670441	-0.0463287	-0.00205412	0.450553
1399577034414623574	-0.0478682	0.00660152	0.455764
1399577034430687742	-0.0480813	0.0139375	0.461013
1399577034504635082	-0.0469924	0.0277358	0.465505
1399577034544587972	-0.0443727	0.0352335	0.470059
1399577034615606985	-0.047112	0.0297392	0.474538
1399577034631599344	-0.0544226	0.0174803	0.478436
1399577034648626107	-0.0623699	0.00578898	0.47986
1399577034721572458	-0.0721678	-0.000467232	0.480981
1399577034738576981	-0.0734618	-0.00125432	0.483145
1399577034833590249	-0.0650123	0.00432798	0.485898
1399577034849502390	-0.0537401	0.0104351	0.487899
1399577034865454662	-0.0461229	0.0132948	0.488375
1399577034940476440	-0.0471847	0.0203389	0.488602
1399577034956457283	-0.049222	0.0293508	0.489528
1399577035056453768	-0.0494211	0.0337699	0.490698
1399577035073432720	-0.0474865	0.0292152	0.491466
1399577035142474342	-0.0451387	0.0194281	0.493834
1399577035158384329	-0.0489508	0.0101523	0.495149
1399577035175406840	-0.054194	0.0068819	0.494962
1399577035248411647	-0.0581287	-9.46857e-05	0.493622
1399577035289317011	-0.0570221	-0.0142286	0.492109
1399577035359318704	-0.0516393	-0.0285707	0.494311
1399577035376309891	-0.0462351	-0.0347492	0.496177
1399577035392284886	-0.0415378	-0.0304416	0.497104
1399577035465310626	-0.0385773	-0.0227138	0.497269
1399577035569242426	-0.0347341	-0.0171662	0.49807
1399577035585180013	-0.0295904	-0.0156882	0.503191
1399577035602192341	-0.0265131	-0.0140877	0.508249
1399577035674178631	-0.0236349	-0.00804076	0.513007
1399577035691071008	-0.0198013	-0.000573678	0.517375
1399577035708125861	-0.0165279	0.00200855	0.521453
1399577036020973898	-0.0246334	-0.0407626	0.547879
1399577036037954852	-0.0182168	-0.0397431	0.548262
1399577036109918029	-0.0131864	-0.0379145	0.549691
1399577036126849349	-0.00992816	-0.0355668	0.552001
1399577036142839356	-0.00754354	-0.0312981	0.554289
1399577036216858666	-0.00587098	-0.0219038	0.558509
1399577036312832371	-0.00496023	-0.00901572	0.562575
1399577036328834813	-0.00432227	0.00293323	0.567495
1399577036345807064	-0.00686277	0.0116607	0.57288
1399577036436787046	-0.0172567	0.00980284	0.581145
1399577036639641763	-0.0322302	-0.00756052	0.589148
1399577036656646380	-0.034918	-0.0192906	0.592693
1399577036672579746	-0.0367563	-0.0242692	0.59553
1399577036754607248	-0.0309292	-0.0265944	0.598862
1399577036771607249	-0.0249035	-0.0316592	0.599934
1399577036847658209	-0.0187555	-0.0344428	0.601046
1399577036864569619	-0.0128403	-0.0244029	0.602475
1399577036960581819	-0.00655723	-0.00812626	0.605651
1399577036977585750	-0.00565523	0.00691776	0.610325
1399577036993551768	-0.0118682	0.0173464	0.614738
1399577037066593879	-0.0190069	0.0226791	0.621494
1399577037083477446	-0.0263254	0.0297446	0.627756
1399577037100470398	-0.0299538	0.0375015	0.634272
1399577037197414333	-0.033914	0.0421371	0.641134
1399577037213435491	-0.0392811	0.040368	0.647179
1399577037300382661	-0.052183	0.0215835	0.656007
1399577037417392994	-0.0588721	-0.0176724	0.664466
1399577037487339896	-0.0566169	-0.0355518	0.668128
1399577037503296448	-0.0494059	-0.0489441	0.670125
1399577037520321192	-0.0452149	-0.061634	0.672053
1399577037594314972	-0.0395329	-0.0609949	0.674178
1399577037611285112	-0.0278862	-0.0474309	0.676655
1399577037711191429	-0.0141367	-0.0285703	0.679375
1399577037728161282	-0.00292754	-0.00913868	0.686377
1399577037744198533	0.00469374	0.00570318	0.693273
1399577037817378045	0.00724371	0.0157768	0.698786
1399577037833286625	0.0058515	0.0272192	0.70326
1399577037915333537	-0.0051735	0.0349747	0.711863
1399577037932329465	-0.017296	0.0308731	0.716237
1399577037949300682	-0.0267498	0.0230372	0.720325
1399577038036265305	-0.0460357	-0.00304624	0.726074
1399577038276010524	0.0211172	-0.0540282	0.739442
1399577038363141549	0.0445821	0.000263155	0.747821
1399577038381037386	0.0441339	0.0253889	0.756161
1399577038479044008	0.0358085	0.0503204	0.762753
1399577038555011880	0.00138784	0.0521869	0.767777
1399577038571988366	-0.0365813	0.0313515	0.774657
1399577038587996979	-0.0646217	0.0129899	0.778728
1399577038698968971	-0.0848944	-0.0227336	0.778476
1399577038771744735	-0.0583979	-0.0517193	0.778084
1399577038789800055	-0.0224887	-0.0741275	0.770945
1399577038883773644	0.00692008	-0.0740118	0.762875
1399577038990609741	0.0342179	0.042886	0.767908
1399577039191694535	-0.0358487	-0.00211335	0.803857
1399577039231663254	-0.0103583	-0.0248663	0.801664
1399577039305748313	0.016622	-0.039855	0.795995
1399577039324598871	0.0364162	-0.0392065	0.793395
1399577039407829901	0.0551457	0.00838097	0.794826
1399577039448603147	0.057728	0.041712	0.803019
1399577039518447029	0.0501441	0.0675967	0.815685
1399577039534526857	0.0367617	0.0776836	0.826591
1399577039551568434	0.0180809	0.0677297	0.83657
1399577039626552044	-0.00335944	0.0408488	0.844487
1399577039721539247	-0.0190211	0.0107783	0.850689
1399577039738410705	-0.0274544	-0.00863849	0.855138
1399577039754434850	-0.0305159	-0.0123109	0.856929
1399577039829387310	-0.0320862	-0.00903372	0.852307
1399577039845369710	-0.0325058	0.00295529	0.846669
1399577039862471005	-0.0308359	0.0164858	0.842804
1399577040042271578	-0.0409715	0.0465611	0.836004
1399577040059331671	-0.0423859	0.0486761	0.833933
1399577040076189695	-0.0417132	0.0495089	0.83413
1399577040172255280	-0.0441013	0.0350494	0.836494
1399577040189269648	-0.0448832	0.00728347	0.838011
1399577040260382907	-0.0408486	-0.0189295	0.835947
1399577040277244981	-0.036518	-0.0354272	0.833215
1399577040294368829	-0.0328204	-0.0374821	0.829682
1399577040368196621	-0.0331125	-0.0388941	0.826049
1399577040434218448	-0.0329086	-0.0458214	0.822538
1399577040469196187	-0.0246213	-0.0568284	0.821465
1399577040486122286	-0.0199061	-0.0510109	0.821406
1399577040503017171	-0.0197261	-0.0478643	0.822349
1399577040603101956	-0.0212268	-0.0472896	0.823274
1399577040620129830	-0.019843	-0.044104	0.8248
1399577040692984216	-0.0135107	-0.041191	0.825228
1399577040710081126	-0.00593254	-0.0377615	0.825027
1399577040726045402	-0.00326204	-0.0368078	0.824449
1399577040895969042	-0.00284709	-0.0343764	0.824706
1399577040911974757	0.0023124	-0.0327853	0.825626
1399577040928892751	0.00659574	-0.0285635	0.827154
1399577041002902207	0.00531503	-0.0215476	0.829254
1399577041018786770	0.000896698	-0.0128209	0.83154
1399577041119916946	-0.00141458	0.00745524	0.843325
1399577041135789412	-0.000754345	0.0165303	0.849823
1399577041152709580	-0.00194488	0.0206096	0.856868
1399577041226786214	-0.00480604	0.018396	0.863944
1399577041242694952	-0.00692113	0.0125791	0.871714
1399577041342685158	-0.00914876	0.0144012	0.879606
1399577041359780370	-0.0113336	0.0211555	0.887292
1399577041431731381	-0.0119618	0.024126	0.894855
1399577041450702180	-0.0114674	0.0234379	0.902153
1399577041467932017	-0.0112994	0.0222094	0.911267
1399577041563638607	-0.0107368	0.0298688	0.91953
1399577041580667085	-0.00623828	0.0412138	0.9281
1399577041650583131	0.00159531	0.0504537	0.936543
1399577041667585558	0.00875135	0.0526516	0.944013
1399577041683535973	0.0109826	0.0488898	0.947443
1399577041757928139	0.0101727	0.0426815	0.950287
1399577041853556338	0.00812099	0.0354714	0.954508
1399577041870308429	0.00280347	0.0296591	0.959856
1399577041886527560	-0.00509683	0.024799	0.964334
1399577041961505300	-0.0118144	0.0206795	0.965945
1399577041978474436	-0.018868	0.0162142	0.96738
1399577042073429103	-0.0243555	0.0110924	0.971502
1399577042089437138	-0.0297653	0.00511873	0.978117
1399577042105398744	-0.0319993	7.97752e-05	0.983897
1399577042180403371	-0.0287675	-0.00140541	0.992152
1399577042196263646	-0.0249072	-0.000551607	0.999086
1399577042213329183	-0.0199	0.000901723	1.00024
1399577042310317654	-0.0136854	0.00129102	0.996368
1399577042326317758	-0.00496967	0.000362551	0.99198
1399577042397338641	0.00536742	0.000780221	0.987407
1399577042414220580	0.0152271	0.00367016	0.983011
1399577042430113489	0.0188274	0.000971427	0.981532
1399577042531152665	0.0156872	-0.0114172	0.98222
1399577042605056936	0.0102068	-0.0268777	0.982406
1399577042637106963	-0.00453196	-0.041447	0.984882
1399577042819801263	-0.0161036	-0.0385509	0.989988
1399577042835799614	-0.0178317	-0.0370892	0.993355
1399577042852805435	-0.0156227	-0.0339992	0.996486
1399577042926804953	-0.00921639	-0.0293843	1.00075
1399577042942738886	-0.00341237	-0.0219724	1.00594
1399577043024715384	0.000416371	-0.00873464	1.01643
1399577043041695435	0.00400016	0.000424352	1.02135
1399577043057724857	0.00602712	0.0120986	1.02709
1399577043134682429	0.000222351	0.0130837	1.03333
1399577043151665275	-0.00973418	0.00236117	1.03853
1399577043246605397	-0.0188576	-0.00822092	1.04039
1399577043262636183	-0.0257597	-0.0131987	1.0419
1399577043278622388	-0.0305573	-0.0118774	1.04476
1399577043352563500	-0.0358487	-0.00966093	1.04887
1399577043369573935	-0.0386201	-0.0102429	1.05288
1399577043463540816	-0.0351288	-0.0129545	1.0569
1399577043480510044	-0.0255933	-0.00969715	1.06125
1399577043496475022	-0.0126977	-0.00250331	1.06628
1399577043573506090	0.00502211	0.0061225	1.07226
1399577043593494903	0.02617	0.0134555	1.0782
1399577043633511245	0.0401824	0.0171638	1.08172
1399577043689532033	0.0451877	0.0262567	1.08669
1399577043706467031	0.045475	0.0329009	1.08719
1399577043779406223	0.0444668	0.0397019	1.08886
1399577043796426139	0.0404839	0.0443418	1.09474
1399577043890370981	0.0233808	0.0478372	1.10155
1399577043907342543	-0.00473629	0.0479636	1.10865
1399577043923314079	-0.0383013	0.0506786	1.1154
1399577043996335272	-0.0621036	0.0500443	1.12498
1399577044013285662	-0.057055	0.0386932	1.13616
1399577044080251411	-0.0524242	0.028877	1.13786
1399577044111246159	-0.0816237	0.0216282	1.13645
1399577044128223969	-0.0622035	0.0140723	1.13739
1399577044225194983	0.0117385	0.00408875	1.13484
1399577044242152891	0.0749696	0.00471785	1.12193
1399577044313199626	0.101322	0.0169249	1.10832
1399577044331170006	0.0843649	0.0247136	1.10229
1399577044431154413	0.0667836	0.0260142	1.10208
1399577044448090014	0.0107024	0.0159852	1.10927
1399577044520104782	-0.0488612	-0.00180925	1.11652
1399577044538084155	-0.0657197	-0.0289986	1.12197
1399577044632046294	-0.0383171	-0.0473973	1.12452
1399577044649025531	0.0113533	-0.0609018	1.12208
1399577044665013667	0.04893	-0.0569065	1.11633
1399577044743975185	0.0657381	-0.0437838	1.11668
1399577044839976977	0.0417905	-0.0376009	1.12009
1399577044856910146	0.00324206	-0.0308314	1.12481
1399577044955849500	-0.0307103	-0.0239891	1.13046
1399577044972832805	-0.0412358	-0.0253648	1.13712
1399577045039773343	-0.0236359	-0.0283137	1.14146
1399577045126797906	0.0062192	-0.0239762	1.14261
1399577045143699322	0.021601	-0.0168744	1.14129
1399577045274676623	0.0204505	-0.0070041	1.14025
1399577045374680580	0.0172847	0.0050941	1.14198
1399577045393674351	0.0110781	0.0103192	1.14404
1399577045410620589	0.000928749	0.0120228	1.14634
1399577045486624493	-0.0077761	0.0174557	1.15353
1399577045588613995	-0.0135949	0.041304	1.1627
1399577045605578501	-0.0142012	0.0463107	1.16729
1399577045621577569	-0.0159829	0.0482871	1.17177
1399577045699522202	-0.0211161	0.0571602	1.17591
1399577045795522430	-0.0289274	0.0673922	1.17983
1399577045812505373	-0.0354033	0.072149	1.18321
1399577045828545834	-0.0403983	0.0760192	1.18605
1399577045902582886	-0.0398628	0.0753066	1.18845
1399577045918488607	-0.0369043	0.071541	1.1903
1399577045935437175	-0.0327648	0.061003	1.19184
1399577046032390349	-0.0238083	0.0423907	1.1924
1399577046048406265	-0.0110776	0.0223792	1.19252
1399577046121429335	0.00146417	0.00602691	1.19074
1399577046138366296	0.0109419	-0.00318818	1.18736
1399577046155377097	0.0148468	-0.00568381	1.18469
1399577046252227463	0.0142428	-0.00389152	1.18331
1399577046268262761	0.0124893	-0.00175655	1.18246
1399577046339268915	0.0104713	-0.00139137	1.183
1399577046359247109	0.00630965	-0.00273221	1.18496
1399577046435212340	0.00218704	-0.00560991	1.18716
1399577046453222482	0.00183488	-0.00922214	1.1886
1399577046547171677	0.00922044	-0.0270181	1.19099
1399577046564174138	0.015586	-0.0486681	1.19267
1399577046580118510	0.0206024	-0.0655136	1.19388
1399577046654109777	0.0250782	-0.072803	1.19621
1399577046671084718	0.027962	-0.0718761	1.20168
1399577046765035243	0.0304947	-0.071755	1.20762
1399577046782022191	0.0312502	-0.0726393	1.21377
1399577046799004689	0.0309233	-0.0714672	1.21972
1399577046873012084	0.027049	-0.0623133	1.22528
1399577046888993356	0.0210709	-0.0444509	1.23097
1399577046905944850	0.0142493	-0.0211445	1.23506
1399577047005912033	0.00666564	-0.0013314	1.24003
1399577047075914706	-0.000359769	0.00941594	1.24579
1399577047092877438	-0.00519775	0.00937162	1.24999
1399577047108887810	-0.00657552	0.000928698	1.25306
1399577047183865489	-0.00596107	-0.00845473	1.25512
1399577047223826573	-0.00174735	-0.0157893	1.25473
1399577047294806148	0.00721822	-0.0244018	1.25262
1399577047311808376	0.0154789	-0.0327076	1.25045
1399577047327755850	0.0204051	-0.0346891	1.2501
1399577047401763985	0.0244659	-0.029706	1.25003
1399577047418718246	0.0228694	-0.016412	1.25019
1399577047516639695	0.0169748	0.00420358	1.25083
1399577047535628263	0.00982022	0.0255237	1.25153
1399577047608621917	0.00140665	0.0449279	1.25404
1399577047624605800	-0.00366536	0.0665672	1.2566
1399577047641611577	-0.00388522	0.0769065	1.25953
1399577047738570075	-0.00121698	0.080769	1.26285
1399577047754564247	0.00337079	0.0812948	1.26543
1399577047827748883	0.0114417	0.0714203	1.2675
1399577047844729752	0.0211026	0.0566176	1.26794
1399577047860705003	0.0278793	0.0415684	1.26453
1399577047934593822	0.0355097	0.0232954	1.25778
1399577047974599427	0.0413057	0.00737813	1.25105
1399577048045634760	0.0413347	-0.00159322	1.2435
1399577048061617354	0.0367168	-0.00878413	1.23689
1399577048078529896	0.0291008	-0.0132789	1.23258
1399577048152627499	0.014833	-0.00636606	1.23034
1399577048248431612	-0.00181651	0.00984363	1.22841
1399577048265419366	-0.0137778	0.0255949	1.2279
1399577048281410782	-0.0223388	0.0392849	1.22756
1399577048356343303	-0.0268777	0.0469882	1.22694
1399577048372372716	-0.0291712	0.0516935	1.22606
1399577048486450168	-0.0236719	0.0498746	1.2238
1399577048582387688	0.00846918	-0.0412988	1.21891
1399577048694243869	0.0193629	-0.0741945	1.2195
1399577048751449076	0.0138317	-0.11633	1.22735
1399577048768358888	0.0115526	-0.123201	1.23267
1399577048907302779	-0.0279998	0.0132227	1.2626
1399577048923251860	-0.0343513	0.0518952	1.27681
1399577049107194674	-0.0151141	0.0281611	1.30364
1399577049124129383	0.00536341	-0.0244479	1.29856
1399577049218103807	0.0239278	-0.049731	1.2912
1399577049235149045	0.0348475	-0.0951265	1.28052
1399577049251136184	0.0358158	-0.130052	1.27209
1399577049326120828	0.0203644	-0.0815311	1.2667
1399577049367067548	-0.00777628	0.00621296	1.28058
1399577049443081392	-0.0240098	0.0714939	1.29075
1399577049460066793	-0.0160553	0.0957666	1.29542
1399577049533984360	0.00581798	0.0938753	1.29403
1399577049574010659	0.0304505	0.0460128	1.2887
1399577049644971239	0.0441392	-0.0160287	1.27158
1399577049662045383	0.0406372	-0.0572548	1.25492
1399577049678007016	0.0243589	-0.0636919	1.23928
1399577049782025189	0.00304244	-0.0453299	1.23259
1399577049852806292	-0.0110536	-0.0139623	1.23015
1399577049868809415	-0.0318394	0.0451018	1.22636
1399577049958657937	-0.0320644	0.092559	1.22221
1399577049999588391	-0.013957	0.092021	1.22108
1399577050042554499	-0.00589531	0.0579066	1.21196
1399577050173548865	-0.0110289	0.0342618	1.20133
1399577050190571103	-0.0164775	0.032825	1.19922
1399577050393483951	0.00830402	0.0312655	1.21729
1399577050409491673	0.0275803	0.020772	1.21998
1399577050517444614	0.0479487	0.0035189	1.22375
1399577050533484352	0.0603503	-0.0148818	1.23008
1399577050605357105	0.0643647	-0.0311641	1.23894
1399577050621350219	0.0622362	-0.0415296	1.24878
1399577050637366621	0.0565848	-0.0427635	1.25635
1399577050737270957	0.0532915	-0.0377262	1.26459
1399577050807307528	0.0469753	-0.0278012	1.27366
1399577050824274247	0.0390914	-0.0198513	1.28312
1399577050840247578	0.0295982	-0.0176811	1.29192
1399577050914287473	0.0203784	-0.0208883	1.2989
1399577050931236978	0.0182697	-0.0311001	1.3046
1399577051025214387	0.0234729	-0.03943	1.30803
1399577051042134915	0.0347613	-0.0447729	1.30877
1399577051058149414	0.0440673	-0.0466717	1.30826
1399577051132149291	0.0459918	-0.047216	1.30733
1399577051150152318	0.0398874	-0.0378942	1.30647
1399577051244033647	0.0314788	-0.0212575	1.30755
1399577051260099244	0.0180609	-0.0066758	1.30992
1399577051276997623	0.000763737	9.44436e-05	1.3115
1399577051350099504	-0.012101	-0.000358095	1.3127
1399577051370094923	-0.0183774	-0.00361501	1.31296
1399577051447990214	-0.0211527	-0.00423775	1.31189
1399577051487980607	-0.0256091	-0.00185528	1.31022
1399577051558997134	-0.0288736	-0.000389516	1.30892
1399577051575934886	-0.0293933	-0.00293224	1.30966
1399577051592214115	-0.0276693	-0.00874808	1.31017
1399577051666896129	-0.0235115	-0.0152274	1.3107
1399577051706897769	-0.0234381	-0.019929	1.31159
1399577051777894645	-0.0307887	-0.016955	1.31211
1399577051793874424	-0.0401823	-0.00695299	1.31136
1399577051810781597	-0.0496165	0.00322378	1.30974
1399577051851875844	-0.0542489	0.00924802	1.30893
1399577051867830689	-0.0574905	0.0161997	1.30895
1399577051911806308	-0.0586796	0.0227619	1.30886
1399577051985832442	-0.0571456	0.027444	1.30851
1399577052001788628	-0.0545737	0.0335936	1.30762
1399577052018774656	-0.0447501	0.0353091	1.30643
1399577052092686763	-0.0301732	0.0309582	1.30495
1399577052132719419	-0.0160185	0.0218718	1.30322
1399577052203713946	-0.00344229	0.0120759	1.29863
1399577052219667592	0.00848039	0.00489462	1.2937
1399577052236643251	0.0148097	0.000522582	1.28902
1399577052310681415	0.0152314	-0.0040319	1.28525
1399577052327638797	0.0141779	-0.00908468	1.28254
1399577052421565978	0.0145678	-0.00929671	1.28272
1399577052440558837	0.0166446	-0.00237813	1.28356
1399577052518512359	0.0193196	0.00617887	1.2851
1399577052534583981	0.0286605	0.0157209	1.28709
1399577052550521951	0.0398055	0.023076	1.28931
1399577052647527525	0.0452685	0.0250824	1.29037
1399577052664517652	0.0502668	0.0205837	1.29079
1399577052735505708	0.0537406	0.0101	1.29021
1399577052752429837	0.0545718	-0.0115445	1.28849
1399577052768480168	0.0504075	-0.0350178	1.28643
1399577052843609527	0.0435762	-0.0509239	1.28391
1399577052883602218	0.0349788	-0.0572974	1.28222
1399577052953522031	0.0264476	-0.0533375	1.28257
1399577052970480328	0.0187239	-0.039994	1.28448
1399577052986502337	0.012306	-0.02095	1.28618
1399577053061366337	0.00845211	-0.00301635	1.29089
1399577053157382509	0.00409962	0.0129428	1.29521
1399577053174375508	-0.00107345	0.0211169	1.29869
1399577053190380696	-0.00432378	0.0287783	1.30137
1399577053264469318	-0.00232865	0.0393894	1.30294
1399577053395431159	0.0118173	0.0144628	1.30406
1399577053412363322	0.0148104	-0.0226391	1.30059
1399577053483324057	0.0150149	-0.0503802	1.29699
1399577053500361626	0.0130974	-0.0592726	1.29261
1399577053516256274	0.00691359	-0.0596521	1.28904
1399577053688306994	-0.0281778	-0.0563749	1.28991
1399577053705134035	-0.0446468	-0.0572134	1.29165
1399577053721248875	-0.0531165	-0.0481191	1.29555
1399577053870193874	-0.0594765	0.00559915	1.30705
1399577053887160321	-0.0522469	0.0171632	1.31273
1399577053922160825	-0.0326991	0.0404715	1.32309
1399577053939022348	-0.0229774	0.0408942	1.32848
1399577054045089578	-0.0101593	0.0233791	1.3328
1399577054113996048	0.00198626	-0.000751123	1.33583
1399577054131044762	0.0087446	-0.024661	1.33593
1399577054146972034	0.00846793	-0.0416972	1.33568
1399577054220999174	0.000454569	-0.0509898	1.33568
1399577054237949269	-0.0129005	-0.0553219	1.33576
1399577054331994568	-0.0259834	-0.0583242	1.33568
1399577054348904002	-0.0394616	-0.0583799	1.33526
1399577054364937889	-0.0499257	-0.0541582	1.33408
1399577054564936142	-0.0364415	0.0542536	1.32339
1399577054580817968	-0.0156836	0.080998	1.32199
1399577054660741693	0.00360615	0.0970514	1.32116
1399577054677727230	0.0202299	0.0972485	1.32076
1399577054750781587	0.0377133	0.0759528	1.32022
1399577054791649678	0.0516526	0.0411865	1.31872
1399577054861660462	0.0552162	0.000846695	1.31745
1399577054878661480	0.0528403	-0.0316889	1.3173
1399577054894608360	0.0481922	-0.0506014	1.31829
1399577054969718289	0.0413089	-0.0601447	1.32039
1399577055009497756	0.0331782	-0.0666738	1.32342
1399577055080486428	0.0217306	-0.0724483	1.32688
1399577055096583072	0.00650702	-0.0783452	1.33107
1399577055113547244	-0.0202106	-0.0708546	1.33801
1399577055153555961	-0.0434378	-0.0325527	1.34528
1399577055199490932	-0.0441568	0.0387527	1.35212
1399577055216483007	-0.0269593	0.122619	1.36108
1399577055285483137	0.00461268	0.174912	1.37066
1399577055302565105	0.0540482	0.200823	1.37719
1399577055397427563	0.098603	0.170342	1.37681
1399577055413443453	0.122293	0.0694286	1.3655
1399577055430421579	0.11147	-0.0470663	1.34638
1399577055508438269	0.0868501	-0.126766	1.33356
1399577055604424739	0.0658023	-0.173758	1.32765
1399577055621425437	0.035848	-0.173711	1.32703
1399577055637367677	-0.0107474	-0.11887	1.32847
1399577055712366173	-0.0466897	-0.00157664	1.33024
1399577055752295241	-0.050729	0.137042	1.33321
1399577055823277605	-0.0240409	0.22141	1.34268
1399577055840220349	0.0110501	0.217391	1.35559
1399577055856265665	0.048264	0.112312	1.36415
1399577055953172819	0.0712615	-0.0217978	1.36211
1399577055969244602	0.0568727	-0.142448	1.36127
1399577056041173572	0.023057	-0.191159	1.36643
1399577056058130404	-0.0131263	-0.149071	1.3771
1399577056125068911	-0.0337095	-0.0138756	1.38634
1399577056142091395	-0.0436933	0.174949	1.40469
1399577056248966871	-0.039268	0.226502	1.41369
1399577056268888936	-0.0115685	0.228045	1.42465
1399577056369979253	0.0341858	0.149151	1.4256
1399577056386915148	0.0554856	0.0602585	1.42033
1399577056455842101	0.0649258	-0.032573	1.41054
1399577056472809910	0.0651837	-0.100394	1.39919
1399577056488778692	0.0574628	-0.119955	1.3899
1399577056573759393	0.0136874	-0.0443274	1.37843
1399577056590818841	-0.0118029	-0.00189505	1.3746
1399577056678761463	-0.0279425	0.0238422	1.37219
1399577056782828075	-0.0209016	0.00360733	1.36506
1399577056804863356	-0.00871417	-0.0119582	1.36192
1399577056887732410	0.00264333	-0.0220422	1.35834
1399577056904563547	0.0094829	-0.0251134	1.35439
1399577056920665110	0.00950585	-0.0217573	1.35043
1399577057025662957	0.00344172	-0.0144452	1.34677
1399577057096652074	-0.00494919	-0.00694452	1.34365
1399577057113551800	-0.0121861	-0.00279715	1.34124
1399577057203575876	-0.0143218	-0.00670059	1.33751
1399577057220789118	-0.00993171	-0.0107978	1.33619
1399577057314599433	-0.0037519	-0.013835	1.33472
1399577057333541829	0.00249579	-0.0145017	1.33298
1399577060347132503	0.00791595	-0.0123519	1.33164
1399577060347161065	0.0119186	-0.00786189	1.32896
1399577060347187188	0.0135892	-0.00372484	1.32623
1399577060347203535	0.0100605	0.000386896	1.3233
1399577060347217021	0.0123736	0.0100516	1.32074
1399577060347230182	0.0144423	0.0136439	1.31708
1399577060347243407	0.00757575	0.016619	1.31395
1399577060347256506	-0.000791402	0.0144092	1.31102
1399577060347269938	-0.0126124	0.00878519	1.30837
1399577060347286502	-0.0261839	-7.33212e-05	1.30609
1399577060347299964	-0.0409743	-0.0122301	1.3044
1399577060347312818	-0.0561924	-0.0266951	1.30236
1399577060347325742	-0.0725202	-0.0435308	1.30094
1399577060347338834	-0.0737034	-0.0443397	1.29867
1399577060347355354	0.0372297	0.0257498	1.28922
1399577060347368357	0.0520255	0.0358463	1.28871
1399577060347375376	0.0400321	0.0284114	1.2862
1399577060347388291	0.0199011	0.0173576	1.28325
1399577060347401246	0.0129137	0.013622	1.2813
1399577060347417425	0.0165219	0.0160706	1.27868
1399577060347430647	0.0192679	0.0180414	1.27605
1399577060347443647	0.0174567	0.0167429	1.27375
1399577060347456449	0.0165144	0.0159639	1.27135
1399577060347469443	0.017364	0.0167487	1.26882
1399577060347489839	0.0168633	0.0169291	1.26377
1399577060347503020	0.0169972	0.0171579	1.26151
1399577060347517603	0.0172978	0.0173321	1.25914
1399577060347530824	0.017171	0.0173103	1.25646
1399577060347543447	0.0170022	0.0174024	1.25452
1399577060347560498	0.0169714	0.0176879	1.25184
1399577060347573130	0.0168782	0.0177173	1.24928
1399577060347587518	0.0165703	0.0179052	1.24442
1399577060347609021	0.0166152	0.0181109	1.24269
1399577060347624010	0.0163977	0.0180578	1.23978
1399577060347637304	0.0162748	0.0183713	1.23522
1399577060347654172	0.016087	0.0186145	1.23058
1399577060347667018	0.0159909	0.0187809	1.22835
1399577060347683083	0.0158431	0.0189751	1.22369
1399577060347695987	0.015656	0.0191117	1.22129
1399577060347708937	0.0155604	0.019232	1.21915
1399577060347721833	0.0155814	0.0192349	1.21667
1399577060347741185	0.0154026	0.0194753	1.21444
1399577060347763231	0.0151847	0.0198055	1.20776
1399577060347776309	0.0150708	0.0198809	1.20524
1399577060347789297	0.0151194	0.0199804	1.20301
1399577060347799280	0.0150316	0.0201698	1.20079
1399577060347812172	0.0148838	0.0202326	1.19845
1399577060347825268	0.014842	0.0202763	1.19639
1399577060347838025	0.0136588	0.0200583	1.17612
1399577060347850714	0.0125291	0.0197033	1.15825
1399577060347866683	0.0114116	0.0192967	1.1402
1399577060347879595	0.0103051	0.0188897	1.12223
1399577060347892942	0.00928865	0.0183833	1.1063
1399577060347905991	0.00833977	0.0180014	1.08824
1399577060347918934	0.00749369	0.0175024	1.07226
1399577060347932056	0.00663375	0.016978	1.05617
1399577060347954658	0.00579464	0.0164741	1.04013
1399577060347970679	0.00500391	0.0159088	1.02597
1399577060347983780	0.00435394	0.0154263	1.01031
1399577060347996847	0.00380455	0.014926	0.996409
1399577060348021107	0.00321684	0.0144162	0.982328
1399577060348036619	0.00264621	0.0138781	0.968283
1399577060348048942	0.00214816	0.0132908	0.955748
1399577060348061279	0.00167503	0.0128203	0.941311
1399577060348073672	0.00125995	0.0123451	0.928507
1399577060348085935	0.000858766	0.011811	0.915825
1399577060348098209	0.00047394	0.0113069	0.90323
1399577060348115172	0.000143733	0.0107796	0.892067
1399577060367016095	-0.000150841	0.0103188	0.879658
1399577060383931003	-0.000408176	0.00982957	0.868462
1399577060399978929	-0.000639474	0.00936065	0.85744
1399577060437992818	-0.000867967	0.00884301	0.846576
1399577060494885611	-0.00106719	0.00831295	0.836945
1399577060567905803	-0.0012294	0.00792392	0.826179
1399577060584857732	-0.00135237	0.00749839	0.816686
1399577060600853780	-0.0014669	0.0070532	0.807148
1399577060672870156	-0.00158564	0.00663535	0.797459
1399577060689819192	-0.00169874	0.00619366	0.788955
1399577060741763796	-0.00181132	0.00582265	0.779444
1399577060758776042	-0.0018455	0.00543135	0.771039
1399577060827794138	-0.00188821	0.00504936	0.762475
1399577060845683161	-0.00194475	0.00464219	0.753878
1399577060862707358	-0.00195433	0.00421029	0.746315
1399577060974612494	-0.00198808	0.0039076	0.73783
1399577060992624167	-0.00199667	0.0035715	0.730356
1399577061008644178	-0.00198012	0.00323222	0.722916
1399577061042575113	-0.00197272	0.00290673	0.715549
1399577061076608336	-0.00193744	0.00256105	0.708999
1399577061162572821	-0.00191895	0.00205227	0.694929
1399577061195609975	-0.00188243	0.0017757	0.688281
1399577061274530441	-0.00182614	0.00117044	0.675905
1399577061353511144	-0.00180235	0.000920788	0.669433
1399577061400477329	-0.00174402	0.000648227	0.663761
1399577061426417438	-0.00167087	0.000141922	0.652207
1399577061511446475	-0.00159833	-0.000101537	0.647129
1399577061528436647	-0.00154907	-0.0003282	0.641559
1399577061562436550	-0.00147319	-0.000558576	0.636606
1399577061609340212	-0.00139309	-0.000811404	0.631779
1399577061666361218	-0.0012986	-0.00107474	0.627073
1399577061684323120	-0.00121708	-0.00132876	0.622859
1399577061700422205	-0.00113959	-0.0015098	0.618088
1399577061791383611	-0.00106202	-0.00167025	0.613869
1399577061841252262	-0.000890177	-0.00202701	0.60554
1399577061880314307	-0.000759504	-0.00223606	0.601852
1399577061908258121	-0.000703526	-0.00238357	0.597486
1399577061985230593	-0.000625043	-0.00254374	0.593656
1399577062008204057	-0.000512467	-0.00271177	0.589855
1399577062056156804	-0.000440536	-0.00287718	0.586133
1399577062072124974	-0.000318592	-0.00306907	0.582833
1399577062100160841	-0.000216623	-0.00324111	0.578978
1399577062190115110	-0.00011004	-0.00338066	0.575566
1399577062208132533	-2.84326e-05	-0.00354104	0.572246
1399577062266109172	7.32442e-05	-0.00367292	0.569056
1399577062286095487	0.00015841	-0.00379608	0.566238
1399577062361039709	0.000338278	-0.00404329	0.56021
1399577062395985395	0.000427475	-0.0041712	0.557178
1399577062497972396	0.00060409	-0.0044238	0.551161
1399577062561975872	0.000664313	-0.0045512	0.548095
1399577062577949545	0.000759604	-0.00466739	0.545384
1399577062594942472	0.000824197	-0.0047812	0.542717
1399577062620858764	0.000885112	-0.00491904	0.540172
1399577062701832101	0.000958382	-0.00502732	0.537866
1399577062725820063	0.00100845	-0.00514241	0.535486
1399577062742812972	0.00107882	-0.00524062	0.533411
1399577062827997737	0.00116094	-0.00537396	0.531392
1399577062844912857	0.00125276	-0.00545707	0.529386
1399577062873881330	0.00131875	-0.0055646	0.527627
1399577063006684463	0.00137528	-0.00567583	0.525574
1399577063022695424	0.00143324	-0.00578866	0.52374
1399577063145657424	0.00171423	-0.00613238	0.515783
1399577063167623843	0.00177557	-0.0062288	0.513901
1399577063204577431	0.00182617	-0.00633296	0.512057
1399577063236605097	0.00187131	-0.00641246	0.510277
1399577063316579522	0.001936	-0.00646961	0.508698
1399577063333716555	0.00198444	-0.00652677	0.506974
1399577063382718377	0.00201846	-0.00658634	0.505448
1399577063425740189	0.00217229	-0.00671485	0.502516
1399577063510517118	0.00224657	-0.00680323	0.501253
1399577063527592781	0.00234596	-0.00684901	0.499829
1399577063585637050	0.00240386	-0.006901	0.498585
1399577063601610706	0.0024468	-0.00693947	0.497325
1399577063640623050	0.00249935	-0.00700297	0.496043
1399577063720508658	0.00256611	-0.00709737	0.494889
1399577063737368084	0.0025838	-0.00717115	0.493419
1399577063753403010	0.00261162	-0.00722521	0.492164
1399577063846542579	0.00267573	-0.0072763	0.490933
1399577063863549614	0.00271908	-0.00734851	0.489815
1399577063884555858	0.00273073	-0.00742508	0.488822
1399577063901443861	0.00275857	-0.00747208	0.487684
1399577064036393769	0.00280681	-0.00750438	0.486699
1399577064077338577	0.00285483	-0.00753321	0.485761
1399577064094315258	0.0029016	-0.00755378	0.484927
1399577064117310084	0.00296052	-0.00759956	0.484181
1399577064133214141	0.00299776	-0.00763197	0.483067
1399577064193210962	0.00302565	-0.00765811	0.482115
1399577064216186557	0.00305458	-0.00769968	0.481152
1399577064261367668	0.00305778	-0.00775409	0.480153
1399577064280333147	0.00311589	-0.00780396	0.479284
1399577064352203499	0.00315554	-0.00786968	0.478456
1399577064369192536	0.0031759	-0.00789109	0.477707
1399577064380218482	0.00318719	-0.00792271	0.476918
1399577064493028698	0.00320406	-0.00798181	0.476039
1399577064509058813	0.00319846	-0.0080313	0.475272
1399577064526030281	0.00323325	-0.00807588	0.4746
1399577064542968085	0.00327972	-0.00811584	0.473996
1399577064667074266	0.00332281	-0.00813909	0.473424
1399577064683959768	0.00336926	-0.00817707	0.47287
1399577064725995759	0.00341352	-0.00823379	0.472405
1399577064747926288	0.00340701	-0.0082822	0.471875
1399577064764970881	0.00340666	-0.00833539	0.471431
1399577064798917885	0.00338614	-0.00840216	0.471022
1399577064835855637	0.00336073	-0.00848293	0.470627
1399577064916872179	0.00336274	-0.00853717	0.469831
1399577065127707967	0.00341013	-0.00878591	0.467798
1399577065195664995	0.00344209	-0.0088218	0.467357
1399577065211662466	0.00346122	-0.00883318	0.466779
1399577065228619797	0.0034961	-0.0088386	0.466066
1399577065316625405	0.00353203	-0.00888856	0.46541
1399577065359617134	0.00351188	-0.00891075	0.464996
1399577065382548295	0.00350116	-0.00892355	0.464665
1399577065398561865	0.00350682	-0.0089641	0.464296
1399577065424564368	0.00350224	-0.00900427	0.463919
1399577065510540793	0.00353135	-0.00903558	0.463593
1399577065527533911	0.00355277	-0.00904714	0.46315
1399577065569502100	0.00361702	-0.00905599	0.462809
1399577065586530858	0.00364732	-0.00905145	0.462278
1399577065621492844	0.00367803	-0.00904607	0.461599
1399577065720478334	0.00367356	-0.00904353	0.461015
1399577065737466163	0.00367063	-0.00906241	0.460613
1399577065825415570	0.00371928	-0.00908817	0.460301
1399577065842420754	0.00374747	-0.00911408	0.460028
1399577065858421139	0.00378187	-0.00914836	0.459775
1399577065885335692	0.00378898	-0.00915097	0.459577
1399577065902479015	0.00382368	-0.00916988	0.459373
1399577066036405960	0.00385246	-0.00920391	0.459228
1399577066093383292	0.00391777	-0.00923664	0.458397
1399577066115328421	0.00394684	-0.00926771	0.457961
1399577066132349503	0.00395108	-0.00926613	0.457463
1399577066194272291	0.00396677	-0.00927751	0.457062
1399577066240236063	0.00398074	-0.00927875	0.456752
1399577066276254378	0.00399659	-0.00931371	0.456337
1399577066360241959	0.00396863	-0.00935372	0.456158
1399577066381215121	0.00398961	-0.00934874	0.456128
1399577066449238578	0.00400428	-0.0094062	0.456187
1399577066509218334	0.00400937	-0.00942585	0.456226
1399577066526197177	0.00399022	-0.00943848	0.455971
1399577066543187881	0.00396404	-0.00945198	0.455762
1399577066669059050	0.00393656	-0.0094659	0.455486
1399577066709093432	0.00391983	-0.00949239	0.455144
1399577066727064678	0.00389566	-0.00949947	0.454862
1399577066749075990	0.00390779	-0.0094963	0.454587
1399577066765058592	0.00393677	-0.00951437	0.454343
1399577066800052955	0.0039516	-0.00951365	0.454075
1399577066880025867	0.003973	-0.00951581	0.453764
1399577066920001642	0.00400915	-0.00953285	0.453501
1399577066947998833	0.00402572	-0.00955463	0.453136
1399577066964943615	0.00407005	-0.00951218	0.452789
1399577067035963189	0.0040626	-0.00951177	0.452558
1399577067053930998	0.00409077	-0.00950873	0.452391
1399577067111909096	0.00410799	-0.00946975	0.452258
1399577067128894495	0.00412518	-0.00947302	0.452097
1399577067194880164	0.00415478	-0.00946531	0.451992
1399577067211875198	0.00418039	-0.00948931	0.451839
1399577067227826590	0.0041842	-0.00948972	0.451688
1399577067316812074	0.00418962	-0.00948438	0.451567
1399577067393795412	0.00424509	-0.00953059	0.451957
1399577067423740077	0.00426333	-0.00951494	0.452051
1399577067467660800	0.004253	-0.00952436	0.452117
1399577067546628100	0.00424506	-0.00952635	0.451757
1399577067563660198	0.0042305	-0.00952483	0.451445
1399577067658629543	0.00424451	-0.00955659	0.451089
1399577067777626669	0.00425683	-0.00958667	0.450659
1399577067800593654	0.00426301	-0.00960006	0.450489
1399577067837596407	0.00428801	-0.00963637	0.45032
1399577067871596710	0.00428641	-0.00965873	0.450175
1399577067942557442	0.00427413	-0.00968992	0.449859
1399577067992482102	0.00428725	-0.0097292	0.449564
1399577068014453652	0.00429278	-0.00975149	0.449295
1399577068031435436	0.00429807	-0.0097784	0.449094
1399577068142416402	0.00431266	-0.00981931	0.448898
1399577068159373370	0.00432661	-0.00983135	0.448833
1399577068176433263	0.00432131	-0.00982934	0.448812
1399577068224290537	0.00436063	-0.00980731	0.448665
1399577068241348636	0.00436436	-0.00981853	0.448432
1399577068273323763	0.00435775	-0.0098272	0.448238
1399577068353352026	0.00436734	-0.00981663	0.447989
1399577068370338893	0.00437075	-0.00984411	0.447765
1399577068432246897	0.00435139	-0.00984695	0.447633
1399577068448264846	0.0043426	-0.00985487	0.447549
1399577068507197990	0.00436359	-0.00984899	0.447472
1399577068525187192	0.00435382	-0.00983813	0.447424
1399577068542188573	0.00435805	-0.00980236	0.447379
1399577068667212391	0.00437937	-0.00977823	0.447201
1399577068707140259	0.00437262	-0.00979056	0.446936
1399577068725122085	0.00437362	-0.00979804	0.446716
1399577068747151543	0.00435145	-0.00984033	0.446776
1399577068764172946	0.00434842	-0.00986718	0.446862
1399577068798063910	0.00434039	-0.00989529	0.446822
1399577068866080231	0.00434345	-0.0099314	0.446638
1399577068882011858	0.00435111	-0.00993021	0.446456
1399577068908046784	0.00435689	-0.00994747	0.446286
1399577069036985229	0.00437934	-0.00996202	0.44612
1399577069085952995	0.00435713	-0.00996124	0.446123
1399577069103973583	0.00435546	-0.00993895	0.44592
1399577069189946868	0.00434981	-0.00993362	0.445742
1399577069205915092	0.00432557	-0.00990472	0.445636
1399577069236886153	0.004336	-0.00987857	0.445664
1399577069330840144	0.00432102	-0.00984854	0.445647
1399577069377875581	0.00433535	-0.0098634	0.445681
1399577069469798146	0.004328	-0.00988468	0.445812
1399577069486764211	0.0043252	-0.0099035	0.445946
1399577069520736137	0.00432718	-0.00991625	0.445761
1399577069559729594	0.00431981	-0.00991714	0.445678
1399577069587695186	0.00430252	-0.00994356	0.445604
1399577069663691741	0.00431099	-0.00993666	0.445615
1399577069686657729	0.00433749	-0.00995384	0.445638
1399577069749658476	0.00434801	-0.00995803	0.44573
1399577069766615965	0.00435034	-0.00994777	0.445829
1399577069829620123	0.0043514	-0.00995145	0.44589
1399577069925605419	0.00427667	-0.0099688	0.445975
1399577069942523150	0.00428935	-0.00997376	0.446278
1399577070030531178	0.00428942	-0.00998271	0.446708
1399577070059463778	0.00429046	-0.00997348	0.446729
1399577070146479253	0.00428227	-0.00999283	0.446703
1399577070189403766	0.00428012	-0.0100159	0.446673
1399577070426325404	0.00423086	-0.0100498	0.445806
1399577070443317557	0.00421007	-0.0100585	0.445567
1399577070477323938	0.00420178	-0.010071	0.445368
1399577070514343651	0.00425658	-0.010058	0.445498
1399577070545351072	0.00429857	-0.0100716	0.445625
1399577070648352537	0.00431452	-0.0100766	0.445733
1399577070666226034	0.00433597	-0.0100731	0.445817
1399577070683236039	0.00437024	-0.0100963	0.445927
1399577070716146614	0.00437874	-0.010137	0.446081
1399577070744199253	0.00441281	-0.0101451	0.44625
1399577070778194782	0.00443478	-0.010165	0.446363
1399577070837191329	0.00441892	-0.0101948	0.446422
1399577070870156381	0.00445533	-0.0102275	0.446488
1399577070977154590	0.00445854	-0.0102277	0.446686
1399577070993111324	0.00445367	-0.0102598	0.446859
1399577071010147756	0.00445179	-0.0102644	0.446979
1399577071067075061	0.00445911	-0.010291	0.447075
1399577071083088155	0.00443845	-0.0103219	0.447179
1399577071100050394	0.00444498	-0.0103394	0.447186
1399577071139066579	0.00444451	-0.0103221	0.447214
1399577071195974533	0.00441607	-0.010332	0.447267
1399577071237038624	0.00440688	-0.0103513	0.447353
1399577071285971282	0.00439092	-0.0103797	0.447459
1399577071302987469	0.00435914	-0.0104029	0.447301
1399577071394939370	0.00438112	-0.0104398	0.447136
1399577071411934028	0.00437467	-0.0104394	0.447033
1399577071427946471	0.00434483	-0.010438	0.446941
1399577071537872283	0.00432652	-0.0104632	0.446866
1399577071553831268	0.00433177	-0.0104542	0.446822
1399577071712750949	0.00436301	-0.0103859	0.44641
1399577071752670618	0.00435374	-0.0103739	0.446314
1399577071782724541	0.00430726	-0.0103366	0.446138
1399577071868862153	0.00430682	-0.0103244	0.446015
1399577071885675055	0.00428218	-0.0103054	0.445933
1399577072039621898	0.0042716	-0.0102651	0.44545
1399577072073587874	0.00426616	-0.0102318	0.445249
1399577072144588150	0.00423648	-0.0102349	0.445016
1399577072187494244	0.00422247	-0.0102283	0.444806
1399577072218482287	0.00419885	-0.0102144	0.44452
1399577072258493806	0.00417554	-0.0102139	0.444399
1399577072298520873	0.00415947	-0.0102292	0.444304
1399577072377440114	0.00414653	-0.0102334	0.444197
1399577072400455943	0.00409841	-0.0102303	0.44414
1399577072428418159	0.0040775	-0.0102278	0.44407
1399577072508387049	0.00404524	-0.0102677	0.44403
1399577072530348275	0.00400743	-0.0102774	0.444048
1399577072547380119	0.00395823	-0.0103024	0.444119
1399577072708309884	0.00399787	-0.0103414	0.443974
1399577072726278222	0.00402949	-0.0103431	0.443772
1399577072742316298	0.0040303	-0.0103269	0.443574
1399577072912472265	0.00407584	-0.0103536	0.44352
1399577073051333535	0.00413859	-0.0103715	0.443748
1399577073068237888	0.00416198	-0.0103614	0.443842
1399577073182192639	0.00417812	-0.0103559	0.443815
1399577073198250842	0.00415966	-0.0103331	0.44379
1399577073215243128	0.00418088	-0.0103382	0.44374
1399577073308267503	0.00416271	-0.0103435	0.443633
1399577073327256119	0.00416082	-0.0103045	0.443574
1399577073344158318	0.00415441	-0.0103209	0.443368
1399577073365144635	0.00413545	-0.0103269	0.443207
1399577073402085172	0.00409103	-0.0103691	0.443142
1399577073443190815	0.00408912	-0.0104011	0.443147
1399577073490117667	0.00409286	-0.0103849	0.443199
1399577073550022653	0.00408302	-0.0103934	0.443285
1399577073567067656	0.0040885	-0.0103938	0.443342
1399577073584043559	0.00405196	-0.0104153	0.443403
1399577073707122855	0.00406065	-0.0104137	0.443448
1399577073747033153	0.00406163	-0.0104283	0.443489
1399577073765012028	0.00404814	-0.0104288	0.44377
1399577073787089083	0.00402848	-0.0104443	0.444011
1399577073804000122	0.00403529	-0.0104481	0.444218
1399577073837952477	0.00402045	-0.010463	0.444366
1399577073917773471	0.00400911	-0.0104832	0.4445
1399577073958933378	0.00398091	-0.0105038	0.444718
1399577073976011966	0.00396859	-0.0105434	0.444928
1399577073998928317	0.00397853	-0.0105731	0.444999
1399577074076036987	0.0039681	-0.010593	0.444952
1399577074092889023	0.00397122	-0.0106185	0.444912
1399577074148646109	0.00396494	-0.0106285	0.444806
1399577074164837900	0.00395405	-0.0106061	0.44473
1399577074274717553	0.00400092	-0.0105449	0.444642
1399577074345781115	0.00398349	-0.0105553	0.444465
1399577074404631795	0.00395418	-0.0105066	0.444263
1399577074546579817	0.0039862	-0.0105144	0.444224
1399577074563602403	0.00399236	-0.0105222	0.44413
1399577074641585868	0.00394931	-0.0105042	0.443803
1399577074667553232	0.00394818	-0.0105046	0.443665
1399577074758554283	0.00398244	-0.0105403	0.443442
1399577074776489659	0.0040074	-0.0105511	0.44324
1399577074817520479	0.00399434	-0.0105581	0.443094
1399577074840440030	0.00401543	-0.0105559	0.442953
1399577074915465975	0.00401287	-0.0105403	0.442848
1399577074933450958	0.00401698	-0.0105497	0.443017
1399577074955467159	0.0040253	-0.0105552	0.443186
1399577075027397499	0.00400994	-0.0105661	0.443281
1399577075050514906	0.00397662	-0.0105655	0.443346
1399577075066424743	0.00397626	-0.0105661	0.443408
1399577075146414981	0.00399724	-0.0105815	0.443573
1399577075163333406	0.00402288	-0.0105839	0.443734
1399577075297400876	0.00402595	-0.0106601	0.444101
1399577075313320210	0.00402212	-0.0106855	0.444081
1399577075390188163	0.00403814	-0.0106693	0.444096
1399577075407252522	0.00405858	-0.010665	0.444119
1399577075549121808	0.0040852	-0.0106327	0.444126
1399577075566169654	0.0040533	-0.0106193	0.444013
1399577075726119395	0.00398626	-0.0106432	0.444135
1399577075742036968	0.00397839	-0.0106628	0.444191
1399577075761107027	0.00397015	-0.01065	0.444212
1399577075788035847	0.00397105	-0.0106455	0.444384
1399577075865132563	0.00398347	-0.0106825	0.444616
1399577075920050972	0.00396678	-0.0107211	0.444763
1399577075945004851	0.00394643	-0.0107158	0.44471
1399577076030006878	0.00391603	-0.010699	0.444548
1399577076046978393	0.003905	-0.010719	0.444265
1399577076091819376	0.00389946	-0.010742	0.444039
1399577076144908594	0.00387339	-0.0108001	0.44392
1399577076229991380	0.00387226	-0.0108333	0.443836
1399577076245761865	0.00385606	-0.0108823	0.443766
1399577076260915577	0.00388853	-0.0109114	0.443702
