#Time	 Roll 	 Pitch 	 Yaw
1399582905663444707	-0.0048242	-0.037591	0.496768
1399582905760384493	-0.00480552	-0.0376018	0.496625
1399582905815364404	-0.00481649	-0.037571	0.496534
1399582905864338604	-0.00480247	-0.0375619	0.496497
1399582905920321923	-0.00485577	-0.0375397	0.496558
1399582905975326138	-0.00485551	-0.0375301	0.496545
1399582906025233866	-0.00488431	-0.0375335	0.496387
1399582906081279257	-0.00490245	-0.0375191	0.496328
1399582906178230226	-0.00494684	-0.0375008	0.496296
1399582906236164846	-0.00497935	-0.0374994	0.496223
1399582906282256552	-0.00500383	-0.0374776	0.496124
1399582906338204696	-0.00502014	-0.0374889	0.495959
1399582906387094248	-0.00502139	-0.0375074	0.495879
1399582906442110661	-0.00501145	-0.0375327	0.495879
1399582906498011112	-0.00501634	-0.0375517	0.495809
1399582906596036098	-0.00498027	-0.0375813	0.495721
1399582906651011831	-0.00498092	-0.0376184	0.495582
1399582906700004187	-0.0049757	-0.0376434	0.49547
1399582906758984301	-0.00495384	-0.0376434	0.495439
1399582906804914601	-0.00493654	-0.0376178	0.495321
1399582906859935764	-0.00491464	-0.0376327	0.495257
1399582906967872536	-0.00488625	-0.0376512	0.49535
1399582907012867638	-0.00487116	-0.0376494	0.495454
1399582907068771134	-0.00483581	-0.0376368	0.495553
1399582907117748597	-0.00480827	-0.037621	0.495556
1399582907172759089	-0.00480016	-0.0376097	0.495564
1399582907221778578	-0.00479776	-0.0375877	0.495768
1399582907280688483	-0.00485182	-0.0375954	0.495903
1399582907381660060	-0.00485891	-0.0376031	0.495902
1399582907430622586	-0.00484336	-0.0376106	0.496142
1399582907486588794	-0.00484861	-0.0376288	0.496328
1399582907535536370	-0.00487996	-0.0376828	0.49622
1399582907590537405	-0.00489172	-0.0377133	0.496228
1399582907639507083	-0.00487935	-0.0377231	0.496351
1399582907744484302	-0.00482592	-0.0377503	0.496456
1399582907759450260	-0.00482328	-0.0377729	0.496549
1399582907848478092	-0.00483284	-0.0377901	0.496652
1399582907904414718	-0.00488675	-0.037779	0.496533
1399582907959575650	-0.0049424	-0.0377596	0.496278
1399582908008491150	-0.00492707	-0.0377951	0.496362
1399582908064360124	-0.00492204	-0.0378131	0.496542
1399582908161421477	-0.00493557	-0.0378278	0.496888
1399582908217301277	-0.004935	-0.0378333	0.497087
1399582908266328747	-0.00493839	-0.0378236	0.497139
1399582908324442693	-0.00493022	-0.037822	0.497244
1399582908370441091	-0.0049066	-0.0378175	0.497387
1399582908426275674	-0.00493976	-0.0377884	0.497465
1399582908482453193	-0.00495167	-0.0377766	0.497616
1399582908579381004	-0.00498207	-0.0378141	0.497766
1399582908647315685	-0.00501534	-0.0378339	0.497955
1399582908662316163	-0.00503133	-0.0378144	0.498051
1399582908754236566	-0.00505102	-0.0378265	0.49781
1399582908788216113	-0.00508201	-0.0378104	0.497613
1399582908856157184	-0.0051565	-0.0378198	0.497409
1399582908971140070	-0.00517045	-0.0378183	0.497554
1399582908980177326	-0.00521261	-0.0378017	0.49773
1399582909064125896	-0.00519944	-0.0378321	0.497771
1399582909079125097	-0.00513612	-0.0378398	0.497663
1399582909168115661	-0.0051316	-0.0378522	0.497435
1399582909205019671	-0.00507681	-0.037871	0.497331
1399582909276057639	-0.0050357	-0.0378609	0.497296
1399582909376991111	-0.00499193	-0.037867	0.497313
1399582909385020280	-0.00500883	-0.0378488	0.497294
1399582909480942216	-0.00500781	-0.0378294	0.49729
1399582909516938262	-0.00497096	-0.0378168	0.497232
1399582909572879730	-0.00499335	-0.0377948	0.497224
1399582909621884029	-0.00498075	-0.0378023	0.497402
1399582909726776264	-0.00496697	-0.037785	0.497431
1399582909741804749	-0.00497317	-0.0377407	0.497345
1399582909830751049	-0.00497229	-0.0377069	0.497446
1399582909885773106	-0.0049705	-0.0376767	0.497555
1399582909935720283	-0.00497644	-0.037635	0.497446
1399582909990639154	-0.0050355	-0.0376202	0.497234
1399582910038684671	-0.00509803	-0.0376329	0.496965
1399582910143615949	-0.00510303	-0.037631	0.496886
1399582910158561484	-0.00513687	-0.0376081	0.496824
1399582910247476218	-0.00516676	-0.0376207	0.496735
1399582910306515570	-0.00516739	-0.0376114	0.496728
1399582912252435892	-0.00508794	-0.0375371	0.496752
1399582912258395035	-0.00493953	-0.0373289	0.496811
1399582912264504927	-0.00480931	-0.0371209	0.496874
1399582912334475284	-0.00464964	-0.0369105	0.496967
1399582912393566233	-0.00452681	-0.0367105	0.497054
1399582912439443620	-0.00441611	-0.036522	0.497101
1399582912543289389	-0.00428568	-0.0363011	0.497099
1399582912558422778	-0.00414018	-0.0360858	0.497103
1399582912648217630	-0.00403485	-0.0358979	0.497119
1399582912703190556	-0.00389113	-0.035714	0.497203
1399582912758143072	-0.00378824	-0.0355098	0.497276
1399582912808166097	-0.00367646	-0.035311	0.497323
1399582912865081213	-0.00356283	-0.035098	0.49738
1399582912962031266	-0.00343887	-0.0348939	0.497466
1399582913016954382	-0.00329284	-0.034701	0.497529
1399582913065978792	-0.00316521	-0.0345151	0.497572
1399582913120917724	-0.00306844	-0.0343064	0.497651
1399582913169970020	-0.00293424	-0.0341464	0.497733
1399582913225893839	-0.00282436	-0.0339594	0.497774
1399582913281896199	-0.00271494	-0.0337609	0.497829
1399582913378806668	-0.00259392	-0.0335774	0.497884
1399582913437802087	-0.00247234	-0.0334165	0.497934
1399582913482764069	-0.00235938	-0.0332417	0.497974
1399582913538740491	-0.00223939	-0.0330666	0.498035
1399582913587739789	-0.0021753	-0.0328871	0.498102
1399582913642677705	-0.00205008	-0.0326934	0.498145
1399582913699626545	-0.00194469	-0.0325217	0.498183
1399582913796584866	-0.00181346	-0.0323449	0.498254
1399582913851553763	-0.00167605	-0.032209	0.498304
1399582913900550881	-0.00156898	-0.032026	0.498377
1399582913959468148	-0.0014881	-0.0318506	0.498449
1399582914004465439	-0.00138047	-0.031683	0.498511
1399582914060463576	-0.00130752	-0.0315128	0.498575
1399582914164375366	-0.00121185	-0.031335	0.498607
1399582914213330321	-0.00107481	-0.0311332	0.498658
1399582914269339605	-0.000937131	-0.0309822	0.498642
1399582914318331438	-0.0008383	-0.0308135	0.498665
1399582914373284668	-0.000734281	-0.0306233	0.498711
1399582914422319517	-0.000618617	-0.0304928	0.498774
1399582914481233250	-0.000500674	-0.0303335	0.498818
1399582914582170646	-0.000388057	-0.0301665	0.498829
1399582914631209196	-0.000261543	-0.0300691	0.498834
1399582914686144859	-0.000188013	-0.0299241	0.498877
1399582914739069396	-6.9414e-05	-0.0297603	0.498906
1399582914791132637	2.1393e-05	-0.0296192	0.498908
1399582914840147626	9.80514e-05	-0.0294627	0.498903
1399582914899113700	0.000164506	-0.0292943	0.498884
1399582915000038113	0.000245268	-0.029154	0.498859
1399582915049039387	0.000362154	-0.0290289	0.498819
1399582915104013516	0.000439742	-0.0288748	0.498847
1399582915153002201	0.000543086	-0.0287243	0.498854
1399582915208927350	0.000629611	-0.028575	0.498918
1399582915312929746	0.000752388	-0.028458	0.498949
1399582915361898545	0.000846768	-0.0283156	0.499024
1399582915420915145	0.00091571	-0.0281756	0.499075
1399582915466859468	0.000989113	-0.0280367	0.499137
1399582915521823132	0.00109365	-0.0279292	0.499214
1399582915570787509	0.00119192	-0.0278113	0.499251
1399582915625767803	0.0012759	-0.0276734	0.499242
1399582915682793563	0.00136935	-0.0275581	0.499271
1399582915785738177	0.00145305	-0.0274442	0.499285
1399582915835657661	0.00154364	-0.027328	0.499309
1399582915884700269	0.0016151	-0.027221	0.499337
1399582915942678135	0.00168636	-0.0271002	0.499364
1399582915988557322	0.00179846	-0.0269533	0.49933
1399582916044662244	0.00190667	-0.0268275	0.499346
1399582916100525601	0.00200369	-0.0266793	0.499337
1399582916197527538	0.00209208	-0.0265455	0.49938
1399582916252500586	0.00218251	-0.0264144	0.499424
1399582916301475712	0.00221544	-0.0262903	0.499466
1399582916357399365	0.00229134	-0.0261747	0.499438
1399582916405382790	0.00238	-0.0260563	0.499478
1399582916464397271	0.0024633	-0.0259386	0.49949
1399582916517375288	0.00253094	-0.0258039	0.499494
1399582916614378176	0.00260562	-0.025691	0.499493
1399582916670351693	0.00270548	-0.0255395	0.499498
1399582916718267782	0.00276972	-0.0254297	0.499474
1399582916780290401	0.00284158	-0.0253106	0.49949
1399582916823298335	0.00293899	-0.0251753	0.499481
1399582916878280458	0.00297065	-0.025065	0.499517
1399582916986151180	0.003074	-0.0249353	0.499533
1399582917032161779	0.0031842	-0.0248301	0.499534
1399582917087127496	0.00325351	-0.024712	0.499572
1399582917136113954	0.0033547	-0.0246143	0.499575
1399582917191057527	0.00342217	-0.0244903	0.49958
1399582917240102241	0.00354506	-0.0243946	0.499587
1399582917345050330	0.00363787	-0.0242862	0.499586
1399582917359989063	0.00372739	-0.0241574	0.499573
1399582917448986881	0.00382486	-0.0240346	0.499549
1399582917507916889	0.00389953	-0.023895	0.499537
1399582917553942572	0.00400861	-0.0237797	0.499497
1399582917608951516	0.00410979	-0.0236704	0.499491
1399582917657810288	0.00423934	-0.0235695	0.499515
1399582917765830154	0.00429136	-0.0234823	0.499538
1399582917817835202	0.00438333	-0.0233729	0.499571
1399582917867831480	0.00447945	-0.0232823	0.4996
1399582917922785831	0.00456099	-0.0231809	0.499608
1399582917971707290	0.00464161	-0.0230916	0.499632
1399582918030899391	0.00471359	-0.0229994	0.499675
1399582918083902045	0.00480548	-0.0229167	0.499704
1399582918180788657	0.00491919	-0.0228219	0.499745
1399582918235749509	0.00494136	-0.0227035	0.499799
1399582918284758900	0.00495338	-0.022607	0.499798
1399582918339614883	0.00501081	-0.0224899	0.499823
1399582918389599441	0.0050877	-0.0224012	0.499767
1399582918444557831	0.00517097	-0.0223231	0.499754
1399582918500544901	0.00525156	-0.0222157	0.499767
1399582918597513654	0.00532159	-0.0221145	0.499804
1399582918652460113	0.00541469	-0.0220361	0.499851
1399582918702422182	0.00549979	-0.0219409	0.499861
1399582918763431930	0.00556371	-0.0218551	0.499843
1399582918806342485	0.00565952	-0.0217815	0.499858
1399582918862348898	0.00576077	-0.0216503	0.499873
1399582918918288321	0.00583853	-0.0215843	0.499887
1399582919015260774	0.00589455	-0.0214626	0.499885
1399582919073258182	0.00593265	-0.021385	0.49989
1399582919119221251	0.0059901	-0.0212934	0.499909
1399582919174146333	0.00605585	-0.0211877	0.499904
1399582919223098498	0.00613069	-0.0211064	0.499908
1399582919279179637	0.00618007	-0.0210191	0.499924
1399582919383170141	0.00626386	-0.0209141	0.499965
1399582919432159727	0.0063287	-0.0208334	0.500004
1399582919491098390	0.00638293	-0.0207446	0.500011
1399582919537125145	0.00645581	-0.020653	0.500023
1399582919592025590	0.00650468	-0.0205759	0.500043
1399582919641041449	0.00656734	-0.0204829	0.500089
1399582919749078121	0.00661756	-0.0203889	0.500155
1399582919801103030	0.00664354	-0.020309	0.500117
1399582919850086342	0.00667661	-0.0202459	0.500101
1399582919917953277	0.00673829	-0.0201802	0.50009
1399582919954867871	0.00678393	-0.0200868	0.500082
1399582920022947755	0.0068629	-0.020013	0.500118
1399582920058998662	0.00693157	-0.0199161	0.500131
1399582920164806328	0.0069904	-0.0198488	0.500285
1399582920179903385	0.00703876	-0.0198243	0.500167
1399582920270840845	0.00690657	-0.0198082	0.500206
1399582920360770541	0.00683929	-0.0199084	0.500687
1399582920375812275	0.00601939	-0.0212065	0.501873
1399582920443848041	0.00560515	-0.0214305	0.502701
1399582920479825299	0.00559498	-0.021384	0.503631
1399582920548677038	0.00743717	-0.0211918	0.504741
1399582920696623007	0.0130767	-0.0214409	0.506226
1399582920702646558	0.0161292	-0.025766	0.507128
1399582920755612215	0.0149469	-0.0195201	0.507411
1399582920781642416	0.0247814	-0.00798427	0.508648
1399582920862535108	0.0217897	-0.00221387	0.508674
1399582920898511483	0.0130017	-0.00291344	0.508644
1399582921004514304	0.0161021	0.00270137	0.508248
1399582921020514587	0.0153371	0.0020397	0.506851
1399582921109361769	0.00307387	-0.0094165	0.50533
1399582921171311655	-0.00375334	-0.0153545	0.504267
1399582921213414904	-0.00835253	-0.00281022	0.504328
1399582921326348311	-0.018125	0.014156	0.504253
1399582921332308951	-0.0284307	0.00881728	0.50428
1399582921389407808	-0.0272491	0.0032749	0.50346
1399582921497200755	-0.0207695	0.00256956	0.502526
1399582921505186473	-0.0168975	0.00265859	0.502313
1399582921616149999	-0.0140545	0.00942246	0.502947
1399582921623169223	-0.0103505	0.0162587	0.504358
1399582921698081712	-0.00538068	0.0121448	0.506068
1399582921746234151	0.00547045	0.00203261	0.507309
1399582921846160243	0.0145559	-0.0012042	0.508352
1399582921862100555	0.0251551	0.00445801	0.509644
1399582921951064558	0.0279208	0.00723058	0.510781
1399582922012950735	0.0199198	0.00551672	0.512041
1399582922056047275	0.0187803	0.00493876	0.512896
1399582922167910663	0.028813	0.00209931	0.513385
1399582922173842737	0.032908	-0.00139189	0.513737
1399582922265915074	0.0275471	-0.00431078	0.514027
1399582922280966919	0.0218961	-0.0059815	0.514413
1399582922369779257	0.0189154	-0.00631893	0.514984
1399582922437765927	0.0101951	-0.00608552	0.516027
1399582922474774872	0.00387031	-0.0082016	0.517068
1399582922585834325	0.00677358	-0.0127613	0.51788
1399582922592749381	0.0139719	-0.0200312	0.518593
1399582922658584477	0.0155392	-0.0222019	0.519308
1399582922746529187	0.00588789	-0.0111436	0.520797
1399582922759480686	-0.00452331	-0.00223663	0.522425
1399582922860573060	-0.0101581	-0.0046992	0.524418
1399582922896596529	-0.010055	-0.00497332	0.526213
1399582923008341582	-0.00970122	0.000990626	0.527681
1399582923014340830	-0.00934901	0.00269363	0.530056
1399582923108337420	-0.00635576	0.0058331	0.5324
1399582923123302800	-0.00669432	0.00750275	0.535085
1399582923213276918	-0.00392016	0.0131108	0.537691
1399582923289236253	0.00349247	0.018332	0.539982
1399582923316180194	0.00749141	0.0183283	0.542649
1399582923385140473	0.0114351	0.0158137	0.544858
1399582923421181410	0.0141224	0.00706131	0.546495
1399582923526122263	0.0152996	0.000419527	0.547991
1399582923542122319	0.0145507	-0.00133842	0.549715
1399582923631100288	0.0163633	-0.00404422	0.552747
1399582923699070491	0.0223806	-0.00528245	0.555459
1399582923739140459	0.025011	-0.00480617	0.558251
1399582923803096429	0.023186	-0.0104475	0.561273
1399582923839053782	0.0224009	-0.014055	0.564969
1399582923944962823	0.023083	-0.0139215	0.570252
1399582923959932192	0.0262319	-0.0165106	0.576207
1399582924037879985	0.0289615	-0.0192328	0.582517
1399582924120901284	0.0266817	-0.0208163	0.588774
1399582924154877638	0.0214695	-0.0203054	0.595035
1399582924266814485	0.01543	-0.0124581	0.60112
1399582924272759217	0.0154149	0.00111799	0.607202
1399582924363744364	0.0195862	0.00434567	0.613744
1399582924378793602	0.0206122	-0.0031031	0.619941
1399582924469721780	0.0181972	-0.00758006	0.625798
1399582924581697776	0.0145774	-0.0120018	0.630952
1399582924587656397	0.0103121	-0.0127197	0.634569
1399582924688652973	0.00243046	-0.00553325	0.63724
1399582924694603938	-0.00592354	0.00290104	0.638744
1399582924770588606	-0.0122283	0.00893858	0.639398
1399582924863601498	-0.0138368	0.00928392	0.639721
1399582924963515946	-0.0114381	0.00941632	0.638929
1399582924978464874	-0.00728232	0.00923249	0.63834
1399582925066447022	-0.00279081	0.00895833	0.637807
1399582925102465700	0.00377391	0.0115243	0.638351
1399582925171429226	0.0140867	0.0105112	0.639436
1399582925268311637	0.0188312	0.00554049	0.641887
1399582925284334656	0.0206451	-0.000808299	0.644989
1399582925379285284	0.0254078	-0.00561254	0.649031
1399582925415203988	0.0324677	-0.00261016	0.655899
1399582925493235932	0.0332299	0.00478281	0.664824
1399582925520238589	0.0233046	0.00640494	0.674309
1399582925625114672	0.0228315	-0.00354781	0.682138
1399582925640181247	0.0320209	-0.0132772	0.68712
1399582925729131532	0.0379327	-0.020852	0.690004
1399582925758070694	0.0331563	-0.034183	0.69213
1399582925835060744	0.0249581	-0.0364419	0.694362
1399582925897027377	0.0183696	-0.0228566	0.697041
1399582925939062418	0.011452	-0.014855	0.698283
1399582926045005807	-0.00243942	-0.0101243	0.699595
1399582926059949197	-0.0141497	-0.00432197	0.700412
1399582926261852857	-0.0178221	0.000304446	0.703192
1399582926267840176	-0.0213741	7.02366e-05	0.70357
1399582926428767652	-0.0100928	0.0117206	0.70178
1399582926576780011	-0.00398053	0.00525106	0.701359
1399582926582691032	-0.00288331	-0.00116007	0.701115
1399582926646685979	-0.00331459	0.00304733	0.701611
1399582926675719394	0.00100012	0.00537849	0.702732
1399582926790611994	0.00838429	0.00175405	0.705535
1399582926799623389	0.00845946	-0.00311929	0.709784
1399582926852555132	0.0071716	-0.0067467	0.713707
1399582926956547081	0.00852964	-0.0086208	0.716697
1399582926963490060	0.0124908	-0.0145086	0.719636
1399582927060479721	0.0176245	-0.0209006	0.723509
1399582927096492572	0.0222095	-0.0207128	0.728709
1399582927208440453	0.0235414	-0.0118353	0.73457
1399582927215403234	0.0260952	-0.00568886	0.741588
1399582927296423373	0.0231667	-0.00861747	0.747884
1399582927376325429	0.0169338	-0.00907149	0.752024
1399582927391314199	0.0152237	-0.0111366	0.75455
1399582927587230230	0.01167	0.00677158	0.758464
1399582927623187636	0.00292311	0.012667	0.760033
1399582927839042378	-0.00752156	0.011648	0.764416
1399582927845107396	-0.00713368	0.0114458	0.767058
1399582927859064132	-0.00416829	0.0118332	0.769704
1399582927924168452	0.00302808	0.013221	0.770023
1399582928049140592	0.00898652	0.0117955	0.768794
1399582928055283683	0.0168832	0.00763546	0.767926
1399582928099333956	0.01818	0.00712452	0.766396
1399582928261165727	0.0181572	0.00782277	0.763811
1399582928267022303	0.0175962	0.00218512	0.760207
1399582928324133944	0.0189601	-0.00394793	0.756305
1399582928339117649	0.0257093	-0.0173297	0.752884
1399582928427989798	0.0300171	-0.0322594	0.751469
1399582928463976072	0.0262507	-0.0250723	0.75494
1399582928568896294	0.0141627	-0.0102349	0.763047
1399582928652892497	-0.00699986	-0.0104466	0.781617
1399582928760874541	-0.0113254	-0.0172978	0.791128
1399582928769861924	-0.0091292	-0.0176931	0.798694
1399582928993792799	-0.00356422	0.0156692	0.80736
1399582929001781186	-0.00196844	0.0096404	0.809606
1399582929099645057	0.00127423	-0.0110755	0.810167
1399582929196613024	0.0103245	-0.0317439	0.809773
1399582929309552614	0.00433726	-0.0347416	0.81267
1399582929315578688	0.000337637	-0.0169255	0.818867
1399582929372464212	-0.00683003	0.00684235	0.828765
1399582929474460784	-0.0207636	0.00801672	0.839925
1399582929492492618	-0.0247185	-0.00826955	0.848997
1399582929585357829	-0.0223535	-0.0190577	0.85426
1399582929600322765	-0.0186453	-0.0110866	0.856234
1399582929696399298	-0.0219556	0.00139367	0.856905
1399582929725437573	-0.0232787	0.0108888	0.857068
1399582929933450875	-0.00326677	0.00273257	0.857479
1399582930038151655	0.00724474	-0.00431893	0.857346
1399582930151091607	0.000189072	0.00187615	0.857301
1399582930157035388	-0.00960972	0.0018033	0.856246
1399582930214002780	-0.010973	-0.00954231	0.854502
1399582930333951575	-0.00486156	-0.0171823	0.851982
1399582930339971770	0.00248241	-0.0205547	0.850468
1399582930422006698	0.00875828	-0.0209526	0.850885
1399582930457885269	0.00917151	-0.0157571	0.853543
1399582930570918224	0.00913857	-0.00804313	0.858363
1399582930576839380	0.0100185	-0.00393083	0.863544
1399582930633832338	0.0106433	-0.0015733	0.869481
1399582930741816929	0.0163174	0.00223641	0.875273
1399582930750800184	0.0166571	0.00824274	0.880148
1399582930885747452	0.00962237	0.0124631	0.884012
1399582930892772158	0.00964738	0.0138202	0.886269
1399582930946733697	0.0180739	0.0169453	0.887468
1399582930982702188	0.0239235	0.0166758	0.887103
1399582931087713927	0.0344203	0.011464	0.885482
1399582931102690588	0.0408353	0.00539043	0.883285
1399582931192666051	0.0372314	-0.000724375	0.881061
1399582931260596734	0.0312545	-0.00472185	0.880522
1399582931297609645	0.031703	-0.000897251	0.881484
1399582931409528420	0.0292868	0.00622033	0.883606
1399582931415533010	0.0232356	0.0104765	0.886424
1399582931506471594	0.0174985	0.00595905	0.889492
1399582931521535085	0.00789863	-0.00684798	0.893442
1399582931578445211	0.000784679	-0.0182812	0.897772
1399582931681492086	-0.00515732	-0.0252342	0.902806
1399582931717364378	-0.0147772	-0.0241276	0.909224
1399582931792384249	-0.0242921	-0.0244491	0.916444
1399582931823368594	-0.0240053	-0.0282661	0.923528
1399582931892317312	-0.0158583	-0.024764	0.92929
1399582931996300206	-0.0112033	-0.0198179	0.934552
1399582932003264589	-0.0103792	-0.0131865	0.938597
1399582932144213651	-0.00624787	-0.00286196	0.94014
1399582932151198982	-0.00555944	0.0013752	0.940349
1399582932221189674	-0.00519672	0.00145652	0.940469
1399582932245034569	-0.00583414	0.00474497	0.940298
1399582932350061884	-0.00559215	0.00899838	0.940478
1399582932455071971	-0.000474942	0.0193072	0.943987
1399582932531008784	-0.00316597	0.0259658	0.947844
1399582932537947190	0.00175807	0.0292991	0.95203
1399582932882892345	-0.0145277	0.0319311	0.957607
1399582932888898308	-0.00109197	0.0260711	0.954649
1399582932990079003	0.0184418	0.0186353	0.950039
1399582932996053751	0.035231	0.0111275	0.945969
1399582933096951331	0.04612	0.00680599	0.943792
1399582933103892802	0.0468187	0.00568087	0.943752
1399582933162334257	0.0433288	0.00500172	0.943551
1399582933257859044	0.0414986	0.00239273	0.943216
1399582933265920117	0.0343373	-0.00621699	0.94366
1399582933371806406	0.0240582	-0.0158635	0.944378
1399582933379682555	0.0127528	-0.0261765	0.944608
1399582933476657105	0.00612583	-0.0355948	0.944636
1399582933511629327	-0.00706565	-0.0349819	0.946145
1399582933836397304	-0.0360501	-0.0150796	0.970457
1399582933913528185	-0.0288874	-0.00985474	0.978502
1399582933920500851	-0.0240731	-0.00520062	0.98715
1399582934001518775	-0.0154741	0.00248465	0.99506
1399582934142330548	-0.00595483	0.00837172	1.0083
1399582934210375203	-0.0131813	0.0220126	1.01241
1399582934218266189	-0.00978176	0.0346239	1.01485
1399582934359173996	0.00186526	0.0320266	1.01542
1399582934365209010	0.0199771	0.0288927	1.01541
1399582934466101491	0.03385	0.0316479	1.01558
1399582934472124058	0.0431459	0.0351393	1.01548
1399582934526121705	0.0485814	0.0374825	1.01513
1399582934631099799	0.0460744	0.0412399	1.01389
1399582934638093969	0.0377606	0.0438395	1.01206
1399582934728253456	0.0279852	0.0326865	1.00929
1399582934771145384	0.0286633	0.0155275	1.00515
1399582934877087841	0.0326268	0.00411741	1.00072
1399582934884224371	0.0330647	-0.00338763	0.995962
1399582934982122013	0.0278308	-0.000948761	0.991194
1399582934997175254	0.0152229	0.0073901	0.987793
1399582935086958851	0.00470184	0.0029373	0.984604
1399582935198964974	-0.00644694	0.00132369	0.982071
1399582935206077953	-0.0189221	-0.00150776	0.981304
1399582935270056085	-0.0256426	-0.0123263	0.98152
1399582935299174729	-0.0227417	-0.0122592	0.980541
1399582935514676195	-0.0117561	-0.00768802	0.979309
1399582935521648284	-0.00624793	-0.00259611	0.98024
1399582935578609586	-0.000902693	0.0092444	0.982154
1399582935614645114	0.00463795	0.0139853	0.984785
1399582935682789822	0.0071914	0.0140592	0.988544
1399582935718707507	0.00905893	0.0123603	0.992952
1399582935793635673	0.0122324	0.0103524	0.997538
1399582935890506954	0.0141052	0.00943328	1.00242
1399582935898660944	0.0177201	0.00719818	1.00739
1399582936039311881	0.0174507	0.00192519	1.0122
1399582936045375983	0.0108366	-0.0026357	1.01603
1399582936103304767	0.011062	-0.00407593	1.01943
1399582936138348537	0.0209786	-0.005481	1.02398
1399582936207277147	0.0222787	-0.00306472	1.03058
1399582936412234808	0.00670443	-0.00125985	1.0479
1399582936454251415	0.00434112	-0.00490907	1.05095
1399582936523203236	0.00365212	9.80496e-06	1.05161
1399582936775059919	0.020088	0.00746702	1.03534
1399582936881170310	0.0163452	0.00923141	1.02883
1399582936887058855	0.00911898	0.00745372	1.02166
1399582936953006807	0.000572648	0.00710158	1.01603
1399582936979975043	0.00273813	0.00975709	1.0126
1399582937085907408	0.00826321	0.0107673	1.01146
1399582937100996143	0.0144637	0.00671964	1.01174
1399582937190009171	0.0228976	0.00358965	1.01421
1399582937302904679	0.0225341	0.00934757	1.02068
1399582937308851320	0.0144145	0.0157889	1.02925
1399582937408832853	0.0123176	0.00857273	1.03685
1399582937414793337	0.0160657	-0.00613546	1.04189
1399582937480822779	0.0179571	-0.0114555	1.04546
1399582937562803901	0.0211882	-0.0103029	1.04848
1399582937612774123	0.0165329	-0.00453179	1.05126
1399582937680720146	0.00749122	0.00491557	1.05409
1399582937716678087	0.0052831	0.00684508	1.05715
1399582937790713327	0.00221856	0.00337146	1.05944
1399582937820681566	-0.000919494	-0.000214312	1.06134
1399582937889588028	0.000426384	-0.00196042	1.06345
1399582937996586762	0.00708231	-0.00688478	1.0659
1399582938003548424	0.013129	-0.0151661	1.0682
1399582938097438899	0.0186797	-0.0255593	1.06956
1399582938133459346	0.0188151	-0.0253502	1.06999
1399582938202422009	0.0115666	-0.0161846	1.06947
1399582938238432111	0.0015087	-0.0153516	1.06764
1399582938343376078	-0.00289145	-0.0238237	1.06783
1399582938358404598	-0.000284016	-0.0191296	1.06897
1399582938448338614	0.00253239	-0.0119737	1.06939
1399582938560302021	0.00363679	-0.0115826	1.06933
1399582938566265175	0.0122914	-0.012874	1.06946
1399582938665203506	0.0145457	-0.0082024	1.07105
1399582938671229806	0.0089808	0.000295602	1.07219
1399582938728173290	0.0067884	0.0087314	1.07166
1399582938836157299	0.00275336	0.0125248	1.07007
1399582938844098009	-0.000185053	0.00695458	1.06737
1399582938984016363	0.00301522	0.000541139	1.06407
1399582938990047605	0.00971881	0.000146545	1.06091
1399582939089975538	0.00960492	0.00276282	1.05855
1399582939096943396	0.00746368	0.00274271	1.05672
1399582939187914793	0.00926608	0.00334092	1.05555
1399582939202943339	0.00372151	0.000191614	1.05545
1399582939292934409	-0.00454369	-0.00837184	1.05493
1399582939360869154	-0.0109355	-0.012995	1.05451
1399582939397868707	-0.00777018	-0.00896128	1.05487
1399582939509777413	0.00252283	-0.00483919	1.05723
1399582939516763061	0.00777712	-0.00621004	1.06125
1399582939582761061	0.00477748	-0.00872843	1.06711
1399582939684704534	0.00222631	-0.00839599	1.07434
1399582939690713367	0.00165719	-0.00253844	1.08242
1399582939791614809	-0.00235669	0.00485453	1.09031
1399582939805707050	-0.00240977	0.00592523	1.09765
1399582939924602811	0.00149719	0.0105057	1.10696
1399582940030580709	0.00748109	0.0163691	1.10829
1399582940037564916	0.0162827	0.00928657	1.10685
1399582940113543819	0.0186347	0.0101682	1.10396
1399582940202501423	0.0141107	0.0227075	1.10115
1399582940217480876	0.00880806	0.0194145	1.0985
1399582940306399870	0.00655317	0.0064094	1.09607
1399582940342386141	0.00598358	0.001836	1.09432
1399582940411390161	0.00884142	0.000447121	1.09373
1399582940515392301	0.0146119	0.00135974	1.0944
1399582940523343506	0.0152206	0.00578077	1.09651
1399582940620312776	0.0143357	0.00991771	1.09887
1399582940655223236	0.0155981	0.00362061	1.10014
1399582940723306665	0.0139565	-0.00373552	1.10028
1399582940760205212	0.0071277	-0.00879076	1.10018
1399582940837129853	0.00551963	-0.0153772	1.10079
1399582940932121874	0.00586257	-0.0177221	1.10202
1399582940940030298	-0.000725967	-0.0129038	1.10471
1399582941045108490	-0.00889295	-0.0115913	1.10955
1399582941060000890	-0.0109064	-0.0176566	1.11622
1399582941127952083	-0.00201487	-0.0193589	1.1238
1399582941177012328	0.00750629	-0.0159307	1.13122
1399582941281981495	0.00784432	-0.0106472	1.13869
1399582941296953463	0.005378	-0.00828194	1.14603
1399582941374869210	0.00674674	-0.0059436	1.15376
1399582941455952603	0.00567742	0.00162444	1.16263
1399582941491931786	0.0100459	0.00823767	1.17103
1399582941559916432	0.0213056	0.0113993	1.17889
1399582941595877684	0.0261392	0.0149251	1.18614
1399582941701775547	0.0249518	0.0131007	1.19229
1399582941716687779	0.0184163	0.00996962	1.19665
1399582941807672854	0.0132194	0.0129331	1.19771
1399582941874602026	0.00886383	0.0176121	1.19683
1399582942020642234	-0.00236322	0.014846	1.18489
1399582942097636127	-0.00596098	0.0148747	1.1791
1399582942192608798	-0.00533853	0.013624	1.17387
1399582942200523144	-0.00369903	0.0104807	1.17005
1399582942296516648	0.000719619	0.00316694	1.16786
1399582942333453891	0.00530662	0.00128178	1.16606
1399582942445465107	0.0107589	0.00505799	1.16493
1399582942451434967	0.0150102	0.00111574	1.16412
1399582942508428317	0.0229777	-0.00226001	1.16384
1399582942656369823	0.0287847	-0.000277583	1.1634
1399582942662240854	0.0263857	0.00430097	1.16333
1399582942677275391	0.0244558	0.00856195	1.16386
1399582942762257133	0.0325734	0.0147696	1.16446
1399582942862230492	0.0320508	0.00823512	1.16283
1399582942968420799	0.0271364	0.00352636	1.16039
1399582942983378977	0.0326306	0.00688401	1.15844
1399582943061327071	0.0319228	0.0129893	1.15653
1399582943164376248	0.0220795	0.0127736	1.15558
1399582943171279323	0.0174099	0.00518736	1.15576
1399582943291297797	0.0148676	-0.00569359	1.15672
1399582943298296832	0.0122427	-0.012236	1.15866
1399582943354209611	0.0147445	-0.00791111	1.16166
1399582943466147673	0.0128838	-0.00145144	1.1658
1399582943472071242	0.00285415	-0.000876203	1.17042
1399582943606988442	-0.00072649	0.00374343	1.17521
1399582943613052365	-0.00486312	0.00179738	1.18003
1399582943714030168	-0.0161266	-0.00879549	1.1837
1399582943719931224	-0.0183423	-0.00798612	1.18447
1399582943774829981	-0.0144284	-0.00174514	1.18413
1399582943885824008	-0.0161406	-0.00030176	1.18328
1399582943892906549	-0.0223387	0.000635959	1.181
1399582943983722508	-0.0250199	0.00260578	1.17742
1399582943998716893	-0.016598	0.00334672	1.17262
1399582944229802489	-0.00907139	0.00736192	1.15235
1399582944304679736	-0.00841263	0.00396524	1.14756
1399582944310660040	-0.00510366	-0.00581888	1.14432
1399582944401733132	-0.000920482	-0.00896692	1.14388
1399582944416623544	0.00655077	-0.0056447	1.14573
1399582944611673082	-0.0979825	0.0214593	1.15459
1399582944731641529	-0.067678	0.00779159	1.15819
1399582944737686730	-0.00150739	-0.00367802	1.16034
1399582944819333784	0.0347159	-0.00394241	1.16402
1399582944855454078	0.0371929	0.00177883	1.17097
1399582944933496202	0.0320278	0.00523815	1.1797
1399582944960337779	0.0132035	0.00428596	1.18861
1399582945028318098	0.00644933	-0.00236647	1.19766
1399582945176165606	0.0320577	-0.00617643	1.20535
1399582945182190861	0.0549149	0.00200879	1.21188
1399582945197201675	0.0560759	0.00894381	1.21853
1399582945276132972	0.0488762	0.00895671	1.22445
1399582945345138696	0.0398471	0.00570266	1.22916
1399582945381084629	0.0363176	0.00763538	1.23198
1399582945486151119	0.0340409	0.00958645	1.23283
1399582945501044930	0.0396023	0.00761823	1.23161
1399582945590985473	0.0393467	0.00139978	1.22864
1399582945701956186	0.0274117	-0.00205841	1.22619
1399582945707926635	0.0249316	0.00193559	1.22527
1399582945773870355	0.0255687	0.00219401	1.22531
1399582945802888206	0.0197874	-0.00258485	1.22626
1399582945908904300	0.00643006	-0.00364643	1.22699
1399582945983868522	-0.00823301	-0.000658244	1.22674
1399582945989878814	-0.0218209	-0.00061138	1.22651
1399582946124785086	-0.0497315	-0.0037731	1.22726
1399582946130773744	-0.0750932	-0.0033781	1.22886
1399582946231822973	-0.0869011	0.000773881	1.23061
1399582946237786563	-0.0899666	0.00556391	1.23308
1399582946301781973	-0.068257	0.00299569	1.23636
1399582946406728391	-0.0357602	-0.00493588	1.24091
1399582946413710278	-0.0141914	-0.0086445	1.24556
1399582946506726170	-0.000749545	-0.00439859	1.24919
1399582946521652851	0.0024001	0.00829424	1.25255
1399582946613651762	0.00163793	0.019164	1.25547
1399582946648637101	0.0033061	0.0230358	1.25766
1399582946732544736	0.0188823	0.01586	1.25902
1399582946758543430	0.0395292	0.00823309	1.25909
1399582946820514176	0.0495341	0.00754867	1.25849
1399582946969430723	0.0566808	0.0132391	1.25788
1399582946975460711	0.0584472	0.0149695	1.257
1399582947032432593	0.0571157	0.0126519	1.25687
1399582947068406483	0.0535532	0.0161698	1.25703
1399582947173390461	0.0517023	0.0197184	1.25605
1399582947181336958	0.0524572	0.00936049	1.2538
1399582947257368931	0.0540447	8.2925e-06	1.25121
1399582947345292151	0.0460697	-0.00185528	1.24954
1399582947360265347	0.0307939	-0.0018642	1.24886
1399582947494145357	0.017424	-0.00276122	1.24895
1399582947500198944	0.0171281	3.68133e-05	1.24924
1399582947593151043	0.0170755	0.00403659	1.25032
1399582947601138075	5.82069e-06	0.0100465	1.25174
1399582947661132120	-0.0210195	0.0137962	1.25336
1399582947813069937	-0.0317898	0.00855988	1.25478
1399582947822025791	-0.036683	0.0039793	1.2553
1399582947875002292	-0.0388502	0.00865253	1.25584
1399582947909928618	-0.0361717	0.0152296	1.25716
1399582948015091471	-0.0218808	0.0240099	1.2577
1399582948022999181	-0.00797987	0.0266247	1.25811
1399582948120103186	0.0013512	0.0208991	1.25904
1399582948189952454	0.0478389	0.0169092	1.25998
1399582948202178981	0.0890297	0.0182233	1.26216
1399582948303079120	0.0770581	0.0199546	1.26361
1399582948318020659	0.0443783	0.0145996	1.26274
1399582948434885853	0.0249215	0.0101658	1.26187
1399582948442943484	0.091716	0.00412017	1.26077
1399582948540907898	0.222251	-0.0134845	1.25607
1399582948611033103	0.287681	-0.0422412	1.24774
1399582948621968903	0.204541	-0.0582918	1.24277
1399582948761857010	0.054335	-0.0409699	1.24733
1399582948771825649	-0.0819267	-0.0122158	1.25138
1399582948864806498	-0.156636	0.00504839	1.25013
1399582948870768954	-0.185397	0.01415	1.24764
1399582948942676505	-0.218185	0.0252737	1.24489
1399582949075699794	-0.224682	0.0299905	1.24338
1399582949082729781	-0.221045	0.0225293	1.24435
1399582949139662555	-0.224046	0.00203072	1.24935
1399582949175630773	-0.22086	-0.00832327	1.25442
1399582949287379243	-0.210492	-0.00698596	1.25925
1399582949293450453	-0.179709	-0.00256266	1.26433
1399582949384464875	-0.132797	-0.00137791	1.26862
1399582949400455599	-0.0629715	-0.0140406	1.27149
1399582949489358257	-0.00217597	-0.0330002	1.272
1399582949558420080	0.0389282	-0.0370443	1.27135
1399582949594301963	0.0687999	-0.0341869	1.271
1399582949706225629	0.110059	-0.0349765	1.27035
1399582949712227423	0.131851	-0.0389145	1.27172
1399582949778364667	0.138996	-0.0372196	1.27645
1399582949874232670	0.154305	-0.0242252	1.28409
1399582949881238133	0.152349	-0.00920227	1.29279
1399582949981239704	0.149759	0.00185408	1.29953
1399582950017145475	0.131278	0.00710691	1.30307
1399582950129148324	0.0912506	0.0126146	1.30629
1399582950135206947	0.0508961	0.0224613	1.30866
1399582950228054635	0.0283016	0.0250094	1.30927
1399582950243075342	0.016518	0.0238651	1.30779
1399582950332089057	0.00396408	0.0324044	1.30599
1399582950400084924	-0.030136	0.0410351	1.30494
1399582950436103379	-0.0658322	0.0418631	1.30377
1399582950548864219	-0.0817741	0.0362772	1.30138
1399582950554954070	-0.0826359	0.0255954	1.2985
1399582950612094344	-0.0810753	0.0176908	1.29399
1399582950727003886	-0.0929453	0.00790239	1.29003
1399582950733062212	-0.0987391	0.00852805	1.2858
1399582950824916249	-0.0922733	0.0177136	1.28139
1399582950840968728	-0.0820568	0.0143253	1.27858
1399582950926886095	-0.0555742	0.0149338	1.27618
1399582950962847026	-0.0270227	0.0156884	1.27466
1399582951068774720	-0.0202493	0.00541916	1.27425
1399582951083844519	-0.0161396	-0.0111213	1.27451
1399582951173875059	-0.00298657	-0.0183718	1.27501
1399582951241856974	0.0125071	-0.017389	1.27661
1399582951256721364	0.0304515	-0.0153401	1.27842
1399582951345632429	0.0469111	-0.0111824	1.28059
1399582951381597300	0.0508561	-0.0101121	1.28294
1399582951486586058	0.0463259	-0.0133728	1.28491
1399582951500703376	0.0455244	-0.011763	1.28849
1399582951578562685	0.00772131	-0.00609825	1.29384
1399582951678564025	-0.19573	-0.00580189	1.31071
1399582951809400552	-0.150941	0.0128258	1.31334
1399582951815454457	-0.0484905	0.0261391	1.31288
1399582951882390188	0.0543647	0.0272674	1.30957
1399582951983419472	0.152886	0.0270571	1.30196
1399582951990388304	0.176703	0.0291469	1.29694
1399582952125330614	0.136569	0.032585	1.29456
1399582952132365624	0.0808441	0.0343806	1.2948
1399582952188372947	0.0455716	0.0265681	1.29525
1399582952225300425	0.0474827	0.0122639	1.2958
1399582952330323218	0.0528128	-0.00182523	1.29661
1399582952338192137	0.0662483	-0.00891388	1.29651
1399582952435025779	0.0699129	-0.00309258	1.29663
1399582952503170465	0.0236504	0.00247581	1.29872
1399582952518228815	-0.0287718	0.0017351	1.30319
1399582952651969467	-0.0563431	-0.00753594	1.30836
1399582952657964851	-0.0664227	-0.0227616	1.31403
1399582952753884157	-0.0649754	-0.0248204	1.31787
1399582952864017275	-0.0575455	-0.0179934	1.32038
1399582952870010790	-0.0608764	-0.00885208	1.32244
1399582952885025955	-0.0803358	0.00142555	1.32295
1399582952961822136	-0.0993185	0.00398926	1.3221
1399582953037765112	-0.111202	-0.00565952	1.32117
1399582953066661947	-0.0981059	-0.00857958	1.3198
1399582953171671761	-0.0644822	0.0116909	1.31752
1399582953179585709	-0.0381169	0.029183	1.31578
1399582953240588053	-0.0189051	0.0265738	1.31355
1399582953387572845	-0.00359069	0.0165901	1.30956
1399582953393498516	-0.000617461	0.0112594	1.3048
1399582953451525311	-0.00437736	0.00899747	1.30049
1399582953487501768	0.0132286	0.0124839	1.29729
1399582953592406252	0.0378695	0.0230757	1.29613
1399582953600417688	0.0499093	0.0319581	1.29651
1399582953661351109	0.0600764	0.0344998	1.29851
1399582953768373505	0.0687356	0.0307033	1.30207
1399582953785321391	0.0627303	0.020588	1.30649
1399582953913273589	0.0524232	0.00925958	1.31007
1399582953919251212	0.0468319	0.00717749	1.3128
1399582953989216310	0.0363095	0.00915704	1.31508
1399582954085113868	0.0619532	0.010014	1.31652
1399582954091143025	0.123839	0.0123937	1.31584
1399582954182102055	0.106475	0.0137558	1.31618
1399582954197069508	0.0210279	0.00711494	1.31952
1399582954330036974	-0.0461894	-0.00209136	1.32289
1399582954336943728	-0.0709935	-0.00939811	1.32568
1399582954418993447	-0.0126679	-0.00340289	1.32604
1399582954436997164	0.0473387	0.00995395	1.32595
1399582954534916426	0.0277754	0.0174287	1.32802
1399582954604879628	-0.021787	0.0135933	1.33161
1399582954615840656	-0.0292728	0.00871708	1.33501
1399582954711810196	0.0535649	0.0116689	1.33649
1399582954753836347	0.0955124	0.00947647	1.33827
1399582954852734680	0.0452032	-0.00196101	1.34009
1399582954860754182	-0.0286871	-0.0136647	1.34282
1399582954957653402	-0.0592501	-0.0199942	1.34518
1399582955018575183	-0.0661415	-0.0241892	1.34512
1399582955061685544	-0.0873701	-0.0203012	1.34315
1399582955173592611	-0.133935	-0.0101743	1.34148
1399582955180575526	-0.158492	-0.00632548	1.3393
1399582955236559145	-0.149075	-0.0107812	1.33498
1399582955348565965	-0.124682	-0.0127306	1.32872
1399582955354514853	-0.103643	-0.00906637	1.32257
1399582955445526686	-0.0685535	-0.00470281	1.31849
1399582955460444082	-0.0423074	0.00362042	1.31789
1399582955549414596	-0.0239099	0.0118887	1.31931
1399582955585439744	0.0131409	0.0136651	1.32069
1399582955654296038	0.0363339	0.0085303	1.32251
1399582955769209287	0.0604183	0.00733691	1.32414
1399582955778239050	0.0829489	0.0133733	1.32566
1399582955866299098	0.0873553	0.0187853	1.32892
1399582955881271174	0.085539	0.0160292	1.33264
1399582955985228559	0.084032	0.0130658	1.33661
1399582956005188215	0.0760087	0.01046	1.34048
1399582956073186358	0.0681942	0.00327255	1.3423
1399582956188164187	0.0577081	0.00131883	1.34375
1399582956194089575	0.0481264	0.00382269	1.3444
1399582956287999396	0.0328188	0.00263126	1.34399
1399582956323070072	0.0241215	0.0010814	1.34339
1399582956435969568	0.00086588	0.00524546	1.34238
1399582956441991693	-0.0209533	0.0103903	1.34201
1399582956532960405	-0.0248792	0.00843551	1.34242
1399582956540930619	-0.0386059	-0.00256889	1.34407
1399582956600924671	-0.0500527	-0.00729145	1.3463
1399582956698841667	-0.0478704	-0.00714072	1.34894
1399582956744812227	-0.0560137	-0.00506198	1.35291
1399582956810824509	-0.0706719	-0.00668682	1.35786
1399582956846791780	-0.0775987	-0.0163487	1.36363
1399582956914736764	-0.0756441	-0.0212097	1.36923
1399582957059611898	-0.0601421	-0.0133287	1.3795
1399582957123664593	-0.0496728	-0.00878923	1.38449
1399582957138669499	-0.0348989	-0.000432752	1.38989
1399582957271641181	-0.0157939	0.00905589	1.39544
1399582957278569949	-0.00313901	0.0174022	1.40001
1399582957335597165	0.00553785	0.0190246	1.40333
1399582957482521570	0.0226517	0.0175279	1.40573
1399582957489507082	0.0401673	0.015607	1.40779
1399582957503494521	0.0403248	0.0122803	1.40909
1399582957582468934	0.0403388	0.0162265	1.40931
1399582957694377163	0.0483356	0.0222483	1.4095
1399582957701414593	0.0499729	0.0238432	1.41008
1399582957764332458	0.0209144	0.0104169	1.41163
1399582957859307988	-0.0125426	0.000228014	1.41377
1399582957870306137	-0.00590451	0.00583311	1.41303
1399582957967501221	0.00838099	0.0132342	1.41138
1399582957982435813	0.0104289	0.0196095	1.40943
1399582958071439912	0.00221397	0.0260039	1.40794
1399582958107436784	-0.00755685	0.0232878	1.40764
1399582958213494015	-0.0168217	0.00683528	1.40839
1399582958220380997	-0.0188474	-0.00641591	1.40965
1399582958284271556	-0.0138229	-0.0120028	1.40991
1399582958375239594	-0.0143515	-0.013589	1.40922
1399582958424583304	-0.020187	-0.0043516	1.40878
1399582958492309824	-0.0243328	0.00582806	1.40862
1399582958528113382	-0.020424	-0.00160105	1.40788
1399582958606130059	-0.00970221	-0.0142715	1.40577
1399582958698230444	0.00419595	-0.0124456	1.4021
1399582958709124199	0.0125969	0.00278614	1.397
1399582958852114734	0.0143012	0.0185556	1.39185
1399582958858098641	0.0129667	0.0259365	1.38637
1399582958915033881	0.0240958	0.0306157	1.38077
1399582958951935981	0.0329077	0.03219	1.376
1399582959062983106	0.0116137	0.0243581	1.37174
1399582959068791552	-0.0104877	0.00865508	1.36721
1399582959146056917	-0.010691	-0.000233166	1.36255
1399582959227868922	0.00139538	0.00689684	1.35876
1399582959264811551	0.0148211	0.0146098	1.3561
1399582959332806813	0.013121	0.01913	1.3556
1399582959368854382	0.00405091	0.0177276	1.35624
1399582959474693306	0.00207954	0.0134634	1.35605
1399582959482676021	0.000485165	0.00945611	1.35573
1399582959542670307	-0.00571097	0.0109613	1.35613
1399582959690535239	-0.0106213	0.0129466	1.35746
1399582959696545585	-0.00945696	0.00974287	1.35985
1399582959800489061	-0.010537	0.00472447	1.36353
1399582959809458786	-0.0159035	-0.00337392	1.36741
1399582959861539615	-0.0160914	-0.00593855	1.3712
1399582959897391821	0.00891809	-0.00786356	1.3741
1399582960003352241	0.0285645	-0.0109436	1.37666
1399582960018344200	0.00914863	-0.0118033	1.37954
1399582960107277478	-0.0187389	-0.00733338	1.38187
1399582960219241106	-0.0283575	-0.000393126	1.38168
1399582960226200848	-0.0297372	0.00284513	1.37966
1399582960282240871	-0.0336864	0.000761952	1.37735
1399582960319146664	-0.0281017	0.00486547	1.3742
1399582960424188962	-0.014397	0.0134702	1.37035
1399582960439088765	0.00625738	0.0215115	1.36714
1399582960531091908	0.015866	0.0245415	1.36471
1399582960599042965	0.0177947	0.02351	1.36336
1399582960635082957	0.0170045	0.0165527	1.36266
1399582960750965940	0.0200713	0.0143219	1.36268
1399582960759953104	0.029361	0.0185354	1.36397
1399582960848925471	0.0341651	0.0171994	1.36781
1399582960856926350	0.0397632	0.00399885	1.37283
1399582960954896418	0.0361581	0.000614531	1.38064
1399582961047812088	0.0315654	0.00166133	1.38901
1399582961058816659	0.0161615	-0.00607953	1.39506
1399582961126781748	-0.000815279	-0.0141164	1.39871
1399582961162796889	-0.0137417	-0.0174534	1.40056
1399582961268772339	-0.0294742	-0.0162607	1.40102
1399582961276707798	-0.0408766	-0.0100442	1.40018
1399582961336701121	-0.0475631	-0.0041941	1.39895
1399582961440650757	-0.0550272	-0.00739495	1.39781
1399582961455720214	-0.0550967	-0.012738	1.39752
1399582961589630968	-0.0427427	-0.00997303	1.39771
1399582961595666343	-0.034697	0.011033	1.39897
1399582961687579634	-0.0307279	0.0309921	1.40124
1399582961702608662	-0.0263957	0.0274183	1.40253
1399582961791530594	-0.0235732	0.0130841	1.40221
1399582961860410201	-0.021126	0.00543823	1.39975
1399582961896498441	-0.0185822	0.0103228	1.39654
1399582962008494524	-0.0225048	0.00941149	1.39389
1399582962015345221	-0.0277343	0.0113695	1.3925
1399582962108385929	-0.0266048	0.0136589	1.39241
1399582962116329664	-0.0197737	0.00212752	1.39246
1399582962176322173	-0.0114336	-0.0066213	1.39232
1399582962280347753	0.0391346	-0.00237804	1.39275
1399582962295295361	0.0794387	0.010551	1.39466
1399582962429238926	0.0476726	0.0179849	1.39761
1399582962435190852	-0.0107943	0.0119811	1.4006
1399582962514174341	-0.0506321	0.00644592	1.4028
1399582962619127847	-0.0552155	0.00896945	1.40361
1399582962626095607	-0.0326297	0.0126792	1.40282
1399582962749082743	-0.0103834	0.00986042	1.40074
1399582962755157174	-0.0209942	-0.000960693	1.39824
1399582962810100679	-0.0406242	-0.0154837	1.39558
1399582962846051483	-0.0444913	-0.0184841	1.39207
1399582962951979669	-0.0486484	-0.00651632	1.38849
1399582962958874882	-0.0527313	0.00104865	1.38452
1399582963055968009	-0.0564138	-0.00221313	1.38207
1399582963167851856	-0.0473389	-0.0113843	1.38133
1399582963174787969	-0.0311057	-0.0165134	1.38197
1399582963230776458	-0.00793963	-0.0207601	1.3835
1399582963267740500	0.0113617	-0.0137531	1.38677
1399582963335754724	0.0168833	-0.00207123	1.39247
1399582963446742553	0.0107155	0.0118068	1.39934
1399582963452712087	0.00827493	0.0212026	1.40658
1399582963588641961	0.0132376	0.021768	1.41262
1399582963594633601	0.0309704	0.0204082	1.41725
1399582963693543903	0.0490803	0.0234886	1.42069
1399582963699577834	0.0538307	0.0347883	1.42313
1399582963749589319	0.0517861	0.0501318	1.42375
1399582963905452570	0.0417684	0.0537969	1.42083
1399582963911467976	0.0243143	0.0478237	1.41411
1399582963956445184	0.0137853	0.0464029	1.40458
1399582964005437655	0.0105408	0.0499163	1.3932
1399582964117328660	0.00874577	0.0431729	1.38249
1399582964123351777	0.00193753	0.0258006	1.37435
1399582964215284893	-0.00704851	0.0176411	1.3679
1399582964222309108	-0.0546048	0.0118328	1.3649
1399582964493087960	-0.0383328	-0.0400253	1.37273
1399582964528125623	-0.0201226	-0.0469397	1.37298
1399582964634091624	-0.0110135	-0.0410224	1.37384
1399582964648109050	0.0071518	-0.0342457	1.37467
1399582964741035226	0.0160545	-0.0280514	1.37589
1399582964850988883	0.0111763	-0.0283158	1.37736
1399582964856970869	0.00535789	-0.0335288	1.37768
1399582964913970661	0.0061419	-0.0275115	1.37676
1399582964950976941	0.00629828	-0.0150898	1.37464
1399582965018862518	-0.000929258	-0.00305857	1.37136
1399582965129850118	-0.00723363	-0.000199329	1.36802
1399582965135854376	-0.00901941	0.00313003	1.36454
1399582965229714249	-0.008686	0.0167763	1.36086
1399582965237737409	-0.00556773	0.0306761	1.35773
1399582965334718166	-0.00873983	0.0327849	1.35601
1399582965369710014	-0.0165992	0.0325071	1.35585
1399582965474668041	-0.02994	0.030586	1.35777
1399582965482722499	-0.0510845	0.0240242	1.3615
1399582965542655324	-0.0481959	0.0236962	1.36449
1399582965689612119	-0.0348558	0.0275003	1.36651
1399582965695599473	-0.0221084	0.0363277	1.36895
1399582965800495021	-0.0073978	0.0488343	1.3711
1399582965809519815	-0.00553418	0.0435648	1.37259
1399582965896441806	0.0028938	0.0212796	1.37197
1399582965965413258	0.00758024	0.0200838	1.37118
1399582966072447505	0.0106404	0.0167882	1.37088
1399582966080407900	0.0158624	0.0093954	1.37286
1399582966178390817	0.0213178	-0.00402489	1.37647
1399582966212352101	0.0230105	-0.00782358	1.38037
1399582966280312752	0.0124844	-0.00128548	1.38408
1399582966316244828	-0.000889643	0.00223671	1.38738
1399582966421237929	-0.00646735	0.00449259	1.39014
1399582966436274342	-0.00996908	0.00533746	1.39255
1399582966528140488	-0.014129	0.00547274	1.39418
1399582966641153078	-0.0173319	0.012189	1.39429
1399582966648159345	-0.0199195	0.0178731	1.39186
1399582966726050396	-0.0258121	0.0194675	1.38663
1399582966746061654	-0.0330152	0.0110772	1.38032
1399582966808082737	-0.0350567	0.00164436	1.37405
1399582966923028032	-0.0136278	0.00641878	1.36798
1399582966929938640	0.0150388	0.02466	1.36206
1399582967012980365	0.00269194	0.0407522	1.35675
1399582967055904571	-0.00944705	0.0381051	1.35175
1399582967133921198	0.0533419	0.0232913	1.34898
1399582967159831146	0.174805	0.00665624	1.34275
1399582967243780622	0.239862	-0.00446779	1.33621
1399582967376780885	0.160593	-0.00666044	1.33665
1399582967382697521	0.017831	0.00299055	1.3422
1399582967439728965	-0.099898	0.0167827	1.3508
1399582967475720994	-0.159653	0.0179259	1.35757
1399582967543701351	-0.162958	0.00672803	1.36102
1399582967579697167	-0.124977	0.000758927	1.36008
1399582967685636105	-0.0957045	0.00196742	1.35801
1399582967700540592	-0.13193	0.000993081	1.35774
1399582967758549387	-0.178475	-0.00232048	1.36016
1399582967857537303	-0.220583	-0.00699244	1.36193
1399582967893538538	-0.224353	-0.00951372	1.36109
1399582967962508266	-0.18474	-0.00261505	1.35617
1399582967998467227	-0.13977	0.00572442	1.35165
1399582968066444973	-0.108492	0.00961597	1.34842
1399582968170371477	-0.0733211	0.00909952	1.34418
1399582968178396852	-0.0394306	0.00293573	1.33848
1399582968318222685	-0.00840882	-0.00436187	1.33171
1399582968324213405	0.030482	-0.00610175	1.32712
1399582968381207414	0.0793387	-0.00563161	1.32527
1399582968417234812	0.135008	-0.00281058	1.32553
1399582968486172079	0.164823	0.00336008	1.32818
1399582968634172374	0.137892	0.00739705	1.33347
1399582968641152551	0.103969	0.00661284	1.3406
1399582968745149499	0.0905367	0.00120296	1.34778
1399582968752037804	0.0787903	0.00273274	1.35536
1399582968848076202	0.0680303	0.0117359	1.36246
1399582968854022587	0.0600636	0.0123676	1.36731
1399582968913929395	0.0491093	0.0104428	1.37106
1399582969014930107	0.0201257	0.0130879	1.37568
1399582969022975111	-0.0405671	0.0136424	1.38021
1399582969118901453	-0.0882713	0.00737	1.38401
1399582969154883070	-0.118413	0.00403055	1.38459
1399582969223836282	-0.12736	0.00381503	1.38281
1399582969259865727	-0.105077	0.0013009	1.37809
1399582969364723939	-0.0888323	-0.00215113	1.37257
1399582969379785378	-0.0871021	3.43956e-05	1.36683
1399582969468737005	-0.0866935	0.00166625	1.36177
1399582969546715974	-0.0897041	-0.00207926	1.35788
1399582969561749721	-0.0917951	-0.00399189	1.35468
1399582969628638697	-0.0767993	-0.00411312	1.35249
1399582969677700909	-0.0544867	-0.00692877	1.35092
1399582969782640316	-0.038336	-0.0113405	1.34984
1399582969797620846	-0.0291224	-0.0108164	1.34838
1399582969889580476	-0.0176723	-0.00624338	1.34638
1399582970001508967	0.00831289	0.000879847	1.3442
1399582970008533713	0.0309727	0.000984553	1.34179
1399582970065386986	0.0328481	-0.00899552	1.33996
1399582970101460267	0.0342396	-0.00977642	1.33792
1399582970169447753	0.061361	0.00342709	1.33675
1399582970296383742	0.0741829	0.0128325	1.33733
1399582970302368091	0.0666535	0.025216	1.33925
1399582970382311434	0.0442825	0.0378751	1.34191
1399582970397317331	0.0155025	0.0339912	1.34458
1399582970485173194	0.00611441	0.0202976	1.34566
1399582970521274081	-0.0167067	0.00802399	1.34608
1399582970589161606	-0.0272313	0.00473144	1.34684
1399582970694138741	-0.0340702	0.0140882	1.34741
1399582970702118362	-0.0454652	0.0245807	1.34789
1399582970798094960	-0.0550127	0.0307625	1.34777
1399582970834045731	-0.0562462	0.0292927	1.34727
1399582970947068722	-0.0555559	0.027428	1.34566
1399582970953069807	-0.0564668	0.0203246	1.34377
1399582971009912311	-0.0535846	0.0142512	1.34093
1399582971107977999	-0.0510451	0.0103631	1.33759
1399582971122946982	-0.0518942	0.00964758	1.33461
1399582971217872743	-0.0516624	0.00807239	1.33262
1399582971253869310	-0.102778	-0.00122182	1.33309
1399582971321848747	-0.174197	-0.00952094	1.33506
1399582971357838538	-0.150005	-0.00970245	1.336
1399582971426768501	-0.0662053	-0.00429521	1.33398
1399582971524706998	0.00251201	0.00230391	1.32791
1399582971539672538	0.0387618	0.00205134	1.32085
1399582971621703597	0.0504992	-0.0044273	1.31508
1399582971670697177	0.0354466	-0.0100951	1.31013
1399582971785718010	0.029043	-0.0121427	1.30615
1399582971795586634	0.0421179	-0.0143449	1.30262
1399582971881615356	0.0585021	-0.0175138	1.29923
1399582971896557404	0.0844191	-0.0167293	1.29767
1399582971985492025	0.103673	-0.00752751	1.29839
1399582972098436328	0.0971119	0.00632192	1.301
1399582972104506328	0.0726122	0.0157244	1.30563
1399582972149474642	0.050943	0.0188797	1.31113
1399582972197398480	0.0346898	0.0191549	1.31683
1399582972303402100	0.0225322	0.0177196	1.32315
1399582972318352849	0.0190126	0.0182273	1.32854
1399582972408372916	0.00888479	0.0205277	1.33211
1399582972476344870	-0.0203166	0.0172136	1.33597
1399582972512338392	-0.0438147	0.0125055	1.34005
1399582972624226660	-0.0555408	0.0127012	1.34354
1399582972630252751	-0.0578104	0.0137908	1.346
1399582972687198007	-0.0586987	0.00993154	1.34757
1399582972841130882	-0.0635679	0.00568915	1.34935
1399582972848098255	-0.0676265	0.00496179	1.35151
1399582972858112276	-0.0689187	0.0080136	1.35407
1399582972934073267	-0.0653988	0.0076219	1.35674
1399582973002322627	-0.0561959	0.00497102	1.36006
1399582973038057751	-0.0478228	0.00417488	1.36402
1399582973106984814	-0.0351483	0.00139867	1.36653
1399582973197990134	-0.0197266	-0.00421346	1.3691
1399582973246952038	-0.0112406	-0.00165851	1.37024
1399582973359885522	-0.00919904	0.00501495	1.36898
1399582973365888312	-0.000765562	0.00413973	1.36536
1399582973463832097	0.0104968	0.00424938	1.3602
1399582973470854370	0.0161198	0.00645265	1.35473
1399582973563828020	0.0214696	0.00608732	1.35126
1399582973578769210	0.0248503	-0.00228734	1.35101
1399582973668878646	0.0217695	-0.00903571	1.35256
1399582973739802933	0.011231	-0.00537559	1.35411
1399582973756889537	7.54867e-05	0.00204854	1.3558
1399582973840726806	-0.00429114	0.00151097	1.35672
1399582973876740380	-0.00511772	7.68751e-05	1.35582
1399582973981983423	-0.00446908	0.00341221	1.35336
1399582973996850970	-0.0054252	0.000931699	1.35016
1399582974074823069	0.00942797	-0.0050813	1.34766
1399582974154779588	0.0190582	-0.00238016	1.34593
1399582974190730920	0.0117837	0.00194678	1.34503
1399582974258674902	-0.000528846	0.0049577	1.34285
1399582974295661907	-0.0159094	0.00868777	1.33945
1399582974399415931	-0.00726845	0.0156191	1.33545
1399582974467512007	0.00548922	0.0266178	1.33114
1399582974475517690	-0.00667736	0.0270406	1.32691
1399582974572547643	-0.0234673	0.0184682	1.32349
1399582974608525397	-0.0304843	0.010291	1.31982
1399582974713471587	-0.0304502	0.00645778	1.31589
1399582974721425774	-0.0191136	0.00521999	1.31284
1399582974818371404	-0.00937997	0.00169161	1.31077
1399582974836417301	-0.011926	-0.00739808	1.3098
1399582974923408426	-0.00390402	-0.0108845	1.31051
1399582975006163176	0.0566906	-0.00812785	1.31193
1399582975027075070	0.0867332	-0.00682137	1.31483
1399582975133048349	0.0450875	-0.00518142	1.31823
1399582975141053537	-0.0202708	0.00199415	1.32126
1399582975224928519	-0.0635168	0.0107574	1.32303
1399582975305935326	-0.074781	0.0163215	1.32333
1399582975321960967	-0.0671035	0.0190564	1.32206
1399582975412901540	-0.063614	0.0175679	1.32025
1399582975446876100	-0.0867978	0.0164263	1.31896
1399582975551837419	-0.103377	0.0193555	1.31861
1399582975559811365	-0.0967783	0.0311043	1.31841
1399582975620813774	-0.0829304	0.0403301	1.31871
1399582975711769759	-0.0700349	0.0386837	1.31976
1399582975767700529	-0.0652163	0.0316352	1.31998
1399582975872721404	-0.0581989	0.0262288	1.31725
1399582975879696927	-0.0434269	0.0209323	1.31236
1399582975969695541	-0.0315511	0.0114448	1.30649
1399582975977618788	-0.0272724	0.00396247	1.29989
1399582976075596513	-0.0355145	0.00725829	1.29429
1399582976146450409	-0.0358316	0.00860445	1.2906
1399582976157530082	-0.00550362	-0.000260126	1.28698
1399582976249488105	0.0198706	-0.00447231	1.28254
1399582976285407099	0.0298102	-0.0145384	1.2793
1399582976390401496	0.0426054	-0.0432306	1.27738
1399582976398419182	0.0500875	-0.0633061	1.27868
1399582976474277441	0.0481356	-0.0549174	1.28414
1399582976607297077	0.0458832	-0.0375921	1.29177
1399582976613273880	0.0340387	-0.0298844	1.2994
1399582976670287162	0.0121041	-0.0299674	1.30572
1399582976706210162	-0.0108558	-0.0309644	1.31038
1399582976780136092	-0.0419576	-0.0290985	1.31401
1399582976885176890	-0.0555316	-0.0202224	1.31541
1399582976892120428	-0.052281	-0.00455751	1.31498
1399582977005116718	-0.0589037	0.0111423	1.31444
1399582977011028917	-0.0692502	0.0138077	1.31508
1399582977089073314	-0.0743794	0.010991	1.31675
1399582977125054134	-0.0736573	0.0109509	1.31894
1399582977193033703	-0.0746315	0.0145571	1.32177
1399582977307988725	-0.0716513	0.0332815	1.32454
1399582977314892680	-0.0788827	0.0527808	1.32949
1399582977397929900	-0.0757446	0.05603	1.33444
1399582977440938833	-0.0575792	0.0514358	1.33721
1399582977508867581	-0.0420512	0.0465849	1.3359
1399582977544881072	-0.0271765	0.0297561	1.33061
1399582977649853301	-0.0146098	0.013088	1.32238
1399582977657816432	-0.0102237	0.00536622	1.31366
1399582977717831435	-0.00539649	-0.000579506	1.30572
1399582977825765391	0.0118182	-0.00920551	1.29864
1399582977840717085	0.0311436	-0.0131337	1.29246
1399582977928720004	0.0380151	-0.017089	1.28773
1399582977964764151	0.0327355	-0.0241526	1.28476
1399582978069780143	-0.0023718	-0.0232047	1.28291
1399582978077684864	-0.0770059	-0.00812034	1.28125
1399582978137879108	-0.128184	0.00272451	1.28028
1399582978241714163	-0.0877005	-0.000500392	1.28022
1399582978257644087	-0.00632128	-0.0139897	1.2784
1399582978346726316	0.037909	-0.0272	1.27411
1399582978382712433	0.0242241	-0.0295364	1.27139
1399582978487658371	0.00167277	-0.0202324	1.27052
1399582978495649715	0.00716342	-0.00143582	1.27209
1399582978592490530	0.0230284	0.0129219	1.27458
1399582978661459361	0.0323538	0.0211066	1.27635
1399582978676498454	0.0382991	0.0289387	1.27727
1399582978808513685	0.0393666	0.0322311	1.27701
1399582978815407613	0.0255777	0.0294698	1.27626
1399582978872424722	0.013495	0.0299833	1.27435
1399582978983411082	0.00784163	0.030242	1.27151
1399582978989375025	0.00567787	0.0243954	1.26757
1399582979089275072	-0.00463645	0.0150541	1.26368
1399582979097119548	-0.0211824	0.00975298	1.26001
1399582979184540469	-0.0332908	0.00893701	1.25798
1399582979220275160	-0.0404864	-0.000165667	1.25869
1399582979298302277	-0.0452941	-0.0137913	1.2621
1399582979404232481	-0.0613168	-0.0188135	1.26763
1399582979409980401	-0.0807174	-0.0102693	1.2741
1399582979487228346	-0.0866741	-0.00711471	1.28104
1399582979536066905	-0.0807978	-0.0135519	1.28802
1399582979648107819	-0.0653605	-0.0186484	1.2948
1399582979654055491	-0.0525825	-0.0142422	1.3003
1399582979711077810	-0.0386111	-0.00758331	1.30537
1399582979821999137	-0.0317162	-0.00152018	1.30835
1399582979829016981	-0.0337348	0.000333317	1.30907
1399582979963999444	-0.0303941	-0.00147532	1.30565
1399582979969953337	-0.0113535	0.00966004	1.29789
1399582980068753268	0.00898885	0.0251404	1.28869
1399582980074729486	0.0186523	0.0335213	1.2786
1399582980130949821	0.019378	0.037366	1.26811
1399582980242785994	0.0170208	0.0379404	1.26025
1399582980248790724	0.0103705	0.0291554	1.25514
1399582980326742232	0.0041765	0.023512	1.25096
1399582980375784460	0.0049561	0.0312163	1.24877
1399582980488732940	0.00151503	0.0401323	1.24826
1399582980494648830	-0.000550264	0.0436263	1.24779
1399582980549715635	-0.000174357	0.0455348	1.24751
1399582980664563325	-0.00674878	0.0359069	1.2472
1399582980670593310	-0.00490778	0.0226897	1.24735
1399582980767632293	-0.0114763	0.0169432	1.24841
1399582980798549953	-0.0278055	0.0188721	1.24973
1399582980911517719	-0.0356955	0.0110891	1.2504
1399582980917514516	-0.0372627	0.000661135	1.25063
1399582980974536156	-0.0301991	-0.00361766	1.25081
1399582981088477618	-0.0183532	-0.00797723	1.2516
1399582981095444596	-0.0275474	-0.0204554	1.25337
1399582981186387096	-0.0278231	-0.0326985	1.25554
1399582981221427861	-0.0279412	-0.0277406	1.25792
1399582981334468401	-0.0348333	-0.0204969	1.26036
1399582981340298204	-0.0389439	-0.0182894	1.26226
1399582981397364617	-0.0342156	-0.0127233	1.26451
1399582981508169751	-0.0359558	-0.00682201	1.26631
1399582981514401560	-0.0426447	-0.00586835	1.26851
1399582981608185761	-0.0440612	-0.00546479	1.2707
1399582981616196678	-0.0468315	0.00227446	1.27246
1399582981757090538	-0.0500947	0.00977338	1.27315
1399582981767025090	-0.0417848	0.0123532	1.27196
1399582981854090827	-0.0285594	0.0132723	1.26818
1399582981862070461	-0.0244216	0.00934316	1.26273
1399582981959907696	-0.0248308	0.00213668	1.25635
1399582981974946966	-0.0237024	0.0002537	1.25119
1399582982063865137	-0.0231629	0.00762119	1.24752
1399582982132927034	-0.0201958	0.00555461	1.24584
1399582982168928386	-0.0163427	0.000509467	1.2466
1399582982273772322	-0.0142701	-0.000248827	1.24853
1399582982280885157	-0.0106129	-5.81816e-05	1.25024
1399582982377673197	-0.0058834	-0.00387496	1.25018
1399582982448734540	-0.000826075	-0.00112053	1.24857
1399582982459763870	0.00738128	0.00521023	1.24559
1399582982551654168	0.00979349	0.010066	1.24312
1399582982587639770	7.01971e-05	0.0183328	1.24323
1399582982773522681	0.008745	0.0383042	1.24353
1399582982783364583	0.00669581	0.0351736	1.24269
1399582982911337266	0.00974222	0.0210946	1.24073
1399582982918296648	0.0134557	0.0142097	1.23909
1399582982974269886	-0.0012544	0.00391152	1.23777
1399582983010265037	-0.0220995	0.000615172	1.2371
1399582983122208724	-0.0330587	0.0108379	1.23505
1399582983129177232	-0.0407779	0.00200369	1.23309
1399582983221154263	-0.063755	-0.0209967	1.23304
1399582983237166606	-0.0739608	-0.0283546	1.23163
1399582983299133365	-0.0663619	-0.018225	1.22778
1399582983438078391	-0.0584577	-0.0173734	1.22463
1399582983445034147	-0.0491448	-0.0179608	1.22141
1399582983501015135	-0.0414266	-0.0137002	1.21657
1399582983536961569	-0.0387338	-0.0159259	1.21134
1399582983650901559	-0.036859	-0.0150294	1.2067
1399582983658878871	-0.0275573	-0.00773884	1.204
1399582983751854098	-0.0158357	-0.00279309	1.20227
1399582983860812901	-0.0105836	0.00384273	1.20079
1399582983866799801	-0.0113275	0.0179063	1.20037
1399582983923798326	-0.0111094	0.0381646	1.20153
1399582983959746582	-0.0225801	0.0525673	1.20359
1399582984065665722	-0.0535887	0.0510397	1.20722
1399582984080578886	-0.139936	0.0349495	1.21307
1399582984169678953	-0.178742	0.0142454	1.21957
1399582984253606290	-0.117709	0.0104669	1.22292
1399582984260586437	-0.0391675	0.0244138	1.2226
1399582984342652546	-0.00830986	0.0368514	1.22225
1399582984378622588	0.00933074	0.0302535	1.22373
1399582984483622215	0.0490945	0.00611558	1.22531
1399582984498509356	0.0987871	-0.0142018	1.22638
1399582984562524214	0.132261	-0.0206383	1.22808
1399582984681476508	0.148849	-0.0181847	1.22877
1399582984687455863	0.143483	-0.0137305	1.23012
1399582984771408342	0.110545	-0.0113964	1.23191
1399582984809406777	0.0923747	-0.0198753	1.2326
1399582984907372753	0.0872266	-0.0281233	1.23208
1399582984914302684	0.0683141	-0.0232223	1.23199
1399582984975323892	0.0370813	-0.0132032	1.23255
1399582985079302381	-0.000869836	-0.0102924	1.23274
1399582985115259032	-0.0392265	-0.0112569	1.23231
1399582985183266301	-0.0687809	-0.0125306	1.2311
1399582985219253017	-0.0863122	-0.0177653	1.22979
1399582985287203454	-0.0982449	-0.0182582	1.2282
1399582985392134549	-0.0975241	-0.0132716	1.22622
1399582985400150510	-0.0995308	-0.0125069	1.22373
1399582985496088022	-0.105339	-0.0189622	1.21976
1399582985532081982	-0.0963473	-0.0227329	1.21409
1399582985644021960	-0.0867448	-0.0214017	1.20852
1399582985650013295	-0.0815578	-0.0181792	1.20447
1399582985730012274	-0.0717368	-0.0126686	1.20148
1399582985806959607	-0.0516893	-0.0132757	1.19904
1399582985817950137	-0.0295808	-0.0148809	1.1968
1399582985914912037	-0.0145082	-0.00944277	1.19498
1399582985950907442	0.00157611	-0.00588813	1.19457
1399582986027830854	0.0135156	0.00201411	1.19604
1399582986054865586	0.023656	0.0238984	1.20026
1399582986159772647	0.0295766	0.0349476	1.20657
1399582986174740026	0.0353282	0.0298721	1.21291
1399582986264703703	0.0424412	0.0243613	1.21896
1399582986332693866	0.0506865	0.024069	1.22478
1399582986368667027	0.0541626	0.022228	1.23065
1399582986473598174	0.035582	0.0175331	1.23615
1399582986481626197	0.0123648	0.0161769	1.24017
1399582986579613663	0.0152339	0.0171553	1.24323
1399582986594603330	0.0346318	0.0129196	1.24493
1399582986683626022	0.0266796	0.00443236	1.24346
1399582986755613063	0.00350482	-0.00262563	1.24005
1399582986787579073	-0.00866993	-0.00140259	1.23708
1399582986892514013	-0.000977447	0.00347286	1.23493
1399582986900529859	0.00499954	0.00605981	1.23305
1399582986961482300	-0.00361015	0.00440471	1.23246
1399582987108432262	-0.0257374	-0.00408261	1.23051
1399582987115415462	-0.0521498	-0.00604013	1.2268
1399582987309368915	-0.0357893	0.00554919	1.20813
1399582987317353873	-0.0243963	-0.00233763	1.20179
1399582987377264929	-0.0208766	-0.0108331	1.19651
1399582987526151057	-0.0186813	-0.0149716	1.19317
1399582987532175022	-0.0176009	-0.0183214	1.19195
1399582987589188507	-0.0163319	-0.0185694	1.19239
1399582987625349111	-0.00674935	-0.02513	1.19394
1399582987730152608	0.00541976	-0.0273561	1.19635
1399582987842042994	0.0120347	-0.0179555	1.19956
1399582987848046558	0.0127733	-0.0119362	1.20277
1399582988012966277	0.000273243	-0.0179077	1.20916
1399582988047865333	-0.00460115	-0.0210139	1.21103
1399582988152910935	-0.000477943	-0.0199739	1.21364
1399582988160830711	0.00619481	-0.0136479	1.2195
1399582988237845851	0.000839054	-0.00880413	1.22684
1399582988325785902	-0.0138666	-0.00475767	1.23349
1399582988340712699	-0.021897	-0.00413342	1.23829
1399582988428772813	-0.0283811	-0.00205707	1.23933
1399582988465696520	-0.0661567	0.00270896	1.23917
1399582988571643245	-0.133131	0.0138934	1.23901
1399582988578663179	-0.128163	0.029452	1.23486
1399582988663621784	-0.0666404	0.036037	1.22758
1399582988747523239	-0.00344067	0.0329009	1.21901
1399582988757589648	0.0284231	0.0265918	1.20852
1399582988864489215	0.0314128	0.0166887	1.19734
1399582988884630291	0.012806	0.0124708	1.18741
1399582988953496262	0.00115309	0.0155857	1.17842
1399582989064417547	0.0102101	0.0134584	1.17019
1399582989070475077	0.0220258	0.00753991	1.16446
1399582989161392601	0.0176344	-0.00111982	1.1628
1399582989176431417	0.004737	-0.0125846	1.1646
1399582989310298771	-0.00103201	-0.0230989	1.16812
1399582989316380645	-0.00645664	-0.0271987	1.17214
1399582989484230452	-0.0204643	-0.0304828	1.18305
1399582989490260362	-0.0227566	-0.032989	1.18793
1399582989581238491	-0.0172311	-0.0355148	1.19214
1399582989596241918	-0.00501493	-0.0358682	1.19409
1399582989689123406	-0.00943554	-0.0337041	1.19482
1399582989724045468	-0.0113966	-0.0316278	1.19568
1399582989829097949	-0.00581196	-0.0253138	1.19833
1399582989837068284	-0.0044527	-0.0166781	1.20303
1399582989934001897	-0.00686717	-0.0128321	1.2084
1399582990003957270	-0.0157038	-0.00812016	1.21381
1399582990014921800	-0.0339583	-0.00828043	1.21962
1399582990150895411	-0.0480965	-0.0160284	1.22524
1399582990157809431	-0.0479981	-0.0217065	1.23014
1399582990251817097	-0.0320448	-0.0188834	1.2334
1399582990259802831	-0.0176639	-0.0109265	1.23671
1399582990356780856	-0.0171009	-0.00717895	1.23938
1399582990431745139	-0.0204817	-0.0101997	1.24092
1399582990439739725	-0.0171928	-0.00490686	1.24135
1399582990532748723	-0.0143397	0.0211425	1.24046
1399582990567716899	-0.0100196	0.0491645	1.23817
1399582990673558277	-0.00650611	0.0589745	1.23453
1399582990680605828	-0.00585237	0.0500194	1.23011
1399582990784578299	-0.0068987	0.0363824	1.22522
1399582990890561893	-0.0110733	0.0162135	1.22146
1399582990897547602	-0.0174599	-0.000327487	1.21815
1399582990996468744	-0.0175643	-0.00486633	1.21477
1399582991002526984	-0.0131629	-0.00315675	1.21064
1399582991060553549	-0.00184743	0.00566018	1.2069
1399582991096577784	0.00933375	0.00790211	1.20394
1399582991164368518	0.00581839	-0.00943509	1.20172
1399582991255460131	-0.000947884	-0.0237123	1.19913
1399582991304417534	0.00650302	-0.0288304	1.19576
1399582991373387727	0.0103917	-0.0320051	1.19243
1399582991409338383	0.0168089	-0.0290668	1.18884
1399582991521382236	0.0203479	-0.0215154	1.1867
1399582991527302376	0.0151609	-0.0151162	1.1852
1399582991578336678	0.0085547	-0.0106805	1.18454
1399582991689266493	0.00474017	-0.00650285	1.18439
1399582991696245344	0.004625	-0.0116331	1.18273
1399582991799199249	0.00244463	-0.0183611	1.18075
1399582991829255251	-0.00367255	-0.0150853	1.17978
1399582991897179825	-0.00348214	-0.0071447	1.18109
1399582991988171704	0.00431035	0.00306252	1.18377
1399582992037135468	0.00891967	0.00458545	1.18686
1399582992142049027	0.0117822	0.00752485	1.19161
1399582992210058015	0.00595375	0.0077283	1.19246
1399582992246004337	0.00634211	0.0089338	1.19264
1399582992350957440	0.0112171	0.00862818	1.19217
1399582992358923124	0.0151237	0.0144261	1.19067
1399582992455901008	0.0161219	0.0205278	1.18849
1399582992527879569	0.0129146	0.0238956	1.18752
1399582992535893924	0.0100813	0.02612	1.18811
1399582992631824192	0.00357323	0.0191793	1.18934
1399582992667778585	-0.00529364	0.0113117	1.19162
1399582992738771729	-0.0137645	0.00579444	1.194
1399582992774813469	-0.0240441	-0.000455923	1.19677
1399582992839777929	-0.0390582	0.000949115	1.19999
1399582992947776550	-0.0477061	0.00358034	1.20305
1399582992954749484	-0.0455437	-0.00500295	1.20645
1399582993092775682	-0.0444554	-0.0121618	1.20878
1399582993098605131	-0.0436386	-0.0108348	1.20865
1399582993149762556	-0.0417306	-0.0119834	1.20591
1399582993253713032	-0.0389321	-0.0180368	1.19913
1399582993261668461	-0.0363766	-0.0186223	1.19104
1399582993364606484	-0.0308972	-0.00772895	1.18225
1399582993379592408	-0.0207555	-0.00144482	1.17432
1399582993477597266	-0.00745262	-0.00437605	1.16736
1399582993504649942	0.00195854	-0.0106552	1.16071
1399582993609564389	0.00982132	-0.00952691	1.15581
1399582993616498094	0.0194106	0.00230123	1.1526
1399582993677539987	0.0269863	0.00288931	1.15178
1399582993832445160	0.0397606	-0.00338774	1.15193
1399582993838316865	0.045421	-0.014637	1.15341
1399582993933424475	0.0394341	-0.0217352	1.15619
1399582993940394806	0.0358758	-0.0141627	1.15969
1399582994018356407	0.0363502	-0.00443339	1.16379
1399582994040409252	0.03141	-0.0021657	1.16872
1399582994104313209	0.01702	0.000114594	1.17385
1399582994252366095	0.0084755	0.00169181	1.17827
1399582994258290187	0.00373071	0.00356026	1.18124
1399582994315122442	-0.0054029	0.00892604	1.18282
1399582994350195366	-0.0142819	0.0149232	1.18287
1399582994463156215	-0.021039	0.0191141	1.1821
1399582994469048479	-0.0251443	0.0201354	1.18127
1399582994546973591	-0.0241902	0.0173473	1.18044
1399582994630074182	-0.0264724	0.0114341	1.17863
1399582994638106366	-0.0355457	0.00582955	1.17637
1399582994781877661	-0.0441629	-0.00381585	1.17606
1399582994792064189	-0.0429726	-0.00710702	1.17599
1399582994842959808	-0.0292305	-0.00232122	1.17489
1399582994877978921	-0.00976153	0.00111293	1.17277
1399582994982919484	-9.46158e-05	-0.0043588	1.16983
1399582994997900688	0.00442386	-0.0211172	1.16643
1399582995087776173	0.00223396	-0.0369182	1.16255
1399582995155744956	-0.00646798	-0.0428756	1.15892
1399582995191595728	-0.00763494	-0.0362036	1.15658
1399582995260583232	-0.00388704	-0.0304168	1.1543
1399582995296629530	0.00267941	-0.0282321	1.15133
1399582995401572128	0.00902789	-0.0308963	1.14934
1399582995417547045	0.010442	-0.0362086	1.14879
1399582995509664408	0.0127057	-0.0350516	1.14943
1399582995577477199	0.0103564	-0.0315047	1.15072
1399582995613531478	-0.000930747	-0.0284488	1.15221
1399582995681474268	-0.00773117	-0.0208787	1.15317
1399582995718465077	-0.00773725	-0.0111603	1.15428
1399582995890420596	0.00017119	0.00842073	1.15587
1399582995897488631	-0.00193481	0.0111469	1.15688
1399582995994220547	-0.0157642	0.0120519	1.15676
1399582996030430366	-0.0265283	0.0166246	1.15492
1399582996142236828	-0.029477	0.018002	1.15296
1399582996148184981	-0.0324263	0.0165252	1.15012
1399582996198189103	-0.0309628	0.0188182	1.14594
1399582996309155293	-0.0222844	0.0203343	1.14121
1399582996317107144	-0.0159803	0.021922	1.13697
1399582996413100086	-0.0141553	0.0202322	1.13304
1399582996449197115	-0.0135682	0.0098497	1.13077
1399582996561038094	-0.0117872	-0.000512969	1.12904
1399582996567036083	-0.00848965	-0.00273759	1.12715
1399582996836027055	0.010623	0.00649409	1.12608
1399582996871148743	0.00522787	0.0088401	1.12996
1399582997148764359	-0.0150625	-0.0253477	1.14325
1399582997156927551	-0.0124354	-0.0300569	1.14247
1399582997295827797	-0.0135095	-0.0234072	1.13911
1399582997302770122	-0.00788872	-0.0118892	1.13486
1399582997358774647	0.000846738	-0.00866234	1.13143
1399582997394807257	0.00574361	-0.0076995	1.12906
1399582997500741924	0.0131999	-0.00532502	1.12723
1399582997515764712	0.0228501	-0.00671503	1.1251
1399582997604670157	0.0260913	-0.00601785	1.12369
1399582997672568117	0.0260657	-0.0084741	1.12491
1399582997709630798	0.0273911	-0.0180734	1.12983
1399582997828546727	0.0271896	-0.027503	1.13724
1399582997834664581	0.0232304	-0.028893	1.14499
1399582997920525464	0.0175435	-0.0243784	1.15267
1399582997935557023	0.0106249	-0.0158198	1.15914
1399582998025403320	-0.00149577	-0.00380181	1.16365
1399582998093314586	-0.0138841	0.00912343	1.16663
1399582998129314005	-0.0177128	0.0166736	1.1675
1399582998242232476	-0.016472	0.0154846	1.16511
1399582998248254049	-0.0131789	0.00687112	1.15995
1399583001338198724	-0.0070394	-0.00352131	1.15127
1399583001338216616	0.00517873	-0.000711836	1.1403
1399583001338230096	0.00679117	-0.0321469	1.13782
1399583001338245400	-0.001415	-0.0240096	1.13453
1399583001338255306	-0.0187441	0.00513352	1.12949
1399583001338262621	-0.042154	0.0489792	1.12148
1399583001338269826	-0.0653643	0.102826	1.11132
1399583001338276856	-0.00934754	0.0352966	1.0933
1399583001338286750	0.00921654	-0.0411926	1.08912
1399583001338293672	-0.000250503	-0.0284503	1.07777
1399583001338300775	-0.00365219	-0.0095405	1.0765
1399583001338307764	-0.00173303	-0.0164334	1.07426
1399583001338314755	-0.00278663	-0.0138045	1.07118
1399583001338321552	-0.00199276	-0.015464	1.06871
1399583001338328362	-0.00182449	-0.0167981	1.06658
1399583001338335201	-0.00147977	-0.0167138	1.06384
1399583001338342150	-0.00151088	-0.0170995	1.06138
1399583001338348998	-0.00147691	-0.0172964	1.05894
1399583001338355650	-0.00129664	-0.0175617	1.0564
1399583001338362362	-0.00114809	-0.0174986	1.05412
1399583001338369229	-0.0011018	-0.017573	1.05157
1399583001338375996	-0.00103775	-0.0176341	1.04909
1399583001338382581	-0.00102752	-0.0178493	1.04652
1399583001338397269	-0.001017	-0.0179696	1.044
1399583001338406717	-0.00108098	-0.0179699	1.04191
1399583001338413751	-0.00108437	-0.0180442	1.03956
1399583001338420728	-0.00100648	-0.0181034	1.037
1399583001338427687	-0.00103797	-0.0180767	1.03445
1399583001338434507	-0.000906864	-0.0182706	1.03218
1399583001338441329	-0.00105898	-0.0183092	1.03009
1399583001338448080	-0.000887792	-0.0183927	1.02764
1399583001338454809	-0.000960338	-0.0184698	1.02527
1399583001338461456	-0.000893198	-0.0185634	1.02302
1399583001338468016	-0.000944064	-0.0186568	1.02059
1399583001338474768	-0.000841093	-0.0187488	1.01846
1399583001338481563	-0.00125085	-0.0188543	0.997617
1399583001338488442	-0.00152564	-0.0190616	0.978855
1399583001338495229	-0.0017964	-0.0193118	0.960621
1399583001338501896	-0.00212983	-0.0194707	0.942745
1399583001338508763	-0.00237694	-0.0197755	0.926581
1399583001338515592	-0.00257502	-0.0199885	0.909521
1399583001338524064	-0.00281886	-0.0202668	0.894137
1399583001338530980	-0.00298431	-0.0204464	0.878973
1399583001338537717	-0.00312901	-0.0207316	0.864153
1399583001338544339	-0.0032314	-0.0209835	0.850798
1399583001338550962	-0.00330779	-0.0212559	0.836583
1399583001338557845	-0.00336491	-0.0215504	0.823831
1399583001338564612	-0.00341161	-0.0218865	0.811481
1399583001338571232	-0.00342556	-0.0221434	0.799413
1399583001338577823	-0.00346652	-0.0224105	0.788649
1399583001338584730	-0.00347627	-0.0226778	0.777417
1399583001367757301	-0.00349633	-0.0229751	0.767258
1399583001422695139	-0.00350684	-0.0232449	0.757326
1399583001478687621	-0.0035512	-0.0235223	0.747403
1399583001575617123	-0.00357915	-0.0237891	0.738416
1399583001634588984	-0.00358815	-0.0240621	0.729002
1399583001679593108	-0.00356095	-0.0243498	0.720653
1399583001738535785	-0.00355121	-0.0246607	0.71261
1399583001784523292	-0.00351596	-0.0249202	0.704604
1399583001840489072	-0.00343196	-0.0251888	0.697354
1399583001896471266	-0.00339335	-0.0254244	0.68959
1399583001992517176	-0.00335377	-0.0257013	0.682648
1399583002048459569	-0.00333964	-0.02592	0.675962
1399583002097325659	-0.00333276	-0.02616	0.669275
1399583002155366084	-0.00330452	-0.0264284	0.66319
1399583002201313048	-0.00326849	-0.0266589	0.656861
1399583002257304044	-0.00321928	-0.026894	0.651176
1399583002313335869	-0.00315152	-0.0271335	0.645652
1399583002410299226	-0.00310728	-0.0273221	0.640437
1399583002466257610	-0.00308595	-0.0275339	0.635857
1399583002515162401	-0.00305968	-0.0277494	0.631074
1399583002570155975	-0.00298193	-0.0279752	0.62665
1399583002619155267	-0.00287488	-0.0281831	0.622255
1399583002677131374	-0.00283964	-0.0284167	0.618057
1399583002778060778	-0.00277316	-0.0286211	0.614347
1399583002826989730	-0.00274642	-0.0287968	0.610631
1399583002883036879	-0.00271543	-0.0290046	0.607043
1399583002932036710	-0.00265257	-0.0291748	0.603267
1399583002987310818	-0.00265769	-0.0293481	0.599641
1399583003036263996	-0.00264349	-0.0295208	0.596405
1399583003140143404	-0.00267529	-0.0296618	0.593014
1399583003156113522	-0.00265293	-0.0297854	0.589958
1399583003244887847	-0.00258897	-0.0299367	0.587018
1399583003300947918	-0.00255892	-0.0300681	0.584321
1399583003349890423	-0.00252545	-0.0302217	0.581956
1399583003404814630	-0.0024774	-0.0303942	0.579396
1399583003453798602	-0.00241851	-0.0305698	0.577081
1399583003557899571	-0.00238473	-0.0307141	0.574723
1399583003613750837	-0.00233033	-0.0308271	0.572296
1399583003662845309	-0.00227153	-0.030915	0.570083
1399583003724796501	-0.00225723	-0.031018	0.567711
1399583003766753714	-0.00220333	-0.0311396	0.565663
1399583003822753534	-0.00214333	-0.0312553	0.563926
1399583003878695853	-0.0021307	-0.0313859	0.561954
1399583003975642561	-0.00213117	-0.0314872	0.560149
1399583003993709819	-0.00209679	-0.031579	0.558236
1399583004079837842	-0.00208343	-0.0316741	0.556445
1399583004135614277	-0.00207498	-0.0317903	0.554573
1399583004184469219	-0.00202198	-0.0318776	0.553033
1399583004242418019	-0.00196123	-0.0319556	0.551782
1399583004296427534	-0.00192146	-0.0320532	0.550229
1399583004393567671	-0.00188645	-0.032164	0.548821
1399583004448368154	-0.00191584	-0.0322418	0.547419
1399583004497367064	-0.0019281	-0.0323434	0.546337
1399583004552291010	-0.00193198	-0.0324337	0.545507
1399583004601297142	-0.00191225	-0.0325152	0.544405
1399583004657456531	-0.00186711	-0.0326102	0.543337
1399583004713374528	-0.00183779	-0.0327085	0.542099
1399583004810377059	-0.00183215	-0.0328207	0.541238
1399583004865267846	-0.00182482	-0.0329326	0.54063
1399583004914267645	-0.00183774	-0.0330451	0.539729
1399583004970070263	-0.00183634	-0.0331536	0.538814
1399583005019048634	-0.00175705	-0.0331963	0.537744
1399583005074014541	-0.00174329	-0.0332491	0.536574
1399583005177960708	-0.00168047	-0.0332805	0.535499
1399583005226920591	-0.00163074	-0.0333022	0.534399
1399583005285943837	-0.00160409	-0.0333718	0.533517
1399583005331905686	-0.00157019	-0.0334127	0.532769
1399583005386911225	-0.0015875	-0.0334294	0.531863
1399583005435910792	-0.00158646	-0.0334387	0.531041
1399583005540839143	-0.00160795	-0.0334665	0.530472
1399583005555802407	-0.00160442	-0.0335242	0.529934
1399583005644788908	-0.00158432	-0.0335671	0.529335
1399583005700753878	-0.00155268	-0.0336481	0.528914
1399583005755716549	-0.00152475	-0.0337286	0.528611
1399583005807756883	-0.00153788	-0.0337862	0.527904
1399583005853672312	-0.00154937	-0.0338513	0.527241
