#Time	 Roll 	 Pitch 	 Yaw
1399426560483098595	-0.0228493	0.00835283	0.436906
1399426560499077272	-0.0227279	0.00861368	0.436989
1399426560541070427	-0.0226023	0.00889419	0.437045
1399426560564086984	-0.0224855	0.0091773	0.437155
1399426560580117805	-0.0223824	0.00943978	0.437269
1399426560608007830	-0.0222843	0.00971581	0.437383
1399426560694062482	-0.0221789	0.00997553	0.437493
1399426560734050512	-0.0220641	0.0102425	0.437609
1399426560752179806	-0.0219418	0.0105198	0.437721
1399426560768059771	-0.0218573	0.0107918	0.437789
1399426560850978263	-0.0217682	0.0110651	0.437901
1399426560868953821	-0.021678	0.0113393	0.438036
1399426560903922178	-0.0215928	0.011585	0.438139
1399426560944031512	-0.0214947	0.0118192	0.438231
1399426560962022930	-0.0214016	0.0120503	0.438306
1399426561019741459	-0.0212868	0.0123233	0.438411
1399426561053909489	-0.0212091	0.012562	0.438483
1399426561124860172	-0.021128	0.0128399	0.438558
1399426561167860343	-0.020998	0.0130971	0.438651
1399426561184818610	-0.0208906	0.0133552	0.438719
1399426561208799639	-0.0207949	0.0136206	0.438784
1399426561237691816	-0.0206987	0.0138878	0.438872
1399426561277676380	-0.0205986	0.0141252	0.438954
1399426561378710259	-0.0204924	0.0143593	0.439027
1399426561433666042	-0.0203932	0.0145789	0.43909
1399426561452747217	-0.0203133	0.0148002	0.439187
1399426561469630556	-0.0202289	0.0150489	0.439303
1399426561534677085	-0.0201169	0.0152893	0.439404
1399426561550634666	-0.0200242	0.0155373	0.439491
1399426561608648760	-0.01991	0.0157918	0.439569
1399426561625576215	-0.019794	0.0160335	0.439669
1399426561688615936	-0.0196951	0.0162822	0.439759
1399426561705553368	-0.0196325	0.0165128	0.439843
1399426561722540234	-0.0195045	0.0167451	0.439956
1399426561847646000	-0.0194135	0.0170006	0.44005
1399426561887624052	-0.019311	0.0172567	0.440143
1399426561953488603	-0.0192427	0.0175134	0.440234
1399426561969483579	-0.0191536	0.0177407	0.440327
1399426561986534616	-0.0190643	0.0179678	0.440394
1399426562005512489	-0.0189574	0.0182018	0.440469
1399426562052521388	-0.0188618	0.0184304	0.440529
1399426562084546223	-0.018777	0.0186562	0.440577
1399426562101498361	-0.0187103	0.0188933	0.440656
1399426562118491766	-0.0186212	0.0191172	0.440747
1399426562215404758	-0.0185247	0.0193293	0.440858
1399426562239300330	-0.0184435	0.0195744	0.440951
1399426562290312964	-0.0182495	0.02004	0.441113
1399426562375223918	-0.018139	0.0202804	0.441195
1399426562391256696	-0.0180437	0.0205202	0.441299
1399426562411255804	-0.0179549	0.0207317	0.441368
1399426562515185912	-0.0178652	0.0209286	0.441422
1399426562532142558	-0.0177661	0.0211486	0.441513
1399426562549134171	-0.0176726	0.0213907	0.441576
1399426562565175971	-0.0176038	0.0215909	0.441655
1399426562598184304	-0.0175148	0.0218077	0.441723
1399426562690137613	-0.0174297	0.0220383	0.441794
1399426562730072049	-0.017368	0.0222598	0.441809
1399426562748073964	-0.0172722	0.0224626	0.441872
1399426562767053262	-0.0171787	0.0226893	0.441946
1399426562848009606	-0.0170828	0.0229063	0.442082
1399426562865015090	-0.0170071	0.0231144	0.442179
1399426563006097063	-0.0169164	0.0233225	0.442291
1399426563022028972	-0.0168285	0.0235502	0.442391
1399426563038947787	-0.0167268	0.0237571	0.442479
1399426563057924062	-0.0166202	0.0239641	0.442544
1399426563080984529	-0.0165447	0.0241558	0.442625
1399426563096935631	-0.0164671	0.0243611	0.442716
1399426563148900157	-0.0163819	0.0245738	0.442819
1399426563216942474	-0.0162948	0.0247776	0.442869
1399426563232944665	-0.0162209	0.0249877	0.442929
1399426563250005481	-0.0161423	0.0251985	0.442989
1399426563282000918	-0.0160533	0.0253876	0.443075
1399426563352852797	-0.0159784	0.0255996	0.44312
1399426563429228989	-0.015903	0.0258005	0.44318
1399426563449222254	-0.0158405	0.0260267	0.443252
1399426563464838166	-0.0157589	0.0262268	0.44328
1399426563530926105	-0.0156701	0.0264161	0.443324
1399426563547856848	-0.0155867	0.0266039	0.44339
1399426563589774047	-0.0155076	0.0268063	0.443451
1399426563605832416	-0.0154374	0.0270052	0.4435
1399426563641752705	-0.0153452	0.0272032	0.443562
1399426563740838619	-0.0152675	0.0274007	0.443629
1399426563757816386	-0.015157	0.0276188	0.443659
1399426563845611952	-0.0150739	0.0278026	0.443704
1399426563862621239	-0.0150019	0.0280134	0.443749
1399426563879661382	-0.0149263	0.0281882	0.443808
1399426563905511310	-0.0148602	0.0283679	0.443874
1399426563922482005	-0.0148118	0.0285714	0.443951
1399426564056541462	-0.0147384	0.0287612	0.444026
1399426564096442523	-0.0146595	0.0289637	0.444106
1399426564114460474	-0.0146025	0.0291564	0.444176
1399426564137432744	-0.0145314	0.0293503	0.444245
1399426564153495237	-0.0144522	0.0295537	0.444329
1399426564212436278	-0.0143833	0.0297511	0.444427
1399426564259380284	-0.0143186	0.0299603	0.444524
1399426564285417343	-0.0141771	0.0303453	0.44471
1399426564371338365	-0.0140886	0.0305213	0.444807
1399426564387365755	-0.0140069	0.0307086	0.44488
1399426564407325741	-0.0139585	0.0309011	0.444921
1399426564465329980	-0.0139043	0.0310936	0.444986
1399426564581257405	-0.0138296	0.0312724	0.445069
1399426564598241740	-0.0137559	0.0314276	0.445183
1399426564614236391	-0.0137078	0.0316118	0.445277
1399426564634222753	-0.0136383	0.0317899	0.445355
1399426564687328718	-0.0135792	0.0319468	0.445457
1399426564704275754	-0.0135017	0.0321051	0.445532
1399426564732268994	-0.0134196	0.0322847	0.445623
1399426564802232546	-0.0133741	0.0324742	0.445701
1399426564819256524	-0.013291	0.0326372	0.445785
1399426564898151225	-0.0132397	0.0328081	0.44585
1399426564938124625	-0.0131801	0.0329821	0.445927
1399426564966091816	-0.0131306	0.0331342	0.44599
1399426564983110357	-0.0130604	0.033321	0.446055
1399426565054145226	-0.0130054	0.0334929	0.446095
1399426565072126826	-0.0129764	0.0336611	0.446145
1399426565129996324	-0.0129302	0.033824	0.446203
1399426565145983661	-0.0128647	0.0339926	0.446267
1399426565212961054	-0.0127926	0.0341571	0.446331
1399426565229936809	-0.0127133	0.0343284	0.446389
1399426565245919646	-0.0126366	0.0345243	0.446447
1399426565278869202	-0.0125668	0.0347086	0.446495
1399426565423852986	-0.0125028	0.0348769	0.446538
1399426565442803216	-0.01244	0.0350645	0.446616
1399426565462792798	-0.0123726	0.0352421	0.446655
1399426565482779154	-0.0123065	0.0353924	0.446726
1399426565504735006	-0.0122706	0.0355577	0.446799
1399426565565825864	-0.0122166	0.0357204	0.446828
1399426565581731822	-0.0121867	0.0358797	0.4469
1399426565645731737	-0.0121229	0.0360228	0.446976
1399426565661762314	-0.0120689	0.036165	0.447054
1399426565740680710	-0.0120186	0.036337	0.447138
1399426565757658410	-0.0119573	0.0365005	0.447168
1399426565799643298	-0.0118898	0.0366584	0.447211
1399426565821750109	-0.0118385	0.0368156	0.447235
1399426565871598583	-0.0117948	0.0369613	0.447273
1399426565890613714	-0.0117382	0.037113	0.447317
1399426565961609833	-0.0116964	0.0372409	0.447382
1399426566011627480	-0.0116286	0.0373857	0.447486
1399426566033516883	-0.0115672	0.0375313	0.447581
1399426566050547174	-0.0115314	0.0376745	0.447654
1399426566161468816	-0.0114735	0.0378267	0.447689
1399426566178490235	-0.011419	0.0379557	0.44776
1399426566195444316	-0.0113663	0.0380821	0.44781
1399426566243488034	-0.0113323	0.0382347	0.447861
1399426566260452137	-0.0112922	0.0383928	0.44793
1399426566286469569	-0.0112311	0.0385273	0.448018
1399426566372494833	-0.011199	0.0386748	0.448071
1399426566388434196	-0.0111476	0.0388192	0.448129
1399426566451524221	-0.0110952	0.0389893	0.448194
1399426566467512037	-0.0110424	0.0391282	0.448253
1399426566526514753	-0.0109835	0.039257	0.448294
1399426566544493591	-0.0109269	0.0393813	0.448369
1399426566560534140	-0.0108818	0.0395098	0.448429
1399426566686285541	-0.0108447	0.0396559	0.448482
1399426566726220097	-0.010793	0.0397973	0.448527
1399426566744197829	-0.0107615	0.0399335	0.448582
1399426566766240300	-0.0107177	0.0400731	0.448666
1399426566783211268	-0.010674	0.0402294	0.448733
1399426566817184987	-0.0106105	0.0403834	0.448819
1399426566882125600	-0.0105608	0.0405176	0.44883
1399426566911097269	-0.0105189	0.0406778	0.448888
1399426566927077265	-0.0104559	0.040832	0.448944
1399426567011040463	-0.010397	0.040984	0.44901
1399426567028056940	-0.0103564	0.0411275	0.449028
1399426567071060046	-0.0103094	0.041254	0.449084
1399426567211035389	-0.0102067	0.0415368	0.44917
1399426567226939756	-0.0101492	0.0416723	0.449211
1399426567244010005	-0.0101206	0.0417999	0.44926
1399426567259959067	-0.0100981	0.0418984	0.449315
1399426567353023118	-0.0100441	0.0420459	0.449399
1399426567369940230	-0.0100117	0.0421763	0.449474
1399426567389904028	-0.00997324	0.0422922	0.449559
1399426567410060872	-0.00991674	0.0424024	0.449627
1399426567537856289	-0.00987331	0.0424809	0.449677
1399426567554916630	-0.00982999	0.0425448	0.449739
1399426567656799452	-0.0097983	0.0426426	0.449783
1399426567672758454	-0.00976541	0.0427391	0.44982
1399426567743420418	-0.00973634	0.0427997	0.44988
1399426567759822870	-0.00969876	0.0428863	0.449681
1399426567776771853	-0.00979052	0.0429816	0.449901
1399426567872724806	-0.00983128	0.0432455	0.450148
1399426567888624784	-0.00985679	0.0434425	0.450318
1399426567962699059	-0.0101281	0.0437529	0.450538
1399426567979711833	-0.0106498	0.0442169	0.451068
1399426567995706492	-0.0107057	0.0445108	0.451787
1399426568037643684	-0.0104335	0.0442693	0.452237
1399426568087639252	-0.010235	0.0438597	0.452555
1399426568103642350	-0.00984948	0.0435576	0.453211
1399426568172579189	-0.00971483	0.0433221	0.454352
1399426568188549901	-0.0092851	0.0436155	0.455158
1399426568205555159	-0.0083079	0.0446676	0.456813
1399426568302551336	-0.00749345	0.044351	0.458055
1399426568319612914	-0.00636926	0.0420981	0.458867
1399426568355517212	-0.00479776	0.0379272	0.459645
1399426568373471042	-0.00279655	0.0304672	0.459998
1399426568410604416	0.00329929	0.0120722	0.459808
1399426568510510315	0.0070089	0.00213561	0.459605
1399426568527524413	0.00862062	-0.00471649	0.45946
1399426568596542948	0.00760979	-0.00976641	0.459318
1399426568612434288	0.00960261	-0.0146522	0.459359
1399426568629529687	0.0139076	-0.0138042	0.459763
1399426568724397300	0.0115304	-0.00592608	0.460052
1399426568740370500	0.00170919	0.00196006	0.459774
1399426568809374701	-0.00862327	0.0074859	0.459507
1399426568826402842	-0.0129102	0.00997734	0.459698
1399426568842345916	-0.0117627	0.00917332	0.459492
1399426568917450206	-0.00472326	0.00736856	0.458462
1399426568957334364	0.0024953	0.00521573	0.456926
1399426569028241446	0.0039021	0.00598172	0.455218
1399426569046959882	0.000199398	0.00970098	0.453735
1399426569061350278	-6.71816e-05	0.0141867	0.452517
1399426569136136328	0.00268062	0.0224602	0.451959
1399426569176024747	-0.000566062	0.0345056	0.451732
1399426569246993730	-0.00924392	0.0447763	0.451623
1399426569262975858	-0.0194899	0.0530231	0.452491
1399426569280044153	-0.0274692	0.0593465	0.453506
1399426569317100804	-0.0304595	0.063545	0.454557
1399426569334015316	-0.0291496	0.0664769	0.455354
1399426569379051524	-0.0269711	0.0673049	0.456139
1399426569450950698	-0.0255351	0.0671039	0.457234
1399426569469966546	-0.022379	0.0677657	0.458768
1399426569489909617	-0.0175369	0.0697601	0.460268
1399426569564897196	-0.0140489	0.0731582	0.461671
1399426569604860339	-0.0111447	0.0768341	0.462902
1399426569673945894	-0.00895482	0.0811525	0.464257
1399426569690927772	-0.00906784	0.0853924	0.465492
1399426569706934547	-0.0109073	0.0900056	0.466519
1399426569780800738	-0.014407	0.0916398	0.4667
1399426569797794790	-0.0198954	0.088332	0.466203
1399426569901728709	-0.0244607	0.0847242	0.465605
1399426569917683904	-0.0256456	0.082274	0.464991
1399426569986676889	-0.0237115	0.0806334	0.464613
1399426570002574508	-0.0183959	0.0784685	0.464058
1399426570019617615	-0.012115	0.0743078	0.463142
1399426570116773521	-0.00823814	0.0698076	0.461995
1399426570137344026	-0.00859098	0.0665198	0.460691
1399426570204737979	-0.0120099	0.0647719	0.459208
1399426570220753325	-0.0151942	0.0621348	0.457559
1399426570236657487	-0.01622	0.0581891	0.455491
1399426570311694120	-0.0151081	0.0557381	0.453713
1399426570351634379	-0.0130608	0.0556339	0.452135
1399426570421610025	-0.00980769	0.0557215	0.450797
1399426570438493611	-0.00730491	0.0522648	0.449684
1399426570454522942	-0.00604745	0.0446424	0.448533
1399426570495561546	-0.00352844	0.0358224	0.447443
1399426570541580523	-0.00146477	0.02913	0.446848
1399426570561600312	-0.00203457	0.0255198	0.446419
1399426570632579518	-0.00371361	0.0236207	0.446209
1399426570648435095	-0.00471249	0.0234626	0.446169
1399426570665556850	-0.00410191	0.0240832	0.446412
1399426570740539171	-0.00279455	0.0262347	0.446652
1399426570780456882	-0.00328925	0.0290678	0.446294
1399426570851425114	-0.00514592	0.0322587	0.445352
1399426570867528733	-0.00601918	0.0339293	0.444256
1399426570884378479	-0.00642004	0.0339687	0.444054
1399426570958418911	-0.00621978	0.0319263	0.443969
1399426571054298038	-0.0064599	0.02874	0.443767
1399426571071258231	-0.00488778	0.027181	0.444157
1399426571087362940	-0.000289381	0.0263421	0.445339
1399426571161383472	0.00433016	0.0248437	0.44663
1399426571177367933	0.00836958	0.0247402	0.44756
1399426571194176817	0.0100026	0.0251543	0.447718
1399426571255266067	0.00838113	0.0254265	0.447516
1399426571289248506	0.00502973	0.0327044	0.445671
1399426571306198458	0.0036026	0.0414451	0.444208
1399426571380154258	0.000898079	0.049853	0.44295
1399426571420178969	-0.00160871	0.0563884	0.44228
1399426571490191913	-0.00244451	0.0603267	0.442
1399426571507105837	-0.00103784	0.0621953	0.441638
1399426571523081540	0.0027146	0.0605658	0.440898
1399426571602977926	0.0053903	0.0546693	0.440215
1399426571619050207	0.00533294	0.0493685	0.440046
1399426571714873984	0.00732285	0.0490339	0.440067
1399426571731913790	0.0146205	0.0527984	0.440229
1399426571801840512	0.022056	0.0546437	0.440177
1399426571817828293	0.0255462	0.0560823	0.440098
1399426571833819496	0.024019	0.0588376	0.440288
1399426571930905808	0.0180373	0.0647534	0.440899
1399426571946989676	0.0113145	0.0743102	0.441984
1399426572018975618	0.00720251	0.0826442	0.443011
1399426572035846702	0.00544809	0.0858965	0.444186
1399426572052855435	0.00402881	0.0841947	0.44579
1399426572126800000	6.69894e-06	0.0790064	0.447255
1399426572166804958	-0.00476659	0.0692886	0.447951
1399426572237391296	-0.005666	0.0585544	0.447967
1399426572252648232	-0.00309874	0.04927	0.447321
1399426572268673174	0.000657304	0.0419847	0.446008
1399426572343630100	0.00640796	0.0383648	0.444154
1399426572440786049	0.0138915	0.0388772	0.442235
1399426572456778522	0.0193924	0.0400568	0.440672
1399426572475002930	0.020484	0.0407168	0.439065
1399426572545727147	0.0148	0.047237	0.438054
1399426572562587531	0.00729618	0.0603597	0.437327
1399426572579692578	0.000575616	0.0740112	0.437472
1399426572678643310	-0.00625345	0.082611	0.437639
1399426572697511172	-0.0141943	0.0848159	0.438225
1399426572771703145	-0.0220394	0.0778405	0.439074
1399426572785564602	-0.0270361	0.0626914	0.440038
1399426572802517402	-0.0268925	0.0464172	0.441024
1399426572901555141	-0.023203	0.0309006	0.441627
1399426572971536143	-0.0193549	0.0199994	0.441984
1399426572988647140	-0.0162769	0.0165005	0.441946
1399426573004456483	-0.0133479	0.0181127	0.44182
1399426573078425349	-0.00895359	0.0214645	0.442108
1399426573095313686	-0.00432056	0.0285158	0.442169
1399426573190351671	0.000375264	0.0379552	0.442329
1399426573207601357	0.00407683	0.0504183	0.442896
1399426573223649195	0.00413024	0.0679147	0.444182
1399426573296209754	0.000915724	0.0861451	0.446223
1399426573313222173	-0.00415529	0.0996824	0.449055
1399426573408261753	-0.00797188	0.105913	0.452795
1399426573424201687	-0.0103254	0.104607	0.456742
1399426573441263480	-0.0149348	0.0914217	0.459854
1399426573514198869	-0.0206216	0.0675707	0.462553
1399426573531196743	-0.0252828	0.0454602	0.465089
1399426573547228432	-0.0270925	0.0354408	0.467103
1399426573648082358	-0.0258983	0.0372441	0.468913
1399426573717979588	-0.0245369	0.0414047	0.470997
1399426573733992112	-0.0239742	0.0374731	0.473947
1399426573751108942	-0.0222761	0.0252102	0.476923
1399426573829938124	-0.0144436	0.0172554	0.480159
1399426573870014691	-0.00155924	0.020463	0.483253
1399426573940092190	0.010982	0.0344263	0.486749
1399426573956885655	0.0181433	0.0557169	0.490694
1399426573973030185	0.0196741	0.0758461	0.494681
1399426574046939815	0.0167183	0.0931175	0.498626
1399426574062931393	0.0132458	0.106934	0.502129
1399426574164786082	0.0127512	0.116287	0.505345
1399426574181830885	0.0130784	0.114616	0.50834
1399426574251925199	0.00969097	0.104496	0.510428
1399426574266865341	0.00275299	0.0904928	0.512242
1399426574283746922	-0.00561178	0.0639276	0.514025
1399426574379779454	-0.0067882	0.0461585	0.514253
1399426574395760561	-0.0104998	0.0401239	0.513284
1399426574465201620	-0.0139307	0.0383202	0.513015
1399426574482732069	-0.00795115	0.0365611	0.512794
1399426574577887079	0.00341151	0.0328458	0.511503
1399426574594633494	0.014762	0.0340478	0.509165
1399426574610631492	0.0228366	0.0449174	0.506341
1399426574653727470	0.0246464	0.0577285	0.503386
1399426574704616735	0.01917	0.0715447	0.50026
1399426574720613384	0.0117521	0.0814701	0.495661
1399426574793557198	0.00537542	0.0872683	0.488926
1399426574810342143	-0.00319561	0.0682176	0.481533
1399426574906942390	-0.0164983	0.0390158	0.47485
1399426574921262672	-0.0263777	0.0215858	0.469867
1399426574937246879	-0.028578	0.0203418	0.466826
1399426574978301331	-0.0277926	0.0262651	0.464803
1399426575024206647	-0.0244061	0.0303619	0.464343
1399426575041203161	-0.00672078	0.0425154	0.465557
1399426575112246223	0.00893918	0.0609182	0.468023
1399426575129229930	0.011793	0.0751564	0.470994
1399426575223165097	0.00853952	0.0775788	0.473511
1399426575240170083	0.00274755	0.0729448	0.475029
1399426575257229523	-0.00953572	0.0535894	0.47607
1399426575335060119	-0.023205	0.030424	0.476496
1399426575440094378	-0.0192991	0.0249594	0.47597
1399426575459056777	-0.000870794	0.0353019	0.474693
1399426575554063784	0.011535	0.0513347	0.472866
1399426575571044881	0.0110607	0.0569924	0.471611
1399426575668030540	0.00580328	0.0528592	0.469852
1399426575685049512	-0.000602889	0.0419122	0.467951
1399426575758896809	-0.00601375	0.0320015	0.466266
1399426575775008230	-0.0106838	0.0261601	0.464621
1399426575791911908	-0.0114557	0.0255616	0.463099
1399426575865853816	-0.00616807	0.0287645	0.461164
1399426575905811724	0.00128331	0.0299215	0.458838
1399426575976788439	0.0062694	0.029621	0.45634
1399426575992766411	0.00932176	0.0348454	0.453927
1399426576008867485	0.010583	0.0439881	0.45179
1399426576082820231	0.0103084	0.0521759	0.450404
1399426576178783091	0.0095027	0.056779	0.44976
1399426576195766268	0.00687146	0.0574917	0.449799
1399426576212726052	0.00117213	0.0553291	0.450354
1399426576285643027	-0.00489646	0.0528032	0.451427
1399426576302662524	-0.00750219	0.0527858	0.453213
1399426576318658375	-0.00341146	0.0576919	0.455649
1399426576415647332	0.00554823	0.0661259	0.458868
1399426576432666335	0.0144379	0.0750427	0.462473
1399426576503574343	0.0197466	0.0835593	0.466522
1399426576522698144	0.0218056	0.0885797	0.470052
1399426576542534634	0.0204867	0.0883119	0.47245
1399426576622567455	0.0108401	0.0833239	0.475555
1399426576638596028	0.00434168	0.0764113	0.477319
1399426576713533652	-0.000453844	0.0672015	0.479093
1399426576729543193	-0.0033047	0.0587172	0.480774
1399426576747078180	-0.00519591	0.054158	0.482158
1399426576843430464	-0.00682239	0.0553186	0.483435
1399426576859483746	-0.00641351	0.0600142	0.485003
1399426576931504893	-0.00618752	0.0640379	0.486828
1399426576947579026	-0.00620883	0.0666744	0.48879
1399426576964482998	-0.00551612	0.0695377	0.490941
1399426577061547254	-0.00475488	0.073162	0.492952
1399426577078520406	-0.00375942	0.0733912	0.495052
1399426577113647470	-0.00207951	0.0656681	0.496343
1399426577130540581	-0.000523693	0.053329	0.496694
1399426577164485308	0.00104776	0.0348026	0.494534
1399426577266345474	0.000702895	0.0311862	0.493428
1399426577282440373	-0.00176077	0.0327906	0.4925
1399426577315327006	-0.0041563	0.0379889	0.491737
1399426577332259845	-0.00411082	0.0448923	0.49117
1399426577352229592	-0.00419349	0.0496197	0.491024
1399426577392222603	-0.00662865	0.0515136	0.491563
1399426577466175019	-0.00739819	0.0504512	0.491079
1399426577485147024	-0.00512849	0.0482987	0.4896
1399426577501195351	-0.00263617	0.0441296	0.487673
1399426577541180260	-0.00133173	0.0406344	0.485884
1399426577557142126	-0.00121432	0.0400661	0.485259
1399426577602136328	-0.0027579	0.0408412	0.485579
1399426577666121185	-0.00572801	0.0406864	0.486912
1399426577765068985	-0.00911316	0.0418153	0.489033
1399426577785993469	-0.0137045	0.0471029	0.491778
1399426577801977703	-0.0175661	0.0536125	0.495732
1399426577870064611	-0.0189092	0.0569921	0.500374
1399426577899908698	-0.0196115	0.0543805	0.511311
1399426577916906689	-0.0178247	0.0538227	0.516709
1399426577984905354	-0.0153192	0.0534077	0.521788
1399426578014881768	-0.0154179	0.0515398	0.526107
1399426578085819467	-0.0182559	0.0477623	0.529592
1399426578110875304	-0.0163505	0.0444585	0.533638
1399426578127842979	-0.0103068	0.04939	0.534588
1399426578218846062	-0.00455172	0.0579157	0.534989
1399426578314792992	-0.00115925	0.0697051	0.535266
1399426578331845355	-0.000921911	0.0822088	0.535682
1399426578348777002	-0.00243706	0.0905184	0.53565
1399426578422754755	-0.00220404	0.0933999	0.535572
1399426578441739823	-0.000496354	0.0918006	0.534421
1399426578461678302	0.000781437	0.0860231	0.532226
1399426578523708316	0.0011354	0.0752736	0.529714
1399426578555679590	0.00187398	0.0527263	0.527669
1399426578636898426	0.00171459	0.0485611	0.528316
1399426578653639655	0.000220855	0.0502198	0.530777
1399426578747600187	-0.00204851	0.0544345	0.53518
1399426578764505005	-0.00571783	0.0601654	0.540836
1399426578780528060	-0.0107711	0.0666129	0.547217
1399426578854558829	-0.0154751	0.0708122	0.553651
1399426578870562440	-0.0172202	0.0706702	0.55971
1399426578887566960	-0.0156667	0.0630872	0.565132
1399426578984426995	-0.0114274	0.0509845	0.569926
1399426579000413067	-0.00601344	0.0385094	0.574071
1399426579072407308	-0.000146028	0.0294105	0.577505
1399426579088437734	0.00382643	0.0277622	0.580711
1399426579105439648	0.00549734	0.033174	0.583314
1399426579207387211	0.0067858	0.0410136	0.585518
1399426579277448437	0.00707023	0.0430649	0.586977
1399426579294429540	0.00600892	0.0398455	0.587601
1399426579311446647	0.00471394	0.0369037	0.587813
1399426579384336170	0.00282526	0.0388621	0.588082
1399426579401387968	0.00043356	0.0432686	0.588708
1399426579496827608	0.000642222	0.0451273	0.590088
1399426579515277129	0.00429965	0.0454958	0.590707
1399426579534262010	0.00972014	0.0463445	0.590382
1399426579574257384	0.0145178	0.047106	0.589237
1399426579590203498	0.0181933	0.0477539	0.588029
1399426579635285098	0.0216567	0.0480983	0.586637
1399426579708223867	0.0267117	0.0497241	0.584949
1399426579724124139	0.0328046	0.0541	0.583362
1399426579741126186	0.038317	0.0593599	0.582203
1399426579782149350	0.0412026	0.0640938	0.581723
1399426579799192993	0.0404077	0.0699797	0.582214
1399426579838122904	0.0366273	0.0766138	0.582949
1399426579855159142	0.0302116	0.080947	0.584289
1399426579927102675	0.021554	0.0803514	0.58592
1399426579949042744	0.0153102	0.0772559	0.58756
1399426579966033503	0.0154718	0.0715593	0.589613
1399426580067162473	0.0223588	0.0584922	0.591419
1399426580137012148	0.0241124	0.0547988	0.591704
1399426580153863619	0.0267691	0.0519386	0.592284
1399426580169940992	0.0285098	0.0559853	0.592879
1399426580211926513	0.0292591	0.0645367	0.594066
1399426580228004914	0.0241214	0.0730432	0.59492
1399426580267991490	0.0150672	0.0771515	0.595878
1399426580284837458	0.00652136	0.07626	0.596778
1399426580358855890	0.00124242	0.0724809	0.596971
1399426580374853790	-0.000746761	0.0675534	0.596089
1399426580391804547	-0.00281013	0.0605578	0.594178
1399426580494811490	-0.00778594	0.0525241	0.591854
1399426580565732072	-0.0182074	0.0436494	0.590101
1399426580581682288	-0.0304237	0.0337615	0.588828
1399426580598713707	-0.0369618	0.0275311	0.588904
1399426580672706136	-0.037298	0.029492	0.589149
1399426580689655697	-0.0355322	0.0395959	0.589631
1399426580784654900	-0.0343442	0.0519015	0.590184
1399426580800755518	-0.0336088	0.0595389	0.590438
1399426580816621467	-0.033418	0.0572203	0.59052
1399426580890548379	-0.0340596	0.0490792	0.589889
1399426580908546715	-0.0356939	0.0399139	0.589186
1399426581002433391	-0.0366201	0.0328798	0.588534
1399426581019548654	-0.0330298	0.0302119	0.58727
1399426581035561062	-0.0239988	0.0318123	0.585237
1399426581109634758	-0.0157167	0.0351088	0.582401
1399426581125510158	-0.00952653	0.0410098	0.579369
1399426581142504235	-0.00581366	0.0488269	0.576206
1399426581243447867	-0.00469336	0.0561218	0.573281
1399426581313405297	-0.00510799	0.0615928	0.571379
1399426581332152627	-0.00537373	0.0650402	0.56981
1399426581346382988	-0.004264	0.0637131	0.568677
1399426581420316718	-0.00159247	0.0587232	0.56758
1399426581460328785	-0.000393599	0.0536198	0.566612
1399426581530281392	-0.00319023	0.0486829	0.566095
1399426581550348455	-0.00929936	0.0429276	0.566
1399426581569264231	-0.0114459	0.0396829	0.566497
1399426581642289242	-0.00657781	0.0419237	0.567141
1399426581658275806	0.00125418	0.0471375	0.568284
1399426581726207783	0.0100814	0.0545919	0.570622
1399426581756225151	0.0245323	0.0740844	0.577302
1399426581772189498	0.028456	0.0797053	0.580696
1399426581847253908	0.0313656	0.0800949	0.583432
1399426581887180553	0.033394	0.0765741	0.586128
1399426581958111392	0.0307831	0.0684137	0.587904
1399426581975204269	0.0232185	0.0584247	0.589107
1399426581991126766	0.0129261	0.0495511	0.590497
1399426582070127674	0.000252006	0.0420643	0.595765
1399426582167086752	-0.00185936	0.0411507	0.599276
1399426582183352733	-0.0033529	0.0392538	0.603068
1399426582200142088	-0.0022257	0.0403918	0.606591
1399426582273134401	0.00277278	0.0488776	0.609768
1399426582291037879	0.00729938	0.0603962	0.613
1399426582385987014	0.00799094	0.0691667	0.616115
1399426582402965138	0.00550701	0.0727868	0.619157
1399426582418997351	0.000939976	0.073624	0.622365
1399426582491886322	-0.00673471	0.0746835	0.625802
1399426582508919870	-0.013178	0.0769948	0.629411
1399426582524894562	-0.0123667	0.0780195	0.632463
1399426582611900842	0.000537855	0.0604328	0.637221
1399426582628824273	0.00546963	0.0512182	0.638949
1399426582702854131	0.00862013	0.0502036	0.640835
1399426582720844448	0.0112695	0.0560045	0.64273
1399426582809835552	0.0128069	0.065394	0.64477
1399426582826718565	0.0134612	0.0752335	0.64642
1399426582842712707	0.0120755	0.0803782	0.647298
1399426582915776152	0.00871987	0.080086	0.648053
1399426582933272705	0.00344956	0.0789643	0.648399
1399426582949772503	-0.00344106	0.0793071	0.648805
1399426583046697596	-0.0101262	0.079141	0.649063
1399426583062582727	-0.0122973	0.073763	0.648623
1399426583133574194	-0.00966997	0.0613268	0.647679
1399426583150616491	-0.00575305	0.0475402	0.645505
1399426583167558868	-0.00326792	0.0387578	0.642567
1399426583247641541	-0.00126907	0.0360863	0.639408
1399426583263568989	0.00194933	0.0351182	0.636397
1399426583280488267	0.00554079	0.037948	0.633952
1399426583349570284	0.00679005	0.046707	0.632166
1399426583366509153	0.00480278	0.0579957	0.631768
1399426583382492476	0.000644768	0.069229	0.633043
1399426583479564372	-0.0045691	0.0780023	0.635223
1399426583496556452	-0.00913529	0.0817868	0.638666
1399426583570681344	-0.0126594	0.0809955	0.642699
1399426583590513951	-0.0157434	0.0774202	0.646982
1399426583627465891	-0.0171357	0.066844	0.651496
1399426583684436740	-0.011557	0.0392479	0.660946
1399426583700450654	-0.00569012	0.0338796	0.665021
1399426583775332527	0.00126914	0.0304078	0.669009
1399426583791338232	0.00737247	0.0284453	0.673042
1399426583808342071	0.0115535	0.0340669	0.677346
1399426583905278015	0.0140067	0.0438431	0.682646
1399426583922407367	0.0156507	0.0545918	0.687628
1399426583993301530	0.0160017	0.0628855	0.691939
1399426584009361657	0.0149431	0.0685014	0.69552
1399426584026294304	0.0143168	0.0684106	0.698057
1399426584125239773	0.0162632	0.0598315	0.70021
1399426584196179163	0.0201618	0.0499505	0.701777
1399426584213129637	0.0254406	0.0435936	0.703404
1399426584229229209	0.030823	0.0405117	0.704935
1399426584303136525	0.0345202	0.0381287	0.706323
1399426584320101507	0.0363671	0.0374314	0.70747
1399426584379114262	0.0378118	0.04025	0.708033
1399426584395073342	0.0384822	0.0507332	0.708573
1399426584416104385	0.037208	0.0671343	0.709289
1399426584432134597	0.0325482	0.0845864	0.710196
1399426584448987821	0.0232094	0.096311	0.711668
1399426584547046101	0.0150417	0.0983986	0.713415
1399426584624012232	0.0128706	0.0897864	0.715559
1399426584640273868	0.0157179	0.0756935	0.717443
1399426584656983297	0.0195983	0.0635666	0.718589
1399426584695004873	0.0218756	0.0564762	0.719178
1399426584712167612	0.0201331	0.0544468	0.719722
1399426584754241106	0.0165962	0.0539333	0.72015
1399426584767955038	0.0145042	0.0501083	0.721203
1399426584843979069	0.0136985	0.0438275	0.722409
1399426584861039737	0.00953861	0.0436729	0.724091
1399426584876899294	0.000867045	0.0514218	0.726169
1399426584973934002	-0.00812374	0.0606676	0.728808
1399426584990938335	-0.0151652	0.065225	0.732148
1399426585061761967	-0.0169114	0.0649195	0.736207
1399426585078329657	-0.0112763	0.0597215	0.741718
1399426585093762138	-0.000461293	0.0472618	0.748049
1399426585136385720	0.00976979	0.0342456	0.754634
1399426585181721933	0.0144372	0.0243807	0.761108
1399426585197760181	0.012927	0.0159499	0.767443
1399426585266699631	0.00953479	0.00800626	0.774291
1399426585283681870	0.00762778	0.0062992	0.780751
1399426585300641359	0.00945922	0.0112981	0.786814
1399426585399630528	0.0150295	0.0223403	0.792168
1399426585415617251	0.0183443	0.0379372	0.796534
1399426585487576575	0.0177342	0.0535347	0.800698
1399426585506543226	0.016921	0.0663621	0.80319
1399426585525537302	0.0176037	0.0741247	0.804402
1399426585598467867	0.0189548	0.0770461	0.804518
1399426585694514516	0.0176786	0.0715108	0.803668
1399426585710527287	0.0120755	0.0557949	0.802677
1399426585727514545	0.00757205	0.037419	0.801734
1399426585800529090	0.00818851	0.0249749	0.800835
1399426585817493162	0.0110242	0.0196182	0.799922
1399426585912465920	0.0130432	0.0200534	0.799051
1399426585929401656	0.0129642	0.0252975	0.797743
1399426585945390103	0.0102467	0.0326366	0.795837
1399426586018265332	0.00508735	0.0426637	0.79404
1399426586035360783	-0.00148075	0.0529354	0.792059
1399426586052252089	-0.00561502	0.0602501	0.789985
1399426586148232763	-0.00627388	0.06157	0.788027
1399426586164259909	-0.00608725	0.0574722	0.786326
1399426586235230878	-0.00542479	0.0459938	0.785036
1399426586252255547	-0.00499659	0.0294524	0.783675
1399426586268237361	-0.00801878	0.0140808	0.782548
1399426586369205171	-0.0111631	0.0059679	0.781569
1399426586439091814	-0.00952645	0.00644928	0.779679
1399426586455065028	-0.00288826	0.012139	0.777607
1399426586472124631	0.00409092	0.0267371	0.776554
1399426586513172692	0.00824275	0.047869	0.776061
1399426586530016937	0.0108926	0.0704329	0.776235
1399426586573075081	0.0161238	0.0874262	0.775703
1399426586592029059	0.0249836	0.0949839	0.774393
1399426586630055715	0.0324796	0.0935384	0.772294
1399426586647015327	0.0334666	0.0898809	0.769907
1399426586761044130	0.0145119	0.0747908	0.76675
1399426586783116378	-0.00122917	0.0580966	0.766327
1399426586799960429	-0.0132211	0.0392773	0.767115
1399426586873882266	-0.0186653	0.0247393	0.768503
1399426586890976992	-0.0208963	0.0174108	0.770369
1399426586907003348	-0.0215264	0.0118343	0.772962
1399426587004830116	-0.0193865	0.00583636	0.776298
1399426587020798633	-0.0148111	0.00818119	0.78025
1399426587057039694	-0.00671667	0.0273229	0.784743
1399426587072951643	0.00363992	0.0548897	0.789701
1399426587092812350	0.014159	0.0783457	0.794469
1399426587188891305	0.0231473	0.0905023	0.798498
1399426587205790742	0.0287955	0.0923131	0.80157
1399426587221739979	0.0290149	0.0840549	0.803595
1399426587296834969	0.0205092	0.0643567	0.804131
1399426587313727038	0.00638435	0.0430661	0.803863
1399426587329783775	-0.00667598	0.0280914	0.803408
1399426587427641895	-0.0146727	0.0225963	0.802413
1399426587443631903	-0.0171108	0.0259549	0.80061
1399426587515664667	-0.0146846	0.0367862	0.798806
1399426587534762081	-0.0105191	0.0503929	0.796656
1399426587553683110	-0.00798875	0.0653075	0.794305
1399426587633586798	-0.0101663	0.0872605	0.78927
1399426587650592045	-0.0118985	0.0846381	0.787286
1399426587726537636	-0.0116615	0.0763412	0.785932
1399426587743574543	-0.0113331	0.0658035	0.784771
1399426587759497401	-0.0155165	0.0513114	0.784248
1399426587856506821	-0.0220583	0.0354592	0.784375
1399426587873551428	-0.0259588	0.0241758	0.785458
1399426587944516004	-0.0247399	0.0198108	0.786804
1399426587961500380	-0.0223216	0.021659	0.788496
1399426587978450503	-0.0213145	0.0287937	0.790458
1399426588074447805	-0.0203836	0.0357438	0.792752
1399426588090515540	-0.0173855	0.0417697	0.795743
1399426588162537765	-0.012631	0.0500841	0.799128
1399426588178451291	-0.00816925	0.0577685	0.802971
1399426588195376983	-0.00418035	0.0608435	0.807186
1399426588267324135	0.00161633	0.0601858	0.811275
1399426588364290260	0.00954794	0.0563532	0.815115
1399426588381400899	0.0174117	0.0467808	0.818325
1399426588397451968	0.0221329	0.0337047	0.820878
1399426588473571956	0.0233319	0.022515	0.822916
1399426588490418034	0.0205076	0.0165215	0.824542
1399426588585349891	0.0144177	0.016412	0.826406
1399426588605341822	0.0110776	0.0231757	0.828114
1399426588624299027	0.0123904	0.0344787	0.830023
1399426588696365639	0.0186291	0.0468684	0.831678
1399426588713335160	0.029107	0.0615286	0.832806
1399426588729273678	0.0382043	0.0750585	0.833475
1399426588811281700	0.0417407	0.0864839	0.832636
1399426588828138328	0.0426288	0.0853925	0.83166
1399426588903179119	0.0453929	0.0789946	0.830831
1399426588920100319	0.0473062	0.0651539	0.830102
1399426589015051025	0.0452191	0.050253	0.829621
1399426589031154784	0.0366744	0.0392504	0.829807
1399426589047254806	0.0253544	0.0333485	0.830812
1399426589121078833	0.0170637	0.0298359	0.832072
1399426589138346305	0.013258	0.0269418	0.834835
1399426589154165613	0.0124129	0.0249095	0.838292
1399426589251886672	0.0131591	0.0310388	0.84196
1399426589267910553	0.0171564	0.0502209	0.845976
1399426589338875720	0.0236129	0.0755967	0.850602
1399426589355871050	0.027977	0.0967036	0.856376
1399426589371944500	0.0286618	0.107758	0.861842
1399426589470817575	0.025608	0.107051	0.866543
1399426589540899531	0.0206654	0.0915446	0.870369
1399426589557982706	0.0148851	0.0671832	0.872892
1399426589573864565	0.0089519	0.0434211	0.874217
1399426589650883280	0.00325053	0.0275975	0.875513
1399426589670839783	-0.00050502	0.0195333	0.876666
1399426589730802967	-0.0020244	0.0153204	0.87756
1399426589747805338	-0.00176885	0.0131185	0.878316
1399426589782796818	-0.0049959	0.0267668	0.882172
1399426589799021142	-0.00808943	0.043814	0.885039
1399426589901786821	-0.00941877	0.0646096	0.887695
1399426589982822697	-0.0081691	0.100692	0.892449
1399426589999677914	-0.00563924	0.102675	0.894465
1399426590015680431	-0.00116348	0.0975631	0.896047
1399426590056700930	0.00398219	0.0897663	0.897454
1399426590102682065	0.00703135	0.0733641	0.898411
1399426590118664199	0.00724876	0.0510297	0.898942
1399426590189755568	0.0052908	0.0295045	0.89924
1399426590205722300	0.00213841	0.0156062	0.899777
1399426590222682519	0.000770124	0.0100985	0.900915
1399426590319547595	-0.000140321	0.00749046	0.902363
1399426590336543455	-0.00303465	0.00245489	0.904127
1399426590407569225	-0.00792487	-0.00659533	0.905495
1399426590423552347	-0.01341	-0.0170956	0.907284
1399426590440607991	-0.0152944	-0.0231042	0.909705
1399426590515502949	-0.00985528	-0.012446	0.912965
1399426590556743233	0.00231896	0.0225592	0.917192
1399426590634461637	0.014545	0.0653761	0.921731
1399426590653378420	0.0232378	0.0975819	0.92608
1399426590722522651	0.0288288	0.111045	0.929286
1399426590740479753	0.0322813	0.108773	0.930689
1399426590835208361	0.0313531	0.0906576	0.931194
1399426590851204395	0.0240485	0.0650908	0.931227
1399426590868205730	0.0128712	0.0439294	0.931816
1399426590941244442	0.00329554	0.0352175	0.933219
1399426590957306321	-0.000692754	0.0357877	0.93454
1399426590974167943	-0.00258293	0.035803	0.936102
1399426591071134127	-0.00589252	0.0299227	0.937429
1399426591088160628	-0.00892218	0.0244652	0.938984
1399426591159137093	-0.00909549	0.0352042	0.941867
1399426591175094219	-0.00678064	0.061001	0.945656
1399426591192136823	0.00108278	0.0909965	0.950252
1399426591272157335	0.0250905	0.124269	0.959567
1399426591286987458	0.035985	0.119581	0.963824
1399426591362012986	0.0456757	0.101718	0.967509
1399426591377911153	0.0478469	0.0768581	0.969723
1399426591394974929	0.0377848	0.0469551	0.970815
1399426591491876085	0.018995	0.021686	0.972303
1399426591507827308	-0.002837	0.00849696	0.974101
1399426591579855371	-0.0210673	0.00589035	0.975254
1399426591596990110	-0.0304144	0.00897963	0.975445
1399426591612772708	-0.0301531	0.0151038	0.975078
1399426591699807887	-0.0223717	0.028238	0.973808
1399426591715800545	-0.0173007	0.0474865	0.973184
1399426591790774445	-0.0120489	0.0708739	0.972759
1399426591806786441	-7.9514e-05	0.0911385	0.97265
1399426591823737869	0.017639	0.0951751	0.971415
1399426591920776313	0.0354389	0.0833862	0.968012
1399426591936733634	0.0461957	0.0655601	0.963349
1399426592008667354	0.048814	0.0459156	0.957667
1399426592025624518	0.0470923	0.030293	0.95208
1399426592042686905	0.0477437	0.0207202	0.947397
1399426592148616006	0.0535101	0.0175489	0.943423
1399426592216558811	0.0571607	0.0184012	0.940112
1399426592233521079	0.0476918	0.0207624	0.93854
1399426592249644797	0.0280479	0.0236348	0.938119
1399426592324551297	0.00496678	0.0341506	0.939017
1399426592341546906	-0.0136007	0.0516709	0.940824
1399426592437078682	-0.0198983	0.070671	0.942923
1399426592452494888	-0.0140941	0.0880054	0.945481
1399426592469774474	-0.00681571	0.101043	0.947865
1399426592543379153	-0.00208414	0.106696	0.949818
1399426592560483363	0.00595942	0.101677	0.951338
1399426592654505053	0.0161347	0.0904839	0.95264
1399426592670423232	0.0237863	0.0737969	0.953845
1399426592687377598	0.0272229	0.0538736	0.954958
1399426592767367847	0.0243377	0.0361323	0.956349
1399426592784475898	0.0119785	0.0239775	0.958366
1399426592825415820	-0.00561334	0.0161546	0.961127
1399426592881378294	-0.0347008	0.0103796	0.968661
1399426592897330207	-0.0474904	0.0160194	0.972745
1399426592966238479	-0.0551111	0.0273432	0.977067
1399426592984295369	-0.0522122	0.0439367	0.981542
1399426593078243733	-0.0417791	0.0634128	0.986242
1399426593095253051	-0.0262089	0.0830872	0.990774
1399426593111225303	-0.00926211	0.0976682	0.995264
1399426593152196734	0.0143662	0.0991789	1.00012
1399426593169169762	0.0324245	0.0852446	1.0012
1399426593209140708	0.0411023	0.0648936	0.999596
1399426593225164885	0.0409788	0.0483211	0.997564
1399426593298197594	0.0363156	0.0391145	0.996054
1399426593314162226	0.0188102	0.0348054	0.994891
1399426593416022713	-0.0221489	0.0286172	0.993929
1399426593432115373	-0.0540078	0.0225334	0.9925
1399426593504050227	-0.0621827	0.021388	0.991823
1399426593522942146	-0.0450938	0.0265359	0.991211
1399426593616982652	-0.00389416	0.0393657	0.990727
1399426593633185433	0.0375903	0.0384018	0.990177
1399426593649927882	0.0656306	0.0163768	0.987722
1399426593724883404	0.0724459	0.00248568	0.984625
1399426593821142042	0.0553596	0.00852916	0.983099
1399426593837893014	0.0106585	0.0172718	0.981503
1399426593853852826	-0.0289332	0.0238699	0.979504
1399426593935785073	-0.0506249	0.0366449	0.977573
1399426594032862875	-0.0279329	0.0421779	0.974781
1399426594049850845	0.022578	0.0324052	0.971546
1399426594065929042	0.0441182	0.0225629	0.968725
1399426594149731836	0.0273314	0.0249739	0.967124
1399426594250651012	-0.00471633	0.0413199	0.965955
1399426594267685528	-0.0272803	0.0583927	0.966476
1399426594328651912	-0.0454523	0.0612514	0.968387
1399426594531551667	-0.0356633	0.0521091	0.971019
1399426594574429445	-0.00570286	0.0452591	0.972333
1399426594590454639	0.00987612	0.045533	0.973932
1399426594607387008	0.00914898	0.0485271	0.97764
1399426594680448057	-0.00282817	0.0595197	0.982518
1399426594776553491	-0.0221094	0.073269	0.988358
1399426594792443377	-0.0281575	0.0769276	0.995095
1399426594809483712	-0.0191407	0.0725778	1.00193
1399426594892307307	0.00026557	0.0594102	1.00803
1399426594987523711	0.0111751	0.0493903	1.0134
1399426595004421970	0.0150938	0.0487466	1.01817
1399426595020355971	0.0204872	0.0535495	1.02214
1399426595106447003	0.0276235	0.0546237	1.02488
1399426595164392696	0.0220542	0.0550229	1.02663
1399426595309259658	0.00753023	0.0583138	1.02885
1399426595326195752	-0.000816864	0.0548363	1.03293
1399426595342143900	0.0036227	0.0472891	1.03774
1399426595409109538	0.00839921	0.0399347	1.04296
1399426595534040365	0.00634181	0.0330951	1.04869
1399426595551059893	0.00447271	0.0302763	1.05254
1399426595567093778	0.00514572	0.0295075	1.05673
1399426595641060633	0.00766871	0.0294928	1.06103
1399426595736960555	0.0088807	0.032774	1.06512
1399426595753970359	0.00592482	0.0419846	1.06936
1399426595769945639	0.00134005	0.0529329	1.07382
1399426595811029312	-0.000624256	0.0603687	1.07828
1399426595827927528	0.00165744	0.0606087	1.08171
1399426595868047406	0.00436634	0.0575762	1.08367
1399426595883959794	0.00425895	0.0534278	1.08432
1399426595957858501	0.00326215	0.0481585	1.08413
1399426595973858516	0.00286474	0.0421889	1.0838
1399426595990844557	0.00347569	0.0373197	1.08324
1399426596035824186	0.00645964	0.03466	1.08222
1399426596081792085	0.0108709	0.0361156	1.08061
1399426596097783743	0.0157019	0.0444428	1.07888
1399426596175659696	0.0215088	0.0560909	1.07751
1399426596192725661	0.028565	0.0664497	1.07638
1399426596222747641	0.0343577	0.0744555	1.0752
1399426596279705361	0.0352686	0.0777678	1.07362
1399426596296620617	0.0338872	0.076525	1.07143
1399426596386631256	0.0319656	0.0728095	1.06862
1399426596405628167	0.026696	0.0642956	1.06571
1399426596448575778	0.0191537	0.0527554	1.06288
1399426596466573256	0.0129777	0.0446606	1.06039
1399426596500533519	0.0127144	0.0466207	1.05828
1399426596595526801	0.0180002	0.0585945	1.05701
1399426596611502105	0.0258918	0.0715553	1.05602
1399426596628478623	0.0330796	0.0782058	1.0542
1399426596672478010	0.0359386	0.0768709	1.05109
1399426596787407680	0.0335964	0.0721209	1.04727
1399426596809428919	0.0296873	0.0672414	1.04365
1399426596825380442	0.026027	0.061956	1.04087
1399426596842391592	0.0223256	0.0548153	1.0388
1399426596883408211	0.018549	0.0470813	1.0368
1399426596901825070	0.0130827	0.0426991	1.03462
1399426596940433489	0.00792905	0.0448722	1.03269
1399426597029408947	0.0053461	0.0502991	1.03136
1399426597052355954	0.00414477	0.0542861	1.03085
1399426597062342022	0.00215436	0.0550727	1.03077
1399426597102358554	-0.000617964	0.0513895	1.03098
1399426597161487716	-0.00611896	0.042528	1.03122
1399426597238297830	-0.014213	0.0303669	1.03152
1399426597255310511	-0.020992	0.0184168	1.03205
1399426597271512148	-0.0227236	0.0117939	1.03281
1399426597310248239	-0.018273	0.0116703	1.03344
1399426597340217164	-0.0103499	0.0178099	1.03381
1399426597381250011	-0.0019577	0.0288158	1.03356
1399426597466139220	0.00343165	0.0377814	1.03331
1399426597483099444	0.00359753	0.0423251	1.034
1399426597556151813	0.000961313	0.0438547	1.03517
1399426597573081022	-0.00268526	0.0418386	1.03665
1399426597668110886	-0.0109981	0.0350595	1.0385
1399426597685099356	-0.0201828	0.0261093	1.04016
1399426597701690917	-0.025078	0.019278	1.04162
1399426597775074513	-0.0260794	0.0175493	1.04277
1399426597792048479	-0.0249538	0.0208425	1.04334
1399426597807961145	-0.0224946	0.0285651	1.04299
1399426597904989599	-0.0207095	0.0388866	1.04224
1399426597920937193	-0.0237428	0.04765	1.04228
1399426597992847373	-0.0293628	0.0507972	1.04392
1399426598008993289	-0.0315747	0.0483874	1.04703
1399426598025820811	-0.0296435	0.0450511	1.0507
1399426598106877574	-0.0188498	0.039115	1.05975
1399426598122811020	-0.0146232	0.034187	1.06453
1399426598197751616	-0.0107489	0.0298348	1.06906
1399426598214775613	-0.00626294	0.0288599	1.07411
1399426598231785179	0.000191923	0.034834	1.08004
1399426598327698572	0.00736595	0.0481788	1.08705
1399426598343698567	0.0086284	0.0666005	1.09446
1399426598415673618	0.00204859	0.0852573	1.1028
1399426598436703341	-0.00677828	0.0994564	1.11099
1399426598454671652	-0.0118212	0.103935	1.11849
1399426598534536410	-0.00926215	0.0897202	1.13158
1399426598551606229	-0.00493293	0.0801497	1.13689
1399426598628577848	0.000716138	0.0730137	1.1412
1399426598645477438	0.00587988	0.0711334	1.14415
1399426598662692405	0.00928046	0.0740535	1.14571
1399426598758614079	0.00958248	0.0784395	1.14616
1399426598775491715	0.00655678	0.0847481	1.14667
1399426598847405100	0.00385197	0.0923979	1.14659
1399426598863449434	0.00406129	0.0982417	1.14548
1399426598880421217	0.00582928	0.0965868	1.14314
1399426598979402331	0.00619826	0.0858867	1.13958
1399426599049371456	0.00485676	0.0689883	1.13552
1399426599065383826	0.00397224	0.0499083	1.13098
1399426599081469911	0.00446281	0.0361018	1.12624
1399426599156301668	0.00648062	0.0347633	1.12184
1399426599173199637	0.00743931	0.043608	1.11893
1399426599268275015	0.0061419	0.0552156	1.11693
1399426599284258496	0.00183482	0.0657829	1.11509
1399426599301180989	-0.00368541	0.0732067	1.11401
1399426599375128435	-0.00795697	0.0747339	1.11322
1399426599392218490	-0.0109887	0.072757	1.11245
1399426599486139317	-0.0133774	0.0692846	1.1119
1399426599506106476	-0.0145277	0.0576649	1.11217
1399426599532113954	-0.0141187	0.0386224	1.11245
1399426599565157786	-0.015392	0.0204704	1.11269
1399426599588076709	-0.0178016	0.00950599	1.11328
1399426599606170710	-0.0202463	0.0085458	1.1139
1399426599699005231	-0.0215871	0.0133545	1.1147
1399426599716083914	-0.0206284	0.0219658	1.11606
1399426599732035585	-0.019682	0.0311576	1.11798
1399426599807012267	-0.0213786	0.0380229	1.12022
1399426599822953183	-0.0236864	0.0381273	1.12287
1399426599925927037	-0.0196444	0.0302856	1.12534
1399426599941938644	-0.00842371	0.0147997	1.12652
1399426600010966503	0.00383709	3.79514e-05	1.12622
1399426600026956427	0.0143362	-0.00653007	1.12568
1399426600043921318	0.0208388	-0.00508368	1.12492
1399426600118842164	0.022877	0.0026327	1.1238
1399426600158854126	0.0223434	0.0162468	1.12257
1399426600229870289	0.021541	0.0354218	1.12154
1399426600245840264	0.0221496	0.0547642	1.12
1399426600263133426	0.0229211	0.0740459	1.11867
1399426600336711052	0.020778	0.0910064	1.11691
1399426600376681625	0.0150076	0.0998681	1.11446
1399426600446675568	0.00969984	0.0923716	1.1109
1399426600463652458	0.0086162	0.0748731	1.10651
1399426600479629770	0.0116269	0.0574553	1.10174
1399426600556622669	0.0171227	0.0436295	1.09753
1399426600575579271	0.0229973	0.0332532	1.09386
1399426600671518480	0.0271173	0.0301411	1.09033
1399426600687530865	0.0271113	0.0371501	1.08685
1399426600755541500	0.0221995	0.0516902	1.08453
1399426600772491219	0.0149013	0.0746062	1.08302
1399426600788487003	0.0080548	0.0985539	1.08223
1399426600885425034	0.00169378	0.117234	1.08229
1399426600902407735	-0.00395753	0.128038	1.08314
1399426600972495812	-0.00576546	0.130832	1.08425
1399426600989411974	-0.00213928	0.119173	1.08456
1399426601005461876	0.00375501	0.0961442	1.08374
1399426601082039299	0.00986471	0.0693243	1.08237
1399426601122239742	0.01375	0.0448867	1.08068
1399426601191328589	0.013877	0.027644	1.07915
1399426601208354060	0.012497	0.0181292	1.07813
1399426601224421103	0.0130872	0.0135223	1.07839
1399426601298284600	0.0136284	0.0160543	1.07969
1399426601393275886	0.0109755	0.0297358	1.08172
1399426601416189546	0.00686615	0.0472901	1.08518
1399426601433252152	0.00195357	0.0612309	1.08891
1399426601507225621	-0.00745662	0.0777509	1.09298
1399426601523288272	-0.0198647	0.0995687	1.09669
1399426601541158586	-0.0309268	0.118137	1.10003
1399426601638109935	-0.0367273	0.121814	1.10336
1399426601654168020	-0.0378869	0.113137	1.10705
1399426601732123457	-0.0366063	0.10251	1.11084
1399426601748091828	-0.0359256	0.0958286	1.11426
1399426601821044680	-0.0350771	0.0889034	1.11718
1399426601861093923	-0.0313823	0.0736328	1.1196
1399426601931965600	-0.0252631	0.0522168	1.12157
1399426601948158380	-0.0171843	0.0323489	1.12288
1399426601964979967	-0.0114117	0.0200319	1.12368
1399426602038867541	-0.0116183	0.0144889	1.12383
1399426602054891567	-0.0166644	0.0138892	1.12454
1399426602149878120	-0.0202301	0.0160503	1.12561
1399426602165806325	-0.0248303	0.0264154	1.12679
1399426602182834911	-0.0298059	0.0442286	1.12809
1399426602255830357	-0.0320568	0.0608672	1.13025
1399426602272809339	-0.0308626	0.0710466	1.13363
1399426602373738472	-0.027505	0.0744257	1.13777
1399426602389774345	-0.0247417	0.0757909	1.14234
1399426602434751436	-0.0229443	0.070017	1.14665
1399426602469671478	-0.0211765	0.0577294	1.15068
1399426602485729066	-0.0165082	0.0443878	1.15452
1399426602502722228	-0.00580904	0.0309498	1.15779
1399426602601598467	0.00574486	0.018139	1.16024
1399426602672671729	0.013068	0.00765767	1.16217
1399426602688729379	0.0153023	0.00220972	1.16437
1399426602705639536	0.0132966	0.00387388	1.16747
1399426602777554107	0.0066662	0.00999278	1.17027
1399426602823543330	-0.00723326	0.0173026	1.17279
1399426602895464469	-0.0125333	0.0191366	1.1732
1399426602912449999	-0.0228924	0.0234467	1.17335
1399426602928447860	-0.0300853	0.0298906	1.17318
1399426603002427801	-0.0337974	0.0415972	1.1727
1399426603018383972	-0.0365415	0.0570099	1.17215
1399426603122342409	-0.0394449	0.0720433	1.17161
1399426603138323936	-0.0411602	0.0843853	1.17129
1399426603213433431	-0.0380722	0.0882802	1.17135
1399426603230405327	-0.0264749	0.0738817	1.17104
1399426603324261380	-0.0105953	0.0573121	1.17025
1399426603341326509	0.00617712	0.0393731	1.16838
1399426603358249865	0.00645446	0.0299352	1.1666
1399426603399219971	0.00807341	0.029299	1.1652
1399426603444334037	0.0118288	0.0312892	1.1644
1399426603461257648	0.013305	0.0305674	1.16417
1399426603529219052	0.00624658	0.0285777	1.16549
1399426603546263627	-0.0109947	0.0258189	1.16888
1399426603644157516	-0.0301175	0.0278525	1.17285
1399426603664151756	-0.0419286	0.0315691	1.17715
1399426603680200927	-0.0446396	0.0447835	1.1818
1399426603719031318	-0.0392667	0.063942	1.18596
1399426603765077648	-0.0205495	0.0754622	1.18882
1399426603782061338	-0.00244129	0.077227	1.18964
1399426603850005140	0.0211898	0.0640156	1.18779
1399426603867161466	0.0443382	0.0444928	1.18378
1399426603962085444	0.0466898	0.0285229	1.17841
1399426603977936374	0.0375902	0.021267	1.17256
1399426603995056602	0.0274112	0.0192521	1.16646
1399426604070893346	0.00334143	0.0217813	1.16064
1399426604110921626	-0.0244495	0.0295926	1.15599
1399426604180925149	-0.029077	0.0484154	1.15276
1399426604197922970	-0.0113992	0.0634893	1.15089
1399426604287906107	0.00266263	0.0685494	1.14975
1399426604347757207	0.00702641	0.0640896	1.14884
1399426604363795913	0.00035701	0.0516855	1.14823
1399426604396780200	-0.0096134	0.0508198	1.14919
1399426604499682605	-0.0140999	0.0629911	1.15201
1399426604516731488	-0.0146121	0.0668725	1.15449
1399426604620786441	-0.0170996	0.0660102	1.15752
1399426604636633997	-0.0196179	0.0641873	1.16058
1399426604707593360	-0.017825	0.0631389	1.16329
1399426604724616375	-0.0112111	0.0604059	1.16549
1399426604741525634	-0.00429472	0.0577405	1.1667
1399426604831602696	-0.000789465	0.0582827	1.16722
1399426604847541000	-0.00112141	0.0626867	1.16774
1399426604915559630	-0.00389555	0.0686801	1.16822
1399426604932534353	-0.00933221	0.0725301	1.16884
1399426604948433388	-0.0172086	0.0723042	1.17041
1399426605023466946	-0.0245311	0.0687915	1.1726
1399426605063422699	-0.0301949	0.0634045	1.17513
1399426605098397224	-0.0282511	0.0593852	1.17709
1399426605114413678	-0.0171309	0.0587414	1.17799
1399426605131399562	-0.00309041	0.0615342	1.17812
1399426605154388773	0.00698255	0.0655655	1.17759
1399426605272437428	0.0117215	0.0675749	1.17674
1399426605341419931	0.0137488	0.0680154	1.17579
1399426605357368719	0.0161007	0.0665475	1.17474
1399426605374402373	0.019241	0.0631088	1.17348
1399426605419417102	0.0194276	0.0554099	1.17245
1399426605438273293	0.0164901	0.0458915	1.17146
1399426605480299597	0.0129222	0.0401145	1.17106
1399426605496269477	0.00942183	0.0379195	1.17111
1399426605566242972	0.00604646	0.0364845	1.17093
1399426605583204340	0.0026073	0.038244	1.17023
1399426605599203489	0.00057878	0.0454892	1.16918
1399426605700199205	-0.000376465	0.0549216	1.16792
1399426605771136710	-0.000615197	0.0637356	1.16609
1399426605787107406	-0.00223542	0.0683567	1.16411
1399426605804097941	-0.00738207	0.0654038	1.16228
1399426605878079088	-0.0139135	0.0573797	1.16068
1399426605895111497	-0.0179566	0.0503951	1.15927
1399426605989117803	-0.0181483	0.0486977	1.1577
1399426606011051649	-0.0180795	0.0501985	1.1562
1399426606027012501	-0.0188558	0.0507457	1.15515
1399426606103056125	-0.0228222	0.0509773	1.15481
1399426606120057267	-0.0300542	0.051694	1.15513
1399426606220943565	-0.0385586	0.0540134	1.15604
1399426606236943319	-0.0470232	0.0601071	1.15783
1399426606304946031	-0.0545718	0.066898	1.16011
1399426606321867403	-0.0594108	0.0700256	1.16326
1399426606337873248	-0.0607928	0.068787	1.16777
1399426606412930722	-0.0599118	0.0642154	1.17238
1399426606453723811	-0.0563623	0.0585973	1.17642
1399426606526764465	-0.0516335	0.0531753	1.18017
1399426606546803755	-0.0480994	0.0482677	1.18407
1399426606562754618	-0.044992	0.0430894	1.18811
1399426606634759516	-0.0416098	0.038869	1.19183
1399426606731745292	-0.0387507	0.0395857	1.19499
1399426606748673293	-0.0356394	0.0438402	1.19807
1399426606764725542	-0.0323739	0.0473394	1.20114
1399426606837620705	-0.0317645	0.0502564	1.20396
1399426606854588694	-0.034869	0.0553762	1.20705
1399426606871614954	-0.0388332	0.0614167	1.21033
1399426606971605777	-0.040156	0.0663459	1.21343
1399426606987565282	-0.0382623	0.0703772	1.21605
1399426607058594402	-0.0327508	0.0718155	1.21801
1399426607075513182	-0.0233554	0.067582	1.21921
1399426607092517276	-0.0131012	0.0591514	1.21902
1399426607189506823	-0.00625899	0.0496405	1.21793
1399426607205446274	-0.00595301	0.0432072	1.21675
1399426607275489441	-0.00906359	0.040072	1.21545
1399426607292427613	-0.0104482	0.0381498	1.21453
1399426607308429079	-0.00835375	0.0375523	1.21393
1399426607384359934	-0.00467672	0.0401315	1.21348
1399426607478358850	-0.00285298	0.0478728	1.21373
1399426607501331377	-0.00416209	0.0583132	1.21522
1399426607517287658	-0.00839581	0.0697289	1.21745
1399426607559592610	-0.0136547	0.0806421	1.22016
1399426607575348734	-0.0160958	0.0880791	1.22309
1399426607625340759	-0.0138814	0.0907198	1.22664
1399426607695227018	-0.00690225	0.091581	1.23099
1399426607712263700	0.00497432	0.0864738	1.23579
1399426607728254008	0.0184079	0.0764595	1.24042
1399426607802279008	0.0282624	0.0675905	1.24461
1399426607819304333	0.0335414	0.0610457	1.2484
1399426607915145859	0.0350193	0.0522786	1.25113
1399426607932191205	0.0331234	0.0412274	1.25344
1399426607948176854	0.0277618	0.0318055	1.25582
1399426608022101076	0.022526	0.0258976	1.25803
1399426608039092001	0.0188503	0.0249614	1.26006
1399426608134108717	0.0143112	0.0346294	1.26203
1399426608150059572	0.00899807	0.0533478	1.2642
1399426608166048523	0.00673925	0.0734233	1.26662
1399426608240020839	0.0087648	0.085999	1.26865
1399426608256031452	0.0129273	0.0912657	1.26999
1399426608273061560	0.017668	0.0924479	1.27059
1399426608359919341	0.0249729	0.0767599	1.26915
1399426608370994934	0.0274321	0.0608326	1.2674
1399426608444983568	0.0280383	0.0451123	1.26532
1399426608462891828	0.026142	0.0351802	1.2637
1399426608556865692	0.0216009	0.0313464	1.26292
1399426608572871345	0.0155235	0.0301525	1.26262
1399426608589847559	0.00724214	0.029928	1.26302
1399426608668419933	-0.0029442	0.0302451	1.26368
1399426608684805856	-0.0135182	0.0336071	1.26384
1399426608700793495	-0.0235646	0.0414439	1.26323
1399426608782774094	-0.0297111	0.0590337	1.25921
1399426608798721018	-0.0233578	0.0651441	1.2561
1399426608872771627	-0.0138935	0.067411	1.25238
1399426608889798956	-0.00310684	0.0605561	1.24873
1399426608989701453	0.00960352	0.0323527	1.24179
1399426609006675788	0.0136336	0.0225493	1.23911
1399426609022606645	0.0164533	0.0153665	1.23731
1399426609096883663	0.0135449	0.00963029	1.23589
1399426609112613361	0.00440473	0.00608144	1.23457
1399426609214547428	-0.00563792	0.00427234	1.23338
1399426609231520399	-0.0154559	0.00662959	1.23221
1399426609301943411	-0.0272533	0.0175634	1.23145
1399426609316512156	-0.0389738	0.0321383	1.23037
1399426609333436945	-0.0497913	0.046127	1.2291
1399426609429395079	-0.0580927	0.0556458	1.22794
1399426609446470473	-0.0582378	0.0583105	1.22669
1399426609482350953	-0.0475687	0.0517902	1.22512
1399426609499383299	-0.0326949	0.0401451	1.22281
1399426609534444298	-0.0138062	0.0133179	1.21693
1399426609624309680	-0.0110813	0.00324062	1.214
1399426609641381902	-0.0110084	-0.00282745	1.21184
1399426609657361053	-0.0113614	-0.00366919	1.21003
1399426609731271478	-0.0155803	0.00374605	1.20861
1399426609748286069	-0.0255498	0.0158692	1.20757
1399426609842300274	-0.0390989	0.0297896	1.20704
1399426609859344805	-0.0544971	0.047071	1.20709
1399426609875247722	-0.0679685	0.0644451	1.20732
1399426609949287871	-0.0747196	0.078656	1.20804
1399426609965178161	-0.0682588	0.0920775	1.21034
1399426609982141240	-0.0642182	0.0939043	1.2113
1399426610082127663	-0.0527296	0.0900719	1.21305
1399426610152052252	-0.0389478	0.0766268	1.21484
1399426610168175585	-0.0264515	0.0586774	1.21674
1399426610185170247	-0.0163341	0.0430125	1.21865
1399426610227061360	-0.00935559	0.0349578	1.22043
1399426610271100354	-0.0058086	0.0360206	1.22251
1399426610288042242	-0.00652461	0.0452674	1.22477
1399426610303984903	-0.00947365	0.0550236	1.2272
1399426610380116418	-0.0139716	0.0633868	1.2296
1399426610397003325	-0.0235032	0.0763825	1.23234
1399426610413044839	-0.0355246	0.0941598	1.23582
1399426610506003745	-0.0448843	0.111538	1.23947
1399426610522077265	-0.0484927	0.122187	1.24308
1399426610597155518	-0.0458788	0.121843	1.24611
1399426610616078896	-0.039416	0.111549	1.24839
1399426610689970307	-0.031788	0.0987443	1.24977
1399426610729849932	-0.024692	0.0897121	1.25118
1399426610800757239	-0.0139789	0.0765046	1.25207
1399426610817902072	0.00143405	0.0567886	1.25237
1399426610833780076	0.016111	0.0403398	1.25221
1399426610874711509	0.0234618	0.0371442	1.25194
1399426610891741829	0.0212567	0.0448887	1.25242
1399426610931735686	0.0107699	0.0604069	1.25356
1399426610947738523	-0.00159378	0.0777268	1.25519
1399426611020700705	-0.0123677	0.0940717	1.25664
1399426611037698857	-0.023041	0.108263	1.25771
1399426611053748936	-0.0335113	0.116027	1.25834
1399426611153614000	-0.041582	0.111641	1.25831
1399426611225584591	-0.0448903	0.0795968	1.25688
1399426611241559140	-0.0388406	0.0655329	1.25584
1399426611258585380	-0.0317225	0.0568332	1.25519
1399426611333542187	-0.0220743	0.049151	1.25462
1399426611373547273	-0.00577853	0.0397712	1.25407
1399426611444636305	0.0125037	0.0316401	1.25406
1399426611461468797	0.0235612	0.0309691	1.25482
1399426611477448075	0.0240231	0.0411691	1.25659
1399426611552497092	0.0172232	0.0583805	1.25889
1399426611592377169	0.00800106	0.0754206	1.26103
1399426611669371194	-0.000231779	0.0874946	1.26247
1399426611685382797	-0.00877575	0.0917391	1.26376
1399426611725386073	-0.0186126	0.0808024	1.2642
1399426611742338047	-0.0269505	0.0571824	1.26404
1399426611801317217	-0.0341106	0.0128414	1.26266
1399426611872294638	-0.032965	0.00520684	1.26186
1399426611889262501	-0.0261411	0.00432032	1.26142
1399426611905302687	-0.0174162	0.00438715	1.26138
1399426611948257746	-0.00973367	0.00334382	1.26149
1399426611997345389	-0.000444707	0.00455891	1.26177
1399426612014350954	0.00999169	0.0105892	1.2626
1399426612085303978	0.0171268	0.0240888	1.26399
1399426612101239664	0.0198353	0.0411789	1.26591
1399426612118226809	0.0193024	0.0568791	1.26781
1399426612193187040	0.0122381	0.0666707	1.26869
1399426612233167274	-0.00292832	0.0685779	1.26823
1399426612304179522	-0.0207416	0.0588552	1.26699
1399426612321117217	-0.0363898	0.0410428	1.26498
1399426612337175202	-0.0471225	0.0253469	1.26203
1399426612412059278	-0.0511318	0.0167387	1.25797
1399426612452008331	-0.0496446	0.0133457	1.25294
1399426612523067693	-0.0450288	0.0113156	1.24778
1399426612539979559	-0.0346094	0.00916011	1.24263
1399426612556017243	-0.0214488	0.0102867	1.23718
1399426612635966556	-0.0122027	0.017761	1.2319
1399426612651971346	-0.00909777	0.0347752	1.22725
1399426612747973636	-0.00942069	0.0554493	1.22318
1399426612765138176	-0.0110765	0.0756449	1.22003
1399426612834023461	-0.0123261	0.0921034	1.21767
1399426612850953488	-0.0161499	0.101137	1.21605
1399426612867936997	-0.0284777	0.0959886	1.21526
1399426612964877938	-0.0474202	0.0773732	1.21535
1399426612980854705	-0.062784	0.055913	1.21594
1399426613057835429	-0.0606246	0.0262635	1.21726
1399426613074820139	-0.0507374	0.0151433	1.21799
1399426613090728151	-0.0395907	0.00673766	1.21839
1399426613172761279	-0.0197467	-0.000574	1.21874
1399426613188733068	-0.00616947	0.0133901	1.2191
1399426613262736279	0.00744693	0.0383334	1.22026
1399426613279841491	0.0154392	0.070765	1.22202
1399426613374712413	0.0142186	0.102497	1.22405
1399426613391579814	0.0030402	0.1257	1.22548
1399426613407588276	-0.0130058	0.138008	1.22616
1399426613482006049	-0.0270749	0.141463	1.22671
1399426613497610473	-0.040567	0.135292	1.22788
1399426613514552447	-0.0554448	0.122992	1.22933
1399426613604550816	-0.0684083	0.106693	1.23105
1399426613623495710	-0.0753086	0.0847763	1.23363
1399426613658431919	-0.0738075	0.0611635	1.23687
1399426613675174665	-0.0618175	0.0415771	1.24002
1399426613735049229	-0.0124034	0.0264056	1.24406
1399426613810440633	0.00862791	0.0293097	1.24657
1399426613827416145	0.0196151	0.0456495	1.25012
1399426613902408229	0.0207127	0.069585	1.25458
1399426613919414848	0.00924021	0.0937903	1.25924
1399426613936338914	-0.00885284	0.113232	1.26306
1399426614036374187	-0.0220839	0.12632	1.26587
1399426614053299070	-0.0254184	0.131961	1.26794
1399426614127386384	-0.0224478	0.130932	1.26915
1399426614144354480	-0.0229712	0.118676	1.26891
1399426614160371400	-0.0297502	0.0936703	1.2676
1399426614260279497	-0.0369147	0.0664673	1.26601
1399426614330315004	-0.0348899	0.0450056	1.26426
1399426614347146158	-0.0245133	0.0314321	1.26204
1399426614363368259	-0.00964759	0.0257768	1.25987
1399426614437256432	0.00959574	0.0250399	1.25833
1399426614454256470	0.0245063	0.0240208	1.25713
1399426614544165923	0.0268393	0.0230053	1.25647
1399426614561131921	0.019032	0.0245629	1.2568
1399426614577111146	0.0083037	0.030138	1.25845
1399426614654077663	-0.0034316	0.038949	1.26164
1399426614674006553	-0.0150984	0.0473037	1.26539
1399426614767971330	-0.0251711	0.0497904	1.26929
1399426614785008498	-0.0309164	0.0434148	1.2729
1399426614801027414	-0.0330236	0.0338244	1.27584
1399426614873928109	-0.0333136	0.0220715	1.27794
1399426614890904223	-0.0323043	0.0104588	1.27964
1399426614906894839	-0.0311493	0.0030307	1.28053
1399426615007985485	-0.0256176	0.00107446	1.28084
1399426615077907572	-0.0157901	0.00358994	1.28083
1399426615093879605	-0.00414359	0.00805241	1.28017
1399426615110969910	0.00433911	0.0115627	1.2789
1399426615184994811	0.00594324	0.0127441	1.27678
1399426615224951563	0.00199136	0.0115119	1.27379
1399426615295854855	-0.000975135	0.00985844	1.27047
1399426615312783791	-0.00220599	0.00954164	1.26739
1399426615328710671	-0.00650547	0.0120279	1.26492
1399426615402681510	-0.0167853	0.0168841	1.26261
1399426615419598819	-0.0304782	0.0224935	1.26078
1399426615513660142	-0.041496	0.0241812	1.25978
1399426615529714960	-0.0500785	0.0218425	1.25973
1399426615546610128	-0.0548239	0.0170078	1.26037
1399426615587829715	-0.0545043	0.0137314	1.26133
1399426615604748970	-0.0520601	0.0154537	1.26259
1399426615648549722	-0.047025	0.0248227	1.26372
1399426615721552538	-0.0405373	0.0375701	1.26509
1399426615740627735	-0.0321784	0.0478523	1.26673
1399426615757532769	-0.0207569	0.0552127	1.2684
1399426615796569124	-0.00983118	0.0602741	1.27027
1399426615813645886	-0.00296232	0.0622129	1.27187
1399426615853560919	0.000401981	0.0613154	1.27312
1399426615869565575	0.00173049	0.0585649	1.27378
1399426615945577388	0.00106199	0.0553107	1.27354
1399426615962528626	-0.000263196	0.0522869	1.27302
1399426615978508687	-0.00631615	0.0500304	1.27256
1399426616078401533	-0.0163208	0.0491264	1.27246
1399426616149376878	-0.0277338	0.0495039	1.27252
1399426616165494867	-0.0407552	0.0527979	1.27289
1399426616182406257	-0.0524357	0.0598372	1.27341
1399426616256487159	-0.0589325	0.0683138	1.27371
1399426616273314155	-0.0574553	0.074581	1.27407
1399426616368366378	-0.0536675	0.0754571	1.27478
1399426616384343359	-0.0473114	0.0744647	1.27549
1399426616400326786	-0.0334636	0.0778063	1.27637
1399426616474218397	-0.0162672	0.0850916	1.27726
1399426616491217076	-0.000275258	0.0920049	1.27792
1399426616585227470	0.0109238	0.0950443	1.27808
1399426616602223667	0.0167973	0.0942517	1.27805
1399426616618195802	0.017737	0.0898768	1.27818
1399426616692088311	0.0174939	0.0840854	1.27819
1399426616712080148	0.0175903	0.0783315	1.27797
1399426616789106026	0.0173521	0.0734874	1.27823
1399426616829202724	0.0146385	0.0699475	1.279
1399426616900170244	0.00351581	0.0672526	1.28033
1399426616916039018	-0.0134641	0.0658926	1.28224
1399426616933273058	-0.0292652	0.0657032	1.28432
1399426617007019029	-0.0366683	0.0682093	1.28661
1399426617047044397	-0.0346013	0.0754792	1.28863
1399426617117961302	-0.0279861	0.0848825	1.29067
1399426617134973790	-0.0239893	0.0938063	1.29309
1399426617150920731	-0.0268743	0.0994296	1.29588
1399426617224909583	-0.0301797	0.0993626	1.29969
1399426617320823966	-0.0113691	0.0897283	1.30219
1399426617336846364	0.0126412	0.0703875	1.30323
1399426617353814261	0.0203433	0.0498561	1.30286
1399426617427818106	0.0150918	0.0275026	1.30091
1399426617467790670	0.00614142	0.0102208	1.29744
1399426617539722324	-0.0105824	0.00769042	1.2934
1399426617555858907	-0.0299703	0.0175007	1.28988
1399426617572782659	-0.0430798	0.0304527	1.28812
1399426617670693704	-0.0459504	0.0435497	1.28872
1399426617712739301	-0.0454788	0.0546891	1.29214
1399426617728808848	-0.0407165	0.0662991	1.297
1399426617788654573	-0.0172203	0.067683	1.30592
1399426617860255442	0.00500389	0.0497556	1.30924
1399426617876598810	0.0184189	0.033164	1.31173
1399426617892580577	0.0189671	0.0267858	1.31436
1399426617989502034	0.0087945	0.0238031	1.31672
1399426618006505665	-0.0163566	0.0199806	1.31713
1399426618077480399	-0.0444087	0.0185162	1.31624
1399426618094516499	-0.0666845	0.036775	1.31448
1399426618194546309	-0.0668115	0.0570265	1.31229
1399426618211631439	-0.0475582	0.066637	1.31082
1399426618279404251	-0.0204209	0.0622824	1.30983
1399426618297387665	0.00858349	0.0521902	1.30961
1399426618392346833	0.0153912	0.0548643	1.31105
1399426618408290880	-0.0079085	0.0630785	1.31272
1399426618493355239	-0.0393967	0.0706312	1.31365
1399426618510266144	-0.0525673	0.0734112	1.3135
1399426618620272742	-0.0427441	0.0728913	1.31299
1399426618636184640	-0.0240651	0.0721029	1.31224
1399426618712302842	-0.00488079	0.0729187	1.3113
1399426618729523606	0.0122277	0.0750492	1.3102
1399426618745217980	0.0243301	0.0764512	1.30896
1399426618820191087	0.0256113	0.0746748	1.30746
1399426618860119936	0.0140255	0.07007	1.3057
1399426618932172252	-0.00404531	0.0656481	1.30426
1399426618948105031	-0.0211825	0.0622736	1.3032
1399426618964127686	-0.0328482	0.0581378	1.30254
1399426619039140021	-0.035448	0.0566296	1.30264
1399426619135083624	-0.0282763	0.0606767	1.30311
1399426619152031365	-0.0176842	0.0680156	1.30394
1399426619168096366	-0.00963462	0.0745497	1.30465
1399426619243027269	-0.00690036	0.0786548	1.30503
1399426619258985666	-0.00879327	0.0795513	1.30501
1399426619276004766	-0.0182557	0.0756064	1.3045
1399426619376926338	-0.0320407	0.0686748	1.30328
1399426619392946654	-0.0445347	0.060345	1.30162
1399426619466958584	-0.0537392	0.0511057	1.29963
1399426619482869091	-0.0597136	0.0404193	1.29766
1399426619500039042	-0.0613102	0.0298624	1.29608
1399426619603096080	-0.0577508	0.0216176	1.29505
1399426619674712001	-0.0508186	0.0177937	1.29439
1399426619691775881	-0.0422434	0.0216359	1.29374
1399426619707730377	-0.0325744	0.0314339	1.29351
1399426619781722872	-0.0244586	0.0439028	1.29383
1399426619798725865	-0.0200054	0.0558912	1.2943
1399426619894716674	-0.0204858	0.0634514	1.29463
1399426619910695626	-0.0275277	0.0631818	1.29464
1399426619926633056	-0.0385783	0.0550143	1.29437
1399426620000734020	-0.0491922	0.0443354	1.29411
1399426620017588519	-0.0582958	0.033522	1.29383
1399426620119552364	-0.0646238	0.0255306	1.29354
1399426620135526629	-0.0646354	0.0215588	1.29346
1399426620218477547	-0.043963	0.0256317	1.29354
1399426620234459964	-0.0321895	0.0372506	1.29404
1399426620250435180	-0.0219251	0.0577843	1.29537
1399426620353460719	-0.013945	0.0785214	1.29728
1399426620428409904	-0.00923424	0.0917636	1.29899
1399426620444480904	-0.00667228	0.0965253	1.29977
1399426620461727812	-0.00929509	0.0935372	1.29991
1399426620535387538	-0.0192029	0.0818101	1.29987
1399426620575321189	-0.0327448	0.0641352	1.29987
1399426620647367301	-0.0463004	0.0444818	1.2997
1399426620666383546	-0.0567638	0.0308236	1.29944
1399426620743525982	-0.0655962	0.0265795	1.29944
1399426620760224465	-0.0732205	0.0274912	1.29947
1399426620776288298	-0.0789823	0.0273756	1.29985
1399426620893328134	-0.0757762	0.0227579	1.30206
1399426620968208233	-0.0672864	0.0250296	1.30321
1399426620985184964	-0.0540033	0.034722	1.30516
1399426621001193471	-0.0381374	0.0510298	1.30816
1399426621103066700	-0.0214212	0.0703708	1.31232
1399426621173095458	-0.00609108	0.0867888	1.31729
1399426621190014621	0.00563669	0.0961512	1.32226
1399426621206103240	0.0113613	0.0964682	1.32661
1399426621282078545	0.00991654	0.0884013	1.32988
1399426621300050099	0.00229876	0.0751781	1.33186
1399426621398132144	-0.010841	0.0564698	1.33351
1399426621415005477	-0.0275557	0.0363571	1.33526
1399426621431032137	-0.0435688	0.0222395	1.33701
1399426621563936723	-0.0556579	0.0179193	1.33808
1399426621581060439	-0.0606768	0.021118	1.33771
1399426621622895480	-0.0528936	0.0286487	1.335
1399426621639932183	-0.0478373	0.0306439	1.33363
1399426621712912058	-0.0390745	0.0332302	1.33042
1399426621729779297	-0.0314421	0.0370758	1.32697
1399426621745778905	-0.0202201	0.0491101	1.32283
1399426621820743375	-0.00656814	0.0647908	1.31812
1399426621921739794	0.00887446	0.0810175	1.31314
1399426621938753104	0.0256061	0.0953975	1.30814
1399426621955740112	0.0403813	0.103362	1.30295
1399426622031727352	0.0502712	0.104759	1.29702
1399426622048694312	0.0547968	0.101582	1.29016
1399426622146653819	0.0533137	0.0949909	1.28229
1399426622163564131	0.0442099	0.0801236	1.27344
1399426622179661755	0.028069	0.0584835	1.26415
1399426622253625957	0.0071993	0.0376015	1.25595
1399426622269700377	-0.0118202	0.0246645	1.24917
1399426622286617050	-0.028694	0.0198219	1.24319
1399426622388564210	-0.0466393	0.0171954	1.23841
1399426622462471954	-0.062882	0.0126793	1.23499
1399426622479433566	-0.0699445	0.00989566	1.2315
1399426622496531910	-0.0555856	0.015743	1.2288
1399426622593459884	-0.0254541	0.0299448	1.2269
1399426622609543916	-0.00104621	0.0462088	1.22771
1399426622681396144	0.00674712	0.0664716	1.2305
1399426622698393225	0.0105419	0.088689	1.2338
1399426622800340145	0.0217938	0.10996	1.23801
1399426622816388339	0.031817	0.119679	1.24316
1399426622889409129	0.0305175	0.117948	1.24792
1399426622907251404	0.0206794	0.0998594	1.25262
1399426623001222778	0.00611266	0.0712574	1.25736
1399426623018183082	-0.0166071	0.0493522	1.26346
1399426623034186583	-0.0553069	0.0357783	1.27065
1399426623108256846	-0.087648	0.0299714	1.279
1399426623206205307	-0.104134	0.0262916	1.28818
1399426623222132859	-0.111282	0.0195295	1.29738
1399426623238141480	-0.10048	0.0154095	1.30562
1399426623315185244	-0.0611673	0.0380999	1.31215
1399426623356147748	-0.0170339	0.072456	1.31931
1399426623431046091	0.0160368	0.0968768	1.32673
1399426623447118762	0.0319794	0.0967463	1.33187
1399426623464099119	0.0333139	0.0818694	1.33386
1399426623565047354	0.0135248	0.0504845	1.3338
1399426623642950838	-0.0306421	0.0176628	1.33391
1399426623662032255	-0.0787186	0.00599056	1.33484
1399426623678970716	-0.11588	0.0088671	1.33578
1399426623778978501	-0.13945	0.00900768	1.33731
1399426623846905501	-0.128895	0.014328	1.3384
1399426623864316385	-0.0959428	0.0326887	1.33862
1399426623880843055	-0.0588084	0.0604465	1.33919
1399426623977842547	-0.0170843	0.08579	1.34037
1399426623994743313	0.031066	0.105958	1.34237
1399426624065055490	0.0634174	0.107192	1.34342
1399426624086785527	0.0630009	0.0837123	1.34135
1399426624191745127	0.0115233	0.0496284	1.3385
1399426624207636284	-0.0599677	0.0282644	1.33798
1399426624277686553	-0.122845	0.0212678	1.33869
1399426624294736308	-0.150363	0.0187565	1.33963
1399426624389760462	-0.135215	0.0227265	1.33924
1399426624406682599	-0.0986605	0.0285328	1.33859
1399426624422596882	-0.0218235	0.0379933	1.33757
1399426624500579575	0.0537489	0.0490751	1.33605
1399426624597598264	0.0783401	0.0503018	1.33299
1399426624613627734	0.0496644	0.0414175	1.33011
1399426624630676021	-0.00447051	0.0262148	1.3281
1399426624706552683	-0.0598704	0.00956852	1.32766
1399426624723377405	-0.102811	-0.000365229	1.32873
1399426624739500032	-0.126069	-0.000637144	1.32998
1399426624840342836	-0.115894	0.00996113	1.33086
1399426624856426389	-0.0715171	0.0301147	1.33182
1399426624933369290	-0.0152843	0.0536021	1.33294
1399426624950337534	0.0407825	0.0759703	1.33427
1399426625027331189	0.0846023	0.0918502	1.33623
1399426625067198061	0.101709	0.0914449	1.3371
1399426625142191781	0.0891194	0.0837782	1.33683
1399426625158465872	0.0427498	0.0616118	1.33683
1399426625175215463	-0.0151711	0.0391045	1.33856
1399426625250266081	-0.0685141	0.024578	1.34229
1399426625267243787	-0.104759	0.0199721	1.34672
1399426625367219580	-0.119203	0.0223636	1.35081
1399426625383095260	-0.120537	0.0260785	1.35472
1399426625453244214	-0.108195	0.0326114	1.35788
1399426625469083498	-0.0657832	0.0479356	1.36091
1399426625486106117	-0.00190497	0.0715419	1.36533
1399426625585061117	0.0635936	0.0976508	1.37169
1399426625604062512	0.113512	0.118433	1.37858
1399426625675992223	0.13892	0.127697	1.38354
1399426625692027833	0.134327	0.119919	1.38544
1399426625709991063	0.11231	0.100755	1.38467
1399426625783155661	0.0829935	0.078726	1.3832
1399426625880023830	0.0394637	0.0602311	1.38209
1399426625896943920	-0.0149844	0.0497216	1.38089
1399426625913987870	-0.0720512	0.0438366	1.37931
1399426625988949261	-0.121678	0.0380825	1.37748
1399426626006943358	-0.150077	0.0319378	1.3754
1399426626104889354	-0.141247	0.0313661	1.37238
1399426626121843109	-0.096427	0.0419061	1.36825
1399426626137878173	-0.0409254	0.060981	1.3643
1399426626213815628	0.0167303	0.083274	1.36178
1399426626230147336	0.0682732	0.101872	1.35996
1399426626246823385	0.100368	0.111674	1.35732
1399426626345692592	0.106713	0.108969	1.35367
1399426626416762052	0.0930465	0.0975705	1.34957
1399426626433856877	0.0654759	0.0787316	1.34554
1399426626449828610	0.0219604	0.0560886	1.34208
1399426626526663677	-0.036776	0.036013	1.33988
1399426626566618177	-0.108557	0.0217572	1.33959
1399426626640559382	-0.172754	0.0147593	1.33959
1399426626657565271	-0.214623	0.0143928	1.33814
1399426626673557085	-0.231135	0.0164789	1.33523
1399426626752566500	-0.22884	0.01825	1.33168
1399426626769551593	-0.201408	0.0202379	1.32716
1399426626867534169	-0.130056	0.0234493	1.31991
1399426626884496985	-0.0662929	0.0322034	1.3154
1399426626956407487	0.00571252	0.0481068	1.31103
1399426626972433281	0.0692115	0.0638937	1.30765
1399426626989539227	0.113777	0.0735898	1.30509
1399426627086383371	0.137958	0.0752674	1.30262
1399426627102361769	0.143588	0.0687898	1.29901
1399426627174260481	0.126097	0.0553391	1.29562
1399426627191288350	0.0905568	0.0407422	1.29337
1399426627207350558	-0.00490042	0.0186939	1.2936
1399426627288287720	-0.195139	-0.00497625	1.30718
1399426627305282384	-0.236999	-0.00292327	1.3156
1399426627382465899	-0.252903	-0.000972776	1.3231
1399426627422412402	-0.243727	-0.00297063	1.33045
1399426627492306177	-0.186095	-0.00121143	1.33589
1399426627509387173	-0.103008	0.000191951	1.34034
1399426627526256037	-0.0270935	-0.0093094	1.34341
1399426627627238082	0.0189599	-0.0276688	1.34664
1399426627700288874	0.0288726	-0.0432571	1.34891
1399426627716318979	0.014129	-0.0443178	1.3505
1399426627733303842	-0.00928312	-0.0274947	1.35156
1399426630778832095	-0.0276658	-0.00126134	1.35093
1399426630778873483	-0.031014	0.0192741	1.34781
1399426630778909488	-0.0206339	0.0234449	1.34121
1399426630778945065	-0.00562979	0.0186524	1.33436
1399426630778989021	-0.0239626	0.0644664	1.33267
1399426630779023269	-0.0166663	0.0892721	1.31998
1399426630779058174	-0.0160042	0.0767717	1.30714
1399426630779092800	-0.021507	0.0419341	1.29345
1399426630779135490	-0.0279311	-0.00790527	1.2797
1399426630779170118	-0.0304658	-0.0621911	1.26645
1399426630779203898	-0.0254797	0.0782288	1.25844
1399426630779238560	-0.0300354	0.0806498	1.25283
1399426630779286118	-0.0308899	0.060393	1.24919
1399426630779327354	-0.0282179	0.0667543	1.24578
1399426630779361432	-0.0302863	0.0647808	1.24258
1399426630779396314	-0.0298183	0.065074	1.23957
1399426630779440568	-0.0300219	0.0660286	1.23723
1399426630779474859	-0.0303156	0.0657153	1.23458
1399426630779508933	-0.0301583	0.065747	1.23208
1399426630779543625	-0.0301281	0.0659715	1.22981
1399426630779578149	-0.0303946	0.0658983	1.22731
1399426630779613323	-0.030524	0.065869	1.22498
1399426630779655849	-0.0308013	0.065858	1.22234
1399426630779689672	-0.0308596	0.06588	1.21986
1399426630779724441	-0.0309845	0.065839	1.21789
1399426630779758498	-0.0312823	0.0656505	1.21503
1399426630779792218	-0.0314146	0.0657412	1.21276
1399426630779834841	-0.0315773	0.065652	1.21046
1399426630779868504	-0.0317957	0.0655715	1.2078
1399426630779902484	-0.0319314	0.0656093	1.20576
1399426630779936208	-0.0320964	0.0654738	1.20308
1399426630779970445	-0.0322835	0.0654997	1.20075
1399426630780004409	-0.0324359	0.0654258	1.19849
1399426630780046938	-0.0326192	0.0654373	1.19588
1399426630780094520	-0.0327881	0.0653336	1.19392
1399426630780129155	-0.0329684	0.0653767	1.19117
1399426630780162407	-0.033293	0.0652579	1.18899
1399426630780200914	-0.0333584	0.0653623	1.18655
1399426630780242482	-0.0336237	0.0652592	1.18415
1399426630780276245	-0.0336675	0.065224	1.18202
1399426630780309323	-0.0338668	0.0652891	1.17949
1399426630780342659	-0.0340562	0.065074	1.17724
1399426630780376094	-0.034179	0.0651478	1.17489
1399426630780409253	-0.0344225	0.0651293	1.17255
1399426630780434757	-0.0345184	0.0649655	1.17046
1399426630780468069	-0.0346878	0.0649887	1.1679
1399426630780502244	-0.0348946	0.0649866	1.16575
1399426630780535693	-0.0350364	0.0648931	1.16347
1399426630780569279	-0.0352043	0.0648606	1.16106
1399426630780611277	-0.035359	0.0648271	1.15905
1399426630780644710	-0.0372043	0.0650004	1.13716
1399426630780677865	-0.0388146	0.0651178	1.11777
1399426630780812904	-0.0401795	0.0644566	1.09832
1399426630780851555	-0.0412353	0.0629934	1.07897
1399426630780885298	-0.0420728	0.0615063	1.06185
1399426630780926799	-0.0430964	0.0600268	1.04226
1399426630780960322	-0.0439136	0.0585141	1.02492
1399426630781034160	-0.0452024	0.0556154	0.990233
1399426630781068160	-0.0456036	0.0542005	0.974956
1399426630781099328	-0.0461411	0.0527987	0.957462
1399426630781112105	-0.0464828	0.0513423	0.94206
