#Time	 SERVO_1	 SERVO_2	 SERVO_3	 SERVO_4
1399426560425308355	1175	1175	1175	1175
1399426560488162170	1175	1175	1175	1175
1399426560528134076	1175	1175	1175	1175
1399426560553101068	1175	1175	1175	1175
1399426560569071269	1175	1175	1175	1175
1399426560597166239	1175	1175	1175	1175
1399426560636059051	1175	1175	1175	1175
1399426560722167587	1175	1175	1175	1175
1399426560739226981	1175	1175	1175	1175
1399426560757078755	1175	1175	1175	1175
1399426560785229427	1175	1175	1175	1175
1399426560856128641	1175	1175	1175	1175
1399426560874101997	1175	1175	1175	1175
1399426560932903516	1175	1175	1175	1175
1399426560952056913	1175	1175	1175	1175
1399426561007910545	1175	1175	1175	1175
1399426561033540880	1175	1175	1175	1175
1399426561112934046	1175	1175	1175	1175
1399426561155921276	1175	1175	1175	1175
1399426561172918740	1175	1175	1175	1175
1399426561189937739	1175	1175	1175	1175
1399426561221891140	1175	1175	1175	1175
1399426561262325866	1175	1175	1175	1175
1399426561316703258	1175	1175	1175	1175
1399426561414659621	1175	1175	1175	1175
1399426561441709359	1175	1175	1175	1175
1399426561457659025	1175	1175	1175	1175
1399426561477678848	1175	1175	1175	1175
1399426561539637232	1175	1175	1175	1175
1399426561593681294	1175	1175	1175	1175
1399426561614624139	1175	1175	1175	1175
1399426561630676692	1175	1175	1175	1175
1399426561693529458	1175	1175	1175	1175
1399426561710583936	1175	1175	1175	1175
1399426561790706641	1175	1175	1175	1175
1399426561876682889	1175	1175	1175	1175
1399426561892623645	1175	1175	1175	1175
1399426561958464206	1175	1175	1175	1175
1399426561974457421	1175	1175	1175	1175
1399426561991470856	1175	1175	1175	1175
1399426562040381017	1175	1175	1175	1175
1399426562073487685	1175	1175	1175	1175
1399426562089503457	1175	1175	1175	1175
1399426562106547534	1175	1175	1175	1175
1399426562156515948	1175	1175	1175	1175
1399426562220383523	1175	1175	1175	1175
1399426562278303412	1175	1175	1175	1175
1399426562317327034	1175	1175	1175	1175
1399426562380236658	1175	1175	1175	1175
1399426562399206679	1175	1175	1175	1175
1399426562504172404	1175	1175	1175	1175
1399426562520171501	1175	1175	1175	1175
1399426562537158270	1175	1175	1175	1175
1399426562554227084	1175	1175	1175	1175
1399426562581167472	1175	1175	1175	1175
1399426562632210185	1175	1175	1175	1175
1399426562719105886	1175	1175	1175	1175
1399426562735057480	1175	1175	1175	1175
1399426562753067132	1175	1175	1175	1175
1399426562782067932	1175	1175	1175	1175
1399426562853046806	1175	1175	1175	1175
1399426562949015828	1175	1175	1175	1175
1399426563011024900	1175	1175	1175	1175
1399426563027506929	1175	1175	1175	1175
1399426563043942568	1175	1175	1175	1175
1399426563062900329	1175	1175	1175	1175
1399426563085933779	1175	1175	1175	1175
1399426563136896676	1175	1175	1175	1175
1399426563158918491	1175	1175	1175	1175
1399426563221940518	1175	1175	1175	1175
1399426563237943124	1175	1175	1175	1175
1399426563264950653	1175	1175	1175	1175
1399426563339783986	1175	1175	1175	1175
1399426563357892153	1175	1175	1175	1175
1399426563436867215	1175	1175	1175	1175
1399426563453863403	1175	1175	1175	1175
1399426563473827277	1175	1175	1175	1175
1399426563535901544	1175	1175	1175	1175
1399426563576776173	1175	1175	1175	1175
1399426563594828675	1175	1175	1175	1175
1399426563622807497	1175	1175	1175	1175
1399426563683835795	1175	1175	1175	1175
1399426563745808393	1175	1175	1175	1175
1399426563789704505	1175	1175	1175	1175
1399426563850625269	1175	1175	1175	1175
1399426563867638608	1175	1175	1175	1175
1399426563883612765	1175	1175	1175	1175
1399426563910660391	1175	1175	1175	1175
1399426563999524447	1175	1175	1175	1175
1399426564085485558	1175	1175	1175	1175
1399426564101465713	1175	1175	1175	1175
1399426564125461403	1175	1175	1175	1175
1399426564142491449	1175	1175	1175	1175
1399426564247419102	1175	1175	1175	1175
1399426564274421000	1175	1175	1175	1175
1399426564313429735	1175	1175	1175	1175
1399426564376294576	1175	1175	1175	1175
1399426564395454637	1175	1175	1175	1175
1399426564453335594	1175	1175	1175	1175
1399426564524299828	1175	1175	1175	1175
1399426564586229862	1175	1175	1175	1175
1399426564603256180	1175	1175	1175	1175
1399426564619210111	1175	1175	1175	1175
1399426564665578593	1175	1175	1175	1175
1399426564692543662	1175	1175	1175	1175
1399426564709344421	1175	1175	1175	1175
1399426564791211245	1175	1175	1175	1175
1399426564807227667	1175	1175	1175	1175
1399426564841145217	1175	1175	1175	1175
1399426564927195849	1175	1175	1175	1175
1399426564943222077	1175	1175	1175	1175
1399426564972298709	1175	1175	1175	1175
1399426564995079700	1175	1175	1175	1175
1399426565059161460	1175	1175	1175	1175
1399426565118159575	1175	1175	1175	1175
1399426565134958250	1175	1175	1175	1175
1399426565155958718	1175	1175	1175	1175
1399426565217899706	1175	1175	1175	1175
1399426565234922981	1175	1175	1175	1175
1399426565261912748	1175	1175	1175	1175
1399426565366884553	1175	1175	1175	1175
1399426565428820530	1175	1175	1175	1175
1399426565453575815	1175	1175	1175	1175
1399426565467766044	1175	1175	1175	1175
1399426565493821819	1175	1175	1175	1175
1399426565553796083	1175	1175	1175	1175
1399426565570717758	1175	1175	1175	1175
1399426565633660192	1175	1175	1175	1175
1399426565650737451	1175	1175	1175	1175
1399426565683786698	1175	1175	1175	1175
1399426565745718876	1175	1175	1175	1175
1399426565786639196	1175	1175	1175	1175
1399426565810677760	1175	1175	1175	1175
1399426565860600249	1175	1175	1175	1175
1399426565876594038	1175	1175	1175	1175
1399426565949684874	1175	1175	1175	1175
1399426565990617135	1175	1175	1175	1175
1399426566022666383	1175	1175	1175	1175
1399426566038540588	1175	1175	1175	1175
1399426566104564175	1175	1175	1175	1175
1399426566166453780	1175	1175	1175	1175
1399426566183472646	1175	1175	1175	1175
1399426566232482308	1175	1175	1175	1175
1399426566248478991	1175	1175	1175	1175
1399426566275459136	1175	1175	1175	1175
1399426566314533498	1175	1175	1175	1175
1399426566377443191	1175	1175	1175	1175
1399426566439561166	1175	1175	1175	1175
1399426566456502837	1175	1175	1175	1175
1399426566531486429	1175	1175	1175	1175
1399426566549574165	1175	1175	1175	1175
1399426566628346096	1175	1175	1175	1175
1399426566714239917	1175	1175	1175	1175
1399426566731202434	1175	1175	1175	1175
1399426566755257486	1175	1175	1175	1175
1399426566771283288	1175	1175	1175	1175
1399426566806175970	1175	1175	1175	1175
1399426566868178207	1175	1175	1175	1175
1399426566887130716	1175	1175	1175	1175
1399426566916083885	1175	1175	1175	1175
1399426567000101442	1175	1175	1175	1175
1399426567016055844	1175	1175	1175	1175
1399426567050102159	1175	1175	1175	1175
1399426567099033999	1175	1175	1175	1175
1399426567153982214	1175	1175	1175	1175
1399426567215990727	1175	1175	1175	1175
1399426567231977828	1175	1175	1175	1175
1399426567248985954	1175	1175	1175	1175
1399426567342000408	1175	1175	1175	1175
1399426567357868401	1175	1175	1175	1175
1399426567374887278	1175	1175	1175	1175
1399426567397867966	1175	1175	1175	1175
1399426567526883513	1175	1175	1175	1175
1399426567543949812	1175	1175	1175	1175
1399426567645804767	1175	1175	1175	1175
1399426567661769967	1450	1431	1454	1427
1399426567677736743	1450	1431	1455	1426
1399426567747768322	1449	1430	1457	1427
1399426567764776909	1450	1431	1457	1425
1399426567860817912	1452	1433	1454	1423
1399426567877722524	1451	1430	1459	1423
1399426567893678313	1452	1425	1467	1418
1399426567967639390	1453	1434	1459	1416
1399426567984623102	1457	1429	1457	1421
1399426568000674950	1452	1429	1460	1422
1399426568075617149	1453	1432	1459	1418
1399426568092610745	1453	1428	1459	1423
1399426568108609895	1455	1432	1454	1421
1399426568177551107	1507	1473	1505	1471
1399426568194618090	1508	1474	1508	1466
1399426568291520494	1505	1484	1499	1469
1399426568307522894	1501	1484	1496	1477
1399426568324531696	1503	1486	1489	1479
1399426568360518649	1489	1498	1476	1495
1399426568377419395	1487	1496	1478	1492
1399426568499566800	1484	1499	1467	1503
1399426568515552625	1489	1496	1482	1486
1399426568532543981	1482	1501	1476	1495
1399426568601560679	1485	1500	1426	1540
1399426568617512111	1504	1483	1472	1494
1399426568713506050	1488	1492	1502	1470
1399426568729353027	1471	1505	1501	1471
1399426568745426171	1479	1498	1489	1483
1399426568814412652	1484	1488	1480	1484
1399426568831415375	1485	1483	1462	1502
1399426568847372187	1496	1470	1453	1513
1399426568946781344	1473	1488	1468	1498
1399426568962354263	1467	1486	1488	1482
1399426569033593250	1468	1487	1489	1479
1399426569050252291	1487	1470	1442	1528
1399426569066293930	1492	1467	1480	1488
1399426569165090753	1471	1482	1481	1485
1399426569235013037	1470	1487	1490	1476
1399426569251977615	1471	1490	1491	1470
1399426569268146241	1467	1492	1484	1476
1399426569306066644	1482	1482	1477	1479
1399426569322069204	1482	1480	1469	1488
1399426569367072024	1472	1500	1482	1478
1399426569384067919	1484	1492	1478	1478
1399426569455943355	1483	1494	1452	1499
1399426569477903115	1491	1487	1467	1482
1399426569495241674	1489	1489	1468	1481
1399426569592832943	1497	1488	1459	1492
1399426569662996240	1497	1490	1469	1484
1399426569678969768	1494	1496	1476	1476
1399426569695859081	1498	1489	1480	1473
1399426569769944896	1477	1504	1473	1486
1399426569785793946	1482	1507	1501	1467
1399426569889771459	1487	1500	1487	1483
1399426569906688835	1494	1494	1481	1489
1399426569922653141	1496	1496	1485	1485
1399426569991691383	1497	1492	1472	1500
1399426570007630673	1486	1499	1473	1499
1399426570105745586	1491	1491	1482	1497
1399426570121802390	1478	1503	1490	1490
1399426570138548770	1476	1505	1495	1486
1399426570209747581	1482	1499	1489	1500
1399426570225592047	1479	1498	1490	1503
1399426570241703430	1496	1483	1501	1495
1399426570339656960	1497	1482	1499	1497
1399426570410663865	1495	1484	1492	1503
1399426570426623310	1473	1505	1490	1505
1399426570443574058	1471	1507	1483	1513
1399426570484484542	1483	1498	1486	1511
1399426570530613567	1481	1502	1494	1502
1399426570549512086	1479	1504	1498	1498
1399426570566623799	1472	1510	1488	1507
1399426570637507710	1484	1499	1491	1504
1399426570653500171	1487	1496	1489	1506
1399426570670510774	1484	1499	1496	1500
1399426570769518532	1474	1504	1504	1496
1399426570839461064	1480	1499	1504	1504
1399426570856416602	1481	1500	1507	1503
1399426570872375770	1479	1508	1500	1504
1399426570947331881	1478	1509	1506	1502
1399426570989445635	1478	1509	1505	1503
1399426571059343088	1497	1497	1499	1503
1399426571076219206	1472	1525	1489	1508
1399426571092369314	1486	1511	1489	1508
1399426571166325552	1491	1506	1491	1506
1399426571182315272	1482	1518	1495	1509
1399426571244171118	1478	1518	1503	1505
1399426571260228862	1483	1508	1489	1523
1399426571294205489	1487	1496	1517	1504
1399426571311112461	1482	1501	1515	1506
1399426571408036391	1480	1505	1511	1507
1399426571479181938	1498	1494	1526	1490
1399426571495099328	1492	1497	1507	1511
1399426571512088259	1483	1506	1495	1524
1399426571591067811	1472	1517	1496	1523
1399426571607997793	1480	1514	1511	1507
1399426571704003177	1506	1487	1507	1511
1399426571719871814	1497	1495	1474	1540
1399426571736812610	1494	1498	1488	1528
1399426571805859023	1488	1503	1501	1516
1399426571822914423	1488	1503	1499	1514
1399426571918807404	1491	1500	1519	1494
1399426571935858349	1506	1483	1517	1494
1399426571951814273	1501	1492	1508	1502
1399426572023843777	1499	1501	1492	1511
1399426572040856636	1498	1500	1518	1480
1399426572057806974	1480	1518	1504	1494
1399426572154815698	1480	1518	1491	1506
1399426572224846179	1488	1507	1488	1511
1399426572241792453	1490	1499	1488	1518
1399426572257804245	1476	1507	1487	1521
1399426572331764026	1494	1483	1491	1523
1399426572374713441	1497	1480	1495	1520
1399426572445705164	1461	1514	1447	1558
1399426572461639121	1465	1505	1488	1528
1399426572478580026	1480	1490	1516	1501
1399426572550768512	1492	1476	1514	1505
1399426572567683527	1486	1486	1509	1505
1399426572664510741	1513	1462	1514	1503
1399426572685608894	1482	1495	1516	1490
1399426572757649967	1463	1518	1481	1521
1399426572774463149	1471	1516	1501	1499
1399426572790609836	1481	1506	1474	1525
1399426572889581807	1446	1539	1477	1527
1399426572906422104	1474	1510	1488	1518
1399426572976365572	1483	1500	1504	1504
1399426572993490686	1459	1522	1465	1542
1399426573009369012	1479	1502	1489	1521
1399426573085482801	1491	1487	1498	1515
1399426573123425292	1481	1500	1477	1533
1399426573195200687	1497	1484	1502	1508
1399426573212256427	1507	1482	1500	1506
1399426573228278958	1502	1494	1507	1492
1399426573301282417	1494	1508	1497	1497
1399426573396284791	1524	1490	1485	1500
1399426573414847478	1527	1494	1502	1477
1399426573429115929	1485	1535	1467	1511
1399426573503230828	1461	1557	1472	1502
1399426573519213390	1492	1532	1474	1500
1399426573536231059	1518	1505	1495	1482
1399426573636157566	1535	1491	1502	1470
1399426573652979143	1522	1507	1490	1480
1399426573723095824	1437	1585	1457	1514
1399426573739072195	1479	1558	1445	1515
1399426573758966678	1523	1523	1449	1508
1399426573858078993	1526	1526	1441	1519
1399426573929178968	1546	1508	1474	1479
1399426573945925668	1526	1535	1458	1496
1399426573962020291	1533	1533	1474	1474
1399426574034833140	1532	1539	1481	1466
1399426574051896541	1588	1473	1496	1455
1399426574153883484	1557	1522	1464	1483
1399426574169840401	1535	1549	1444	1499
1399426574186804036	1549	1531	1473	1463
1399426574255847240	1528	1549	1459	1480
1399426574271827866	1539	1542	1444	1499
1399426574368380880	1549	1528	1461	1486
1399426574384724220	1533	1540	1484	1465
1399426574400628620	1549	1525	1472	1477
1399426574469726388	1539	1535	1467	1484
1399426574510677163	1508	1558	1434	1521
1399426574582664182	1541	1523	1470	1491
1399426574599574456	1529	1535	1439	1529
1399426574615446404	1529	1529	1480	1495
1399426574691614038	1523	1529	1477	1504
1399426574708550019	1516	1526	1489	1506
1399426574726001664	1529	1500	1497	1511
1399426574798411740	1497	1531	1486	1524
1399426574893624384	1488	1535	1491	1525
1399426574909341800	1514	1514	1503	1511
1399426574926195639	1529	1500	1506	1506
1399426574967333294	1460	1564	1528	1488
1399426575013298067	1520	1520	1498	1517
1399426575029329477	1543	1496	1476	1528
1399426575046216725	1535	1511	1499	1499
1399426575117168424	1528	1524	1497	1497
1399426575157185834	1532	1526	1498	1494
1399426575228266852	1532	1516	1488	1497
1399426575246683280	1485	1558	1491	1491
1399426575323132477	1495	1547	1481	1506
1399426575363152884	1510	1527	1462	1529
1399426575448152679	1542	1490	1481	1513
1399426575559188384	1514	1514	1501	1501
1399426575657032754	1497	1526	1486	1516
1399426575673150793	1501	1524	1489	1515
1399426575689981708	1507	1516	1496	1510
1399426575763889270	1501	1520	1502	1506
1399426575780014356	1524	1495	1502	1508
1399426575796917436	1531	1483	1492	1522
1399426575894880988	1487	1525	1476	1542
1399426575964840696	1500	1510	1495	1528
1399426575981785488	1517	1487	1513	1517
1399426575997901852	1511	1492	1516	1514
1399426576071930425	1504	1504	1513	1513
1399426576113861731	1511	1492	1505	1524
1399426576183704285	1497	1511	1503	1522
1399426576200653347	1491	1519	1507	1516
1399426576217656466	1490	1524	1509	1509
1399426576290682541	1514	1503	1503	1514
1399426576307659485	1540	1479	1499	1514
1399426576404619936	1534	1486	1484	1520
1399426576420619936	1534	1490	1492	1507
1399426576437617944	1543	1485	1499	1499
1399426576508646562	1526	1505	1489	1508
1399426576530609135	1511	1514	1495	1509
1399426576595558554	1533	1489	1502	1504
1399426576627542506	1514	1509	1486	1511
1399426576643563007	1514	1514	1481	1517
1399426576720214994	1519	1506	1483	1517
1399426576734559659	1508	1513	1499	1505
1399426576832269348	1524	1497	1504	1500
1399426576848455046	1527	1494	1502	1502
1399426576864459822	1508	1517	1492	1507
1399426576936421667	1517	1513	1492	1503
1399426576952540355	1542	1490	1507	1490
1399426577050581289	1548	1483	1509	1488
1399426577066423883	1531	1504	1489	1508
1399426577102508851	1531	1511	1484	1520
1399426577118416204	1518	1518	1483	1527
1399426577153452072	1518	1507	1483	1540
1399426577254475168	1524	1501	1501	1524
1399426577271383830	1513	1508	1509	1520
1399426577287497733	1528	1490	1511	1520
1399426577320358716	1529	1489	1504	1527
1399426577337423727	1522	1501	1516	1516
1399426577381224614	1513	1508	1507	1526
1399426577397307321	1533	1481	1520	1520
1399426577474242583	1520	1486	1506	1540
1399426577490240259	1510	1491	1506	1543
1399426577529268905	1519	1487	1519	1536
1399426577546175172	1522	1488	1524	1528
1399426577591123044	1519	1496	1523	1525
1399426577607116568	1510	1510	1498	1544
1399426577753056022	1521	1502	1519	1525
1399426577774020442	1525	1504	1522	1516
1399426577791001568	1525	1508	1519	1510
1399426577858051254	1528	1514	1499	1522
1399426577874923401	1523	1523	1500	1508
1399426577904947215	1539	1516	1487	1510
1399426577921898056	1535	1522	1489	1506
1399426578003908218	1523	1533	1494	1504
1399426578074878853	1519	1535	1490	1509
1399426578090843125	1520	1526	1470	1529
1399426578115841316	1523	1513	1490	1516
1399426578206886889	1536	1494	1502	1508
1399426578249810571	1540	1487	1511	1501
1399426578319749937	1548	1479	1523	1491
1399426578337468641	1533	1496	1508	1508
1399426578353789334	1529	1498	1498	1521
1399426578427785309	1534	1486	1519	1506
1399426578449720145	1514	1499	1506	1527
1399426578511757764	1505	1505	1496	1538
1399426578544674358	1502	1510	1490	1534
1399426578560619504	1510	1506	1497	1524
1399426578641696032	1518	1507	1502	1510
1399426578682564991	1527	1513	1501	1497
1399426578752560777	1533	1515	1507	1482
1399426578769668711	1528	1528	1502	1479
1399426578785560452	1543	1517	1508	1466
1399426578860004145	1534	1531	1487	1481
1399426578875534806	1527	1538	1461	1505
1399426578972565756	1523	1548	1464	1498
1399426578989412960	1529	1543	1455	1506
1399426579061484389	1537	1537	1467	1492
1399426579077426584	1537	1534	1474	1485
1399426579093432706	1544	1522	1488	1476
1399426579196451753	1535	1536	1457	1503
1399426579212436003	1518	1549	1459	1503
1399426579283356181	1517	1549	1458	1504
1399426579299371573	1520	1542	1460	1504
1399426579316475905	1535	1531	1494	1472
1399426579389312481	1533	1536	1481	1481
1399426579430342463	1521	1546	1478	1484
1399426579501240798	1535	1533	1469	1495
1399426579523240847	1532	1531	1476	1495
1399426579563228076	1522	1537	1473	1499
1399426579579247015	1526	1534	1477	1496
1399426579624250934	1541	1515	1464	1515
1399426579640230606	1540	1515	1470	1510
1399426579713230116	1542	1509	1478	1505
1399426579730200353	1545	1505	1471	1516
1399426579746123231	1544	1511	1481	1502
1399426579787152491	1542	1516	1484	1492
1399426579843120799	1531	1533	1491	1489
1399426579860029493	1537	1531	1500	1481
1399426579938051033	1541	1529	1480	1497
1399426579954075724	1545	1524	1453	1519
1399426580056005444	1531	1539	1450	1524
1399426580071948126	1535	1532	1462	1515
1399426580141926127	1541	1523	1479	1500
1399426580158938709	1563	1495	1464	1519
1399426580174864362	1554	1502	1489	1498
1399426580216925740	1545	1516	1494	1496
1399426580272992275	1535	1526	1477	1515
1399426580289822550	1546	1510	1481	1513
1399426580363800041	1540	1513	1478	1522
1399426580379837111	1523	1523	1481	1527
1399426580483749275	1514	1526	1507	1507
1399426580499777877	1496	1541	1507	1507
1399426580570698690	1489	1544	1473	1540
1399426580586715817	1522	1520	1487	1525
1399426580603725374	1543	1496	1499	1514
1399426580677687044	1544	1495	1514	1499
1399426580717617895	1540	1499	1511	1501
1399426580789592202	1527	1513	1495	1520
1399426580805735517	1534	1501	1509	1509
1399426580822638984	1515	1517	1497	1526
1399426580895620868	1511	1520	1498	1525
1399426580991601686	1508	1517	1500	1525
1399426581007548365	1532	1488	1492	1535
1399426581024455719	1488	1520	1481	1554
1399426581097482339	1510	1491	1504	1541
1399426581114531847	1509	1484	1514	1540
1399426581130558096	1513	1477	1526	1534
1399426581231525352	1503	1484	1525	1536
1399426581247492178	1515	1472	1526	1539
1399426581318401706	1513	1477	1520	1542
1399426581335321520	1507	1484	1504	1553
1399426581351435248	1515	1481	1525	1543
1399426581448341046	1503	1490	1529	1541
1399426581465364299	1466	1523	1529	1541
1399426581535345951	1470	1525	1518	1552
1399426581558334644	1502	1494	1521	1549
1399426581630367446	1507	1486	1522	1547
1399426581647272790	1510	1487	1510	1549
1399426581714334685	1526	1476	1514	1544
1399426581731318338	1538	1468	1525	1533
1399426581761863191	1523	1494	1509	1542
1399426581777201290	1542	1469	1510	1543
1399426581875180505	1523	1494	1505	1545
1399426581892189426	1526	1486	1506	1544
1399426581963085851	1503	1507	1516	1539
1399426581980120996	1506	1504	1520	1535
1399426581996124428	1518	1499	1515	1535
1399426582059154590	1526	1492	1513	1535
1399426582101115446	1508	1517	1504	1536
1399426582172116708	1487	1538	1492	1540
1399426582189054264	1522	1505	1501	1534
1399426582205155482	1531	1498	1513	1529
1399426582278032566	1528	1503	1518	1522
1399426582318993665	1515	1519	1517	1521
1399426582390953117	1523	1513	1513	1523
1399426582408075679	1513	1525	1520	1514
1399426582423892058	1513	1527	1528	1503
1399426582496908645	1561	1474	1541	1487
1399426582514033940	1544	1499	1504	1525
1399426582585874362	1535	1510	1485	1541
1399426582616836909	1533	1510	1503	1528
1399426582633774195	1528	1516	1491	1538
1399426582707868024	1541	1498	1517	1517
1399426582748846989	1544	1492	1524	1511
1399426582814723620	1537	1499	1511	1526
1399426582832355962	1524	1514	1510	1527
1399426582847737922	1519	1517	1503	1535
1399426582920745605	1524	1509	1521	1521
1399426582937756684	1520	1511	1526	1518
1399426583034697590	1531	1498	1536	1504
1399426583051614751	1518	1507	1504	1540
1399426583067669701	1508	1508	1494	1551
1399426583138673560	1497	1511	1515	1544
1399426583155563085	1503	1495	1531	1540
1399426583236584770	1468	1521	1507	1558
1399426583252546160	1494	1494	1505	1565
1399426583269537544	1505	1478	1528	1550
1399426583354554067	1503	1484	1540	1535
1399426583371486744	1503	1495	1538	1529
1399426583468534384	1505	1501	1533	1531
1399426583484490635	1501	1514	1519	1536
1399426583559517973	1531	1490	1541	1502
1399426583578436989	1513	1508	1532	1501
1399426583595508606	1497	1531	1497	1531
1399426583656362690	1485	1541	1501	1520
1399426583689376111	1521	1506	1508	1515
1399426583705387037	1490	1534	1476	1535
1399426583780390835	1509	1518	1496	1515
1399426583796323594	1511	1518	1469	1534
1399426583894331871	1521	1515	1496	1502
1399426583911668021	1522	1514	1491	1506
1399426583982315790	1511	1522	1495	1505
1399426583998230226	1529	1500	1516	1484
1399426584014317265	1510	1519	1485	1515
1399426584114248293	1516	1511	1497	1501
1399426584130257240	1516	1511	1486	1511
1399426584201243952	1528	1499	1487	1510
1399426584218126850	1521	1506	1484	1518
1399426584234280644	1517	1510	1488	1514
1399426584308301929	1503	1522	1471	1535
1399426584349089505	1519	1500	1488	1522
1399426584384146165	1531	1484	1519	1496
1399426584400093151	1541	1472	1520	1501
1399426584421094785	1529	1489	1533	1489
1399426584437111455	1525	1496	1532	1488
1399426584536067181	1526	1503	1511	1501
1399426584555074336	1520	1516	1473	1532
1399426584629078850	1529	1504	1491	1517
1399426584644994244	1531	1497	1498	1513
1399426584661987919	1531	1492	1513	1502
1399426584699920446	1523	1500	1529	1489
1399426584756957585	1487	1536	1447	1558
1399426584773124742	1507	1520	1483	1531
1399426584849019379	1513	1513	1521	1496
1399426584866041493	1515	1513	1529	1485
1399426584963016194	1511	1520	1522	1488
1399426584980325847	1511	1526	1502	1502
1399426585049755903	1540	1509	1535	1452
1399426585066773409	1538	1525	1468	1508
1399426585082811900	1539	1535	1454	1509
1399426585123718259	1540	1540	1466	1491
1399426585170713330	1535	1548	1477	1477
1399426585186673159	1528	1560	1427	1522
1399426585202667284	1536	1556	1454	1490
1399426585271693229	1553	1541	1464	1479
1399426585288658379	1559	1536	1442	1499
1399426585387601606	1571	1518	1461	1484
1399426585404578628	1564	1527	1491	1453
1399426585420591567	1559	1529	1486	1463
1399426585492556158	1558	1526	1480	1473
1399426585514559171	1561	1525	1479	1481
1399426585586699473	1569	1517	1495	1476
1399426585629637662	1538	1549	1471	1497
1399426585699537462	1531	1562	1472	1496
1399426585716452583	1541	1553	1462	1506
1399426585732479918	1558	1535	1469	1499
1399426585805484709	1553	1539	1470	1504
1399426585846444761	1558	1531	1486	1492
1399426585917291273	1531	1550	1470	1519
1399426585934306076	1538	1538	1496	1500
1399426585950323961	1537	1535	1511	1488
1399426586023413559	1543	1527	1522	1488
1399426586040393937	1538	1531	1502	1510
1399426586136240997	1553	1508	1515	1498
1399426586153256753	1536	1531	1503	1507
1399426586224950208	1524	1542	1481	1529
1399426586240265918	1510	1551	1490	1522
1399426586257234182	1507	1550	1500	1513
1399426586357178317	1529	1529	1510	1506
1399426586374165262	1504	1541	1463	1557
1399426586444086549	1535	1507	1496	1535
1399426586460115719	1535	1507	1504	1527
1399426586477076671	1547	1492	1528	1503
1399426586518053046	1551	1487	1522	1509
1399426586581024406	1543	1494	1483	1551
1399426586619797095	1526	1509	1488	1550
1399426586636188296	1576	1436	1544	1503
1399426586696050576	1510	1519	1510	1535
1399426586765901495	1498	1535	1506	1535
1399426586787968923	1509	1531	1494	1540
1399426586804959195	1519	1517	1504	1527
1399426586878884279	1527	1510	1506	1523
1399426586895943288	1529	1517	1488	1532
1399426586992872106	1484	1553	1469	1545
1399426587009864023	1527	1519	1498	1510
1399426587044896562	1559	1483	1519	1485
1399426587061769442	1564	1479	1514	1488
1399426587081811739	1556	1494	1497	1501
1399426587123748627	1537	1520	1483	1517
1399426587194750736	1576	1469	1497	1511
1399426587210720861	1531	1527	1482	1526
1399426587226975735	1499	1549	1485	1525
1399426587301715900	1500	1544	1495	1520
1399426587318758049	1521	1521	1508	1513
1399426587415758256	1505	1531	1503	1528
1399426587432732274	1534	1492	1518	1522
1399426587448659941	1519	1502	1517	1533
1399426587520634719	1520	1499	1528	1528
1399426587542632993	1522	1490	1540	1520
1399426587607659612	1531	1480	1556	1506
1399426587638569010	1495	1516	1524	1542
1399426587655611980	1529	1485	1534	1534
1399426587731568063	1505	1509	1529	1535
1399426587750147734	1484	1531	1529	1531
1399426587845517764	1486	1528	1523	1536
1399426587861465545	1511	1507	1526	1531
1399426587878495551	1496	1521	1515	1541
1399426587949545584	1514	1505	1536	1519
1399426587966428036	1520	1499	1540	1514
1399426588062512607	1503	1520	1527	1525
1399426588079522140	1520	1509	1524	1522
1399426588150466400	1535	1492	1539	1497
1399426588167442317	1524	1511	1531	1505
1399426588183398955	1521	1519	1515	1517
1399426588256345176	1543	1496	1527	1502
1399426588298301991	1534	1509	1503	1524
1399426588369328823	1520	1524	1489	1536
1399426588386389709	1513	1531	1494	1533
1399426588402424914	1515	1527	1507	1522
1399426588478404241	1483	1548	1485	1543
1399426588519384941	1513	1523	1518	1514
1399426588590330098	1533	1500	1522	1511
1399426588613229541	1519	1515	1510	1523
1399426588686418141	1541	1485	1507	1531
1399426588701270656	1549	1473	1511	1528
1399426588718382980	1528	1499	1526	1518
1399426588785281774	1514	1509	1526	1526
1399426588816372413	1545	1467	1535	1522
1399426588833428470	1524	1495	1511	1542
1399426588908134192	1524	1497	1497	1549
1399426588950548819	1511	1507	1514	1537
1399426589020095081	1504	1515	1534	1518
1399426589036060849	1508	1513	1527	1523
1399426589052193800	1518	1505	1521	1527
1399426589126103757	1501	1531	1489	1546
1399426589143012994	1470	1558	1490	1542
1399426589239957549	1528	1507	1518	1518
1399426589256856188	1547	1482	1524	1505
1399426589327859761	1553	1480	1526	1497
1399426589343976532	1540	1508	1514	1503
1399426589360996017	1594	1441	1549	1464
1399426589460151632	1538	1523	1510	1502
1399426589476924348	1523	1538	1489	1519
1399426589545888364	1511	1542	1476	1534
1399426589562857440	1513	1538	1489	1525
1399426589578904810	1525	1525	1502	1515
1399426589658809139	1522	1522	1506	1513
1399426589719870557	1528	1514	1503	1518
1399426589735800289	1471	1563	1462	1554
1399426589770895483	1484	1553	1495	1524
1399426589789954322	1520	1528	1511	1503
1399426589890847821	1535	1510	1521	1496
1399426589906786121	1553	1489	1544	1471
1399426589970849064	1527	1523	1510	1506
1399426589987595780	1513	1538	1487	1527
1399426590004680476	1558	1485	1521	1487
1399426590045813738	1534	1516	1499	1509
1399426590091669098	1508	1540	1483	1525
1399426590107658645	1502	1541	1471	1535
1399426590123765604	1501	1540	1488	1522
1399426590194779103	1519	1523	1503	1509
1399426590210858760	1526	1518	1499	1511
1399426590308589317	1518	1526	1501	1509
1399426590324510903	1499	1540	1494	1519
1399426590341406525	1486	1552	1488	1522
1399426590412639676	1494	1548	1487	1521
1399426590428545019	1454	1580	1447	1553
1399426590445617485	1547	1501	1495	1507
1399426590543494260	1581	1460	1544	1452
1399426590611428754	1572	1472	1531	1466
1399426590642527817	1548	1510	1504	1491
1399426590658374704	1606	1429	1539	1461
1399426590728693819	1541	1513	1488	1514
1399426590768305363	1505	1547	1472	1525
1399426590840244345	1496	1554	1482	1516
1399426590856209019	1509	1544	1503	1495
1399426590873206981	1548	1502	1498	1498
1399426590946302094	1549	1499	1506	1491
1399426590962187984	1533	1519	1495	1503
1399426591060218679	1411	1617	1442	1550
1399426591076137462	1488	1558	1483	1513
1399426591147139379	1538	1521	1517	1472
1399426591164109894	1542	1520	1523	1462
1399426591180132375	1560	1503	1506	1477
1399426591244044396	1562	1514	1497	1482
1399426591275997045	1534	1557	1444	1520
1399426591292007417	1571	1529	1447	1517
1399426591366893582	1525	1572	1451	1515
1399426591383928748	1508	1582	1452	1514
1399426591480087224	1509	1581	1483	1483
1399426591496897847	1525	1566	1509	1461
1399426591512939308	1526	1562	1502	1477
1399426591584875133	1545	1542	1492	1488
1399426591601867687	1551	1535	1485	1498
1399426591672841837	1501	1573	1465	1524
1399426591704901537	1488	1580	1535	1458
1399426591720851696	1587	1483	1576	1400
1399426591795792098	1566	1515	1506	1483
1399426591811775381	1535	1544	1464	1531
1399426591908799616	1547	1524	1477	1531
1399426591925761141	1517	1544	1487	1527
1399426591941671767	1504	1548	1498	1525
1399426592013618133	1510	1538	1505	1524
1399426592030678786	1529	1519	1507	1524
1399426592136603213	1558	1471	1441	1582
1399426592153684880	1537	1499	1492	1542
1399426592221642366	1478	1560	1466	1559
1399426592239208172	1499	1542	1514	1518
1399426592254611384	1521	1525	1535	1492
1399426592329684826	1520	1531	1531	1494
1399426592369751199	1552	1497	1505	1516
1399426592441487729	1558	1494	1490	1531
1399426592457504032	1545	1511	1552	1461
1399426592474438367	1535	1527	1510	1510
1399426592548440352	1569	1483	1524	1492
1399426592644803538	1544	1518	1489	1525
1399426592659663192	1525	1538	1480	1534
1399426592676515478	1540	1523	1458	1548
1399426592756350701	1520	1542	1496	1515
1399426592772310609	1508	1553	1517	1491
1399426592789302828	1523	1541	1464	1538
1399426592853391804	1524	1545	1491	1506
1399426592886324141	1511	1557	1509	1486
1399426592902272601	1549	1529	1503	1484
1399426592971287017	1537	1542	1498	1485
1399426593012300413	1564	1515	1491	1487
1399426593083161986	1571	1511	1481	1496
1399426593100177716	1567	1523	1497	1478
1399426593116171310	1546	1543	1458	1521
1399426593157300363	1554	1529	1486	1503
1399426593197172479	1537	1537	1489	1508
1399426593214141901	1534	1537	1505	1497
1399426593286155826	1569	1491	1466	1543
1399426593303094456	1531	1538	1516	1497
1399426593405039894	1513	1551	1524	1490
1399426593421221586	1539	1526	1506	1510
1399426593436997922	1484	1567	1535	1487
1399426593512055777	1558	1497	1492	1528
1399426593604953110	1565	1488	1513	1508
1399426593622038402	1553	1508	1464	1554
1399426593637973087	1525	1531	1473	1552
1399426593713031784	1583	1448	1458	1576
1399426593754964579	1531	1507	1549	1500
1399426593825837050	1506	1531	1531	1531
1399426593842845442	1529	1504	1543	1521
1399426593924874075	1508	1531	1577	1479
1399426593966901309	1543	1489	1518	1553
1399426594037948551	1540	1485	1484	1583
1399426594054850379	1536	1487	1464	1600
1399426594138867827	1507	1511	1558	1525
1399426594178711005	1531	1482	1549	1540
1399426594255629269	1521	1496	1543	1543
1399426594317702453	1494	1533	1554	1521
1399426594562519375	1535	1489	1511	1557
1399426594579516393	1506	1515	1509	1555
1399426594595505799	1533	1489	1497	1560
1399426594668540361	1519	1508	1544	1508
1399426594710481061	1519	1515	1529	1521
1399426594781496041	1514	1531	1571	1457
1399426594798441563	1532	1514	1498	1535
1399426594881403075	1523	1523	1496	1529
1399426594923330805	1523	1523	1513	1513
1399426594992454944	1531	1513	1523	1504
1399426595009455101	1545	1488	1464	1558
1399426595094435237	1524	1509	1502	1527
1399426595134291767	1521	1506	1536	1489
1399426595192352939	1510	1519	1528	1497
1399426595314218752	1520	1520	1494	1521
1399426595331127654	1525	1521	1488	1520
1399426595398140017	1515	1538	1502	1506
1399426595523083649	1517	1544	1500	1502
1399426595539071052	1525	1541	1498	1500
1399426595556035218	1533	1538	1492	1501
1399426595630090790	1543	1536	1470	1521
1399426595672095457	1544	1537	1501	1488
1399426595741967403	1549	1537	1525	1462
1399426595758994713	1554	1540	1515	1470
1399426595774925107	1549	1547	1492	1490
1399426595815904302	1555	1544	1489	1494
1399426595872943206	1537	1552	1502	1494
1399426595888856882	1537	1550	1503	1495
1399426595962880120	1535	1551	1500	1500
1399426595979940398	1542	1544	1501	1499
1399426596023834246	1534	1550	1484	1526
1399426596069756541	1545	1534	1504	1513
1399426596087085232	1550	1528	1515	1506
1399426596164818194	1555	1520	1511	1511
1399426596181681139	1559	1517	1506	1515
1399426596197684696	1548	1529	1510	1513
1399426596268696820	1537	1540	1511	1516
1399426596284668062	1570	1495	1523	1506
1399426596374650603	1536	1531	1514	1518
1399426596394600781	1516	1547	1509	1524
1399426596413628272	1513	1548	1511	1524
1399426596454571930	1519	1543	1508	1527
1399426596510610725	1566	1483	1527	1515
1399426596600621995	1559	1491	1517	1525
1399426596616502349	1543	1510	1510	1536
1399426596661481911	1549	1489	1528	1532
1399426596775424400	1527	1508	1528	1535
1399426596792383680	1543	1481	1529	1535
1399426596814418027	1529	1500	1525	1536
1399426596830461158	1522	1507	1516	1544
1399426596847412504	1505	1520	1519	1544
1399426596888352462	1511	1505	1536	1536
1399426596928451372	1522	1492	1540	1534
1399426597017402771	1531	1484	1535	1539
1399426597034382832	1522	1495	1534	1539
1399426597052379307	1523	1494	1535	1537
1399426597091526484	1524	1495	1525	1544
1399426597146391567	1498	1521	1525	1544
1399426597166357521	1492	1528	1523	1544
1399426597243322981	1502	1517	1524	1545
1399426597260325680	1524	1495	1523	1546
1399426597286330409	1509	1509	1513	1561
1399426597315184807	1537	1473	1529	1553
1399426597369187165	1536	1472	1532	1555
1399426597455153966	1520	1488	1535	1554
1399426597471189679	1509	1503	1535	1551
1399426597488125898	1547	1465	1535	1547
1399426597561202633	1517	1504	1527	1551
1399426597601987318	1498	1523	1531	1549
1399426597673174134	1500	1519	1528	1549
1399426597690227937	1514	1503	1526	1552
1399426597705955635	1482	1526	1523	1554
1399426597779913770	1511	1490	1535	1549
1399426597797003724	1520	1476	1542	1547
1399426597893968594	1503	1488	1549	1543
1399426597909890784	1503	1495	1549	1538
1399426597982160923	1496	1513	1534	1545
1399426597997897115	1521	1498	1534	1537
1399426598013894431	1523	1500	1519	1546
1399426598111928511	1517	1525	1504	1549
1399426598127913574	1505	1539	1485	1561
1399426598202763703	1533	1517	1500	1546
1399426598219770028	1553	1502	1505	1534
1399426598315759887	1568	1495	1505	1531
1399426598332698160	1561	1510	1534	1495
1399426598348700293	1559	1527	1548	1466
1399426598420696501	1563	1532	1531	1478
1399426598442628587	1558	1546	1492	1505
1399426598508568956	1571	1537	1515	1472
1399426598539628942	1570	1540	1481	1504
1399426598556603050	1565	1545	1485	1500
1399426598633536228	1574	1531	1498	1489
1399426598650655573	1558	1543	1468	1525
1399426598747523569	1563	1534	1509	1492
1399426598763595462	1560	1534	1516	1490
1399426598835540198	1580	1509	1531	1480
1399426598852494791	1570	1514	1515	1500
1399426598868390303	1549	1533	1498	1523
1399426598967419971	1541	1535	1515	1515
1399426598984355088	1527	1541	1498	1535
1399426599054392066	1523	1540	1489	1546
1399426599070429981	1535	1523	1507	1540
1399426599086413853	1554	1496	1532	1520
1399426599161365229	1544	1513	1523	1529
1399426599202251918	1548	1508	1537	1514
1399426599273167172	1538	1519	1540	1513
1399426599289218326	1535	1528	1531	1517
1399426599306286471	1532	1532	1524	1524
1399426599380153507	1571	1483	1565	1473
1399426599475161145	1542	1526	1529	1513
1399426599494167253	1525	1548	1501	1534
1399426599514076579	1520	1552	1496	1538
1399426599553146540	1513	1556	1509	1528
1399426599570068855	1533	1541	1523	1513
1399426599593076973	1507	1560	1499	1537
1399426599688043304	1536	1536	1521	1517
1399426599703995777	1544	1533	1520	1511
1399426599720979390	1540	1540	1524	1503
1399426599795082397	1532	1552	1521	1502
1399426599812061103	1553	1534	1544	1467
1399426599913988073	1538	1553	1478	1532
1399426599930951889	1535	1554	1461	1547
1399426599946998788	1543	1540	1477	1538
1399426600015870944	1549	1529	1498	1523
1399426600031887218	1537	1537	1514	1514
1399426600048840159	1531	1540	1498	1533
1399426600146927099	1544	1519	1528	1509
1399426600163840508	1548	1513	1502	1536
1399426600234861488	1550	1505	1520	1524
1399426600250872453	1552	1501	1529	1517
1399426600267704136	1574	1468	1597	1439
1399426600364718969	1535	1517	1549	1503
1399426600435668264	1525	1523	1529	1527
1399426600451610490	1519	1523	1515	1544
1399426600468651096	1525	1510	1514	1547
1399426600544651362	1522	1507	1509	1549
1399426600564593280	1501	1526	1491	1564
1399426600659646676	1518	1499	1533	1540
1399426600676537603	1489	1517	1503	1568
1399426600692566658	1507	1495	1550	1531
1399426600760607205	1526	1471	1548	1533
1399426600777436844	1522	1480	1552	1528
1399426600874523089	1514	1497	1545	1532
1399426600890445532	1571	1433	1594	1463
1399426600907465496	1532	1488	1533	1536
1399426600977469584	1508	1508	1495	1570
1399426600994399250	1506	1502	1508	1559
1399426601010392694	1494	1510	1500	1569
1399426601109454912	1495	1499	1510	1562
1399426601180433182	1492	1497	1531	1549
1399426601196414584	1503	1484	1535	1548
1399426601213412874	1488	1503	1482	1583
1399426601287350341	1511	1478	1526	1550
1399426601329353602	1524	1469	1543	1531
1399426601398208298	1486	1511	1455	1595
1399426601421216578	1501	1501	1507	1552
1399426601438141191	1511	1495	1537	1522
1399426601512154945	1549	1457	1579	1472
1399426601528223046	1528	1486	1547	1509
1399426601626157320	1513	1506	1514	1540
1399426601643153116	1513	1513	1497	1549
1399426601720114823	1517	1508	1505	1542
1399426601737224030	1538	1487	1553	1484
1399426601753163976	1524	1501	1524	1522
1399426601850009036	1504	1519	1500	1541
1399426601865972682	1501	1518	1485	1553
1399426601937004525	1509	1505	1495	1549
1399426601953060638	1499	1509	1497	1545
1399426601969962634	1499	1505	1527	1523
1399426602045039617	1468	1535	1444	1590
1399426602137856097	1500	1506	1496	1548
1399426602154877729	1515	1491	1531	1517
1399426602170821834	1515	1491	1510	1533
1399426602244892173	1525	1491	1515	1515
1399426602260903583	1524	1499	1488	1534
1399426602361869950	1552	1478	1531	1480
1399426602378716317	1535	1508	1500	1506
1399426602394702874	1519	1525	1476	1526
1399426602458704217	1527	1525	1498	1500
1399426602474799804	1539	1516	1467	1526
1399426602490882379	1542	1511	1454	1537
1399426602590619368	1536	1519	1459	1537
1399426602606595230	1533	1523	1472	1525
1399426602677675926	1558	1502	1468	1531
1399426602693611297	1554	1506	1499	1501
1399426602710592514	1546	1517	1509	1490
1399426602811498273	1536	1531	1482	1524
1399426602884500649	1535	1529	1499	1511
1399426602900431290	1507	1550	1488	1528
1399426602917438795	1538	1519	1500	1521
1399426602990490193	1548	1506	1516	1505
1399426603007404512	1550	1505	1533	1489
1399426603111381993	1548	1508	1524	1499
1399426603127389887	1556	1504	1562	1445
1399426603143474398	1557	1509	1558	1452
1399426603218348820	1545	1524	1468	1543
1399426603313360503	1551	1510	1476	1539
1399426603330302408	1537	1524	1503	1518
1399426603346271532	1538	1519	1518	1511
1399426603387272214	1547	1507	1517	1513
1399426603433256422	1544	1510	1513	1517
1399426603449193446	1558	1500	1484	1540
1399426603466281387	1540	1531	1509	1509
1399426603534232281	1536	1546	1508	1508
1399426603575190014	1543	1544	1509	1501
1399426603652083149	1541	1549	1496	1510
1399426603669160187	1544	1551	1540	1453
1399426603707095388	1568	1528	1497	1497
1399426603754147133	1567	1524	1538	1451
1399426603770161519	1557	1531	1501	1497
1399426603787059442	1584	1485	1443	1551
1399426603855093571	1545	1524	1479	1531
1399426603896111950	1538	1521	1504	1519
1399426603966946680	1554	1487	1490	1542
1399426603983231636	1535	1513	1507	1535
1399426603999899972	1436	1587	1539	1511
1399426604098905235	1510	1527	1541	1510
1399426604169886117	1546	1487	1534	1520
1399426604185853497	1543	1491	1509	1542
1399426604275784455	1561	1474	1525	1531
1399426604318831586	1521	1521	1525	1533
1399426604352762341	1507	1534	1511	1544
1399426604380791975	1540	1502	1540	1514
1399426604487772954	1544	1503	1526	1524
1399426604504669000	1534	1520	1521	1525
1399426604608629283	1534	1526	1531	1513
1399426604625631788	1535	1525	1523	1521
1399426604641567901	1545	1514	1514	1532
1399426604712570265	1541	1519	1497	1549
1399426604729646019	1540	1515	1514	1540
1399426604819594015	1535	1516	1527	1533
1399426604836596518	1538	1513	1536	1523
1399426604852648204	1538	1510	1533	1529
1399426604920661053	1528	1524	1534	1526
1399426604937575797	1521	1535	1531	1526
1399426604953524274	1519	1540	1548	1500
1399426605051398445	1524	1540	1526	1524
1399426605068373794	1545	1516	1511	1539
1399426605103432227	1549	1504	1500	1553
1399426605119458908	1554	1491	1517	1544
1399426605143400499	1546	1496	1520	1547
1399426605259331114	1536	1506	1527	1543
1399426605276347795	1534	1505	1526	1547
1399426605346330220	1566	1462	1511	1560
1399426605362396376	1540	1496	1517	1559
1399426605379376432	1521	1515	1515	1562
1399426605426418054	1522	1514	1513	1564
1399426605468332354	1531	1502	1528	1553
1399426605485229691	1524	1509	1517	1562
1399426605555248191	1514	1516	1523	1561
1399426605572206794	1526	1497	1538	1553
1399426605588267971	1538	1474	1544	1553
1399426605689160851	1534	1476	1546	1554
1399426605705205407	1529	1474	1547	1558
1399426605776120605	1522	1478	1546	1559
1399426605792084341	1497	1501	1540	1567
1399426605809148931	1496	1502	1538	1569
1399426605883038209	1525	1468	1535	1572
1399426605923148018	1526	1461	1544	1568
1399426605999022625	1519	1466	1548	1566
1399426606016024911	1513	1472	1547	1567
1399426606091954005	1505	1482	1555	1557
1399426606108125781	1491	1500	1540	1571
1399426606209947607	1516	1476	1558	1550
1399426606225935959	1519	1477	1563	1542
1399426606241923035	1516	1488	1567	1539
1399426606309906957	1521	1494	1550	1550
1399426606326858714	1515	1508	1551	1546
1399426606342824081	1517	1510	1544	1550
1399426606441849414	1526	1505	1537	1553
1399426606458759557	1517	1517	1541	1548
1399426606534794740	1521	1517	1536	1549
1399426606551802018	1517	1519	1514	1570
1399426606623722684	1525	1513	1529	1556
1399426606665746499	1533	1500	1539	1550
1399426606736626375	1531	1507	1513	1569
1399426606753796612	1525	1515	1518	1560
1399426606769738060	1526	1516	1532	1547
1399426606843603811	1531	1518	1542	1532
1399426606859662971	1535	1517	1535	1535
1399426606959585618	1540	1511	1528	1540
1399426606976590754	1546	1506	1551	1513
1399426606992554446	1545	1507	1522	1544
1399426607064559766	1542	1505	1506	1558
1399426607080669616	1531	1510	1507	1563
1399426607177490100	1522	1516	1522	1555
1399426607194505824	1504	1529	1540	1543
1399426607264503799	1514	1518	1540	1544
1399426607280457444	1520	1511	1535	1549
1399426607297464790	1518	1518	1510	1566
1399426607371481915	1531	1502	1528	1553
1399426607414412094	1520	1516	1528	1549
1399426607483320169	1528	1514	1538	1535
1399426607506630373	1529	1517	1543	1525
1399426607522298486	1531	1524	1552	1509
1399426607564355236	1534	1526	1531	1529
1399426607613356260	1563	1495	1564	1472
1399426607630288073	1558	1510	1523	1515
1399426607700281053	1557	1522	1491	1535
1399426607717252187	1557	1526	1485	1536
1399426607733394440	1562	1516	1511	1507
1399426607807246983	1553	1527	1509	1509
1399426607848205956	1551	1527	1484	1532
1399426607920148336	1540	1542	1498	1515
1399426607937149952	1541	1541	1506	1506
1399426607953236638	1522	1555	1435	1563
1399426608027124404	1545	1534	1490	1518
1399426608122182774	1549	1527	1516	1495
1399426608139103916	1568	1503	1527	1483
1399426608155078101	1567	1507	1511	1497
1399426608228030993	1556	1529	1513	1500
1399426608245008152	1562	1519	1508	1506
1399426608260946840	1554	1531	1498	1515
1399426608328979462	1571	1507	1511	1511
1399426608360074597	1550	1528	1483	1540
1399426608375882753	1552	1524	1491	1538
1399426608450946657	1553	1523	1513	1519
1399426608490888719	1559	1517	1519	1515
1399426608561935999	1550	1531	1513	1519
1399426608577845711	1548	1536	1521	1506
1399426608656908250	1542	1544	1507	1522
1399426608672827034	1549	1534	1531	1502
1399426608689792986	1542	1534	1527	1510
1399426608756873679	1541	1527	1531	1516
1399426608787747744	1579	1472	1568	1478
1399426608804756549	1556	1498	1527	1533
1399426608877750839	1541	1517	1503	1552
1399426608918743384	1528	1531	1511	1547
1399426608980103715	1535	1520	1518	1544
1399426608994680795	1567	1474	1480	1570
1399426609011681986	1543	1506	1508	1548
1399426609084622663	1531	1521	1526	1534
1399426609101598600	1526	1522	1535	1528
1399426609203549927	1524	1524	1482	1571
1399426609219678828	1531	1513	1525	1541
1399426609236830093	1532	1507	1533	1535
1399426609305500316	1535	1500	1540	1531
1399426609321543732	1532	1503	1538	1533
1399426609418442747	1519	1519	1556	1504
1399426609434639724	1532	1503	1515	1549
1399426609451413272	1541	1487	1525	1541
1399426609487440601	1526	1499	1510	1558
1399426609504443791	1509	1511	1515	1558
1399426609629414176	1517	1491	1489	1581
1399426609646376426	1515	1491	1518	1560
1399426609662379138	1518	1488	1548	1533
1399426609736312739	1500	1504	1523	1558
1399426609831312295	1505	1501	1546	1535
1399426609848255218	1511	1495	1553	1527
1399426609864438423	1496	1510	1571	1496
1399426609937238584	1523	1491	1536	1535
1399426609954224442	1540	1480	1562	1494
1399426609970506066	1531	1498	1533	1525
1399426610070196791	1524	1505	1497	1555
1399426610087175101	1529	1502	1497	1550
1399426610157203275	1517	1515	1489	1549
1399426610174301715	1524	1505	1502	1541
1399426610190165035	1516	1514	1471	1565
1399426610260100144	1539	1490	1520	1524
1399426610276018802	1538	1494	1533	1508
1399426610293004707	1522	1516	1471	1562
1399426610369055196	1528	1511	1504	1535
1399426610385075629	1523	1517	1527	1508
1399426610401017221	1537	1509	1533	1498
1399426610494967406	1544	1508	1520	1507
1399426610510935816	1545	1516	1516	1507
1399426610585015010	1535	1531	1478	1540
1399426610605032828	1524	1537	1466	1549
1399426610621088768	1559	1496	1578	1425
1399426610718883511	1545	1516	1516	1499
1399426610734904406	1541	1519	1477	1538
1399426610805814068	1531	1527	1430	1574
1399426610822817669	1541	1513	1466	1548
1399426610838807969	1537	1516	1444	1570
1399426610879785555	1541	1510	1515	1510
1399426610919708391	1543	1508	1536	1487
1399426610936706368	1547	1507	1505	1520
1399426611009761854	1547	1511	1517	1508
1399426611025712284	1558	1496	1568	1440
1399426611042668137	1538	1525	1527	1496
1399426611142608726	1517	1543	1496	1529
1399426611158631361	1519	1540	1503	1520
1399426611230684699	1548	1504	1525	1498
1399426611246605160	1526	1532	1533	1491
1399426611263700183	1537	1520	1503	1522
1399426611362506281	1555	1501	1461	1557
1399426611378541923	1549	1516	1446	1567
1399426611449558235	1551	1515	1501	1520
1399426611466451707	1558	1508	1516	1503
1399426611482470269	1555	1511	1531	1487
1399426611581446040	1554	1513	1527	1491
1399426611657422629	1602	1460	1553	1464
1399426611674456024	1554	1523	1516	1505
1399426611690329868	1528	1552	1501	1522
1399426611730419371	1508	1564	1481	1540
1399426611747341887	1523	1551	1479	1543
1399426611789468246	1515	1556	1519	1513
1399426611806289536	1544	1532	1514	1516
1399426611877329432	1556	1519	1504	1523
1399426611894275591	1537	1544	1503	1528
1399426611910286613	1541	1540	1503	1528
1399426611986282467	1546	1538	1443	1576
1399426612002279979	1563	1520	1491	1536
1399426612019316414	1569	1515	1514	1514
1399426612090334807	1564	1523	1520	1505
1399426612106263249	1579	1506	1501	1522
1399426612123302800	1588	1490	1544	1483
1399426612222163691	1540	1544	1526	1509
1399426612238189524	1519	1561	1504	1533
1399426612309403924	1514	1560	1497	1544
1399426612326120690	1533	1540	1520	1534
1399426612342097497	1544	1518	1518	1544
1399426612441186975	1517	1540	1549	1517
1399426612512297658	1511	1535	1524	1549
1399426612527989134	1533	1508	1517	1559
1399426612545143680	1507	1526	1492	1588
1399426612624023672	1520	1509	1542	1550
1399426612641014357	1532	1490	1544	1553
1399426612735975670	1529	1491	1557	1542
1399426612752922996	1532	1490	1558	1539
1399426612768935568	1604	1399	1561	1538
1399426612838991247	1553	1472	1563	1537
1399426612856007487	1499	1537	1549	1546
1399426612952928101	1466	1562	1561	1527
1399426612969861761	1506	1531	1535	1550
1399426612985839701	1501	1537	1544	1540
1399426613046917769	1519	1517	1527	1559
1399426613062861391	1525	1508	1522	1565
1399426613079774160	1495	1534	1533	1556
1399426613146744731	1472	1548	1500	1589
1399426613177767504	1523	1498	1485	1603
1399426613193789265	1548	1470	1536	1561
1399426613268325344	1555	1461	1543	1554
1399426613308697699	1541	1479	1558	1539
1399426613379666974	1510	1513	1562	1539
1399426613397169585	1579	1430	1564	1536
1399426613412551462	1528	1499	1544	1553
1399426613485797368	1506	1525	1538	1556
1399426613502574105	1525	1510	1567	1513
1399426613592547247	1497	1532	1545	1534
1399426613612540667	1470	1558	1549	1524
1399426613628506493	1450	1570	1543	1527
1399426613663496418	1514	1518	1515	1549
1399426613679469542	1543	1483	1506	1558
1399426613722494214	1505	1520	1469	1583
1399426613790421105	1528	1499	1516	1545
1399426613815430859	1559	1466	1471	1575
1399426613832480203	1540	1495	1540	1513
1399426613908359889	1519	1521	1558	1491
1399426613924499773	1514	1528	1553	1500
1399426614025299577	1523	1519	1531	1527
1399426614041346999	1588	1446	1497	1558
1399426614116366936	1569	1470	1544	1516
1399426614132377181	1520	1524	1516	1545
1399426614150140479	1472	1559	1533	1535
1399426614248365152	1490	1539	1520	1549
1399426614265234500	1521	1506	1511	1558
1399426614335225988	1518	1505	1535	1546
1399426614352143966	1542	1478	1524	1555
1399426614368277972	1547	1476	1485	1585
1399426614442216246	1521	1506	1510	1566
1399426614483276894	1503	1524	1540	1540
1399426614549125508	1537	1495	1507	1567
1399426614566121250	1532	1509	1535	1538
1399426614582186448	1535	1517	1535	1528
1399426614662153013	1545	1516	1538	1525
1399426614756058475	1533	1533	1514	1545
1399426614773057202	1555	1511	1524	1532
1399426614789991864	1533	1541	1518	1540
1399426614863116005	1531	1541	1504	1553
1399426614879959161	1514	1557	1532	1532
1399426614895917303	1534	1537	1531	1536
1399426614996002677	1542	1531	1535	1538
1399426615012935754	1553	1514	1531	1544
1399426615082831715	1553	1510	1531	1546
1399426615099822958	1549	1509	1524	1557
1399426615115902340	1527	1527	1544	1545
1399426615213953235	1517	1531	1545	1549
1399426615229937268	1534	1511	1520	1576
1399426615300909550	1538	1504	1528	1575
1399426615317806528	1531	1514	1544	1559
1399426615333706201	1535	1508	1570	1537
1399426615407680057	1527	1519	1559	1546
1399426615501684866	1525	1525	1548	1554
1399426615518678898	1516	1539	1546	1548
1399426615534654459	1529	1531	1535	1555
1399426615576643124	1491	1562	1552	1537
1399426615592637271	1535	1528	1551	1536
1399426615636617557	1553	1506	1558	1528
1399426615653621991	1535	1527	1549	1537
1399426615729597841	1545	1520	1539	1542
1399426615745637099	1567	1495	1534	1542
1399426615762609293	1548	1519	1531	1542
1399426615801487599	1539	1531	1532	1540
1399426615841539801	1545	1520	1524	1545
1399426615858495078	1536	1529	1528	1544
1399426615934492357	1550	1507	1504	1566
1399426615950500623	1534	1520	1518	1552
1399426615967516558	1523	1529	1535	1539
1399426616067415620	1536	1515	1523	1549
1399426616083352942	1513	1535	1532	1539
1399426616154348096	1522	1528	1544	1523
1399426616170356407	1525	1525	1550	1516
1399426616187391692	1539	1509	1536	1533
1399426616261343519	1540	1514	1522	1544
1399426616301412804	1478	1563	1541	1519
1399426616373235698	1520	1534	1522	1535
1399426616389260268	1540	1511	1513	1540
1399426616406304690	1549	1500	1525	1529
1399426616480261958	1540	1509	1521	1535
1399426616574241599	1553	1483	1516	1534
1399426616590242090	1526	1518	1517	1531
1399426616607163520	1516	1528	1517	1531
1399426616681192417	1533	1508	1509	1539
1399426616700276561	1528	1514	1509	1539
1399426616720140522	1558	1471	1461	1567
1399426616818288073	1533	1504	1502	1535
1399426616834221208	1510	1529	1520	1516
1399426616905107134	1511	1532	1526	1505
1399426616921077269	1507	1532	1511	1516
1399426616938137217	1537	1507	1502	1519
1399426617035949972	1555	1486	1497	1522
1399426617106979857	1558	1486	1502	1517
1399426617123172992	1547	1505	1508	1506
1399426617139979578	1509	1547	1548	1453
1399426617212860074	1532	1531	1497	1507
1399426617254890690	1552	1507	1476	1526
1399426617325890548	1541	1510	1484	1516
1399426617341831919	1508	1536	1500	1508
1399426617358839227	1510	1529	1458	1551
1399426617456834582	1501	1526	1511	1516
1399426617472824345	1504	1523	1510	1529
1399426617544840781	1513	1510	1527	1517
1399426617560641344	1511	1522	1511	1531
1399426617659737896	1487	1553	1517	1517
1399426617678740360	1526	1534	1507	1511
1399426617720144984	1539	1528	1514	1501
1399426617733626288	1539	1535	1507	1503
1399426617776659290	1563	1514	1491	1510
1399426617793653385	1544	1536	1474	1527
1399426617864605026	1552	1528	1486	1516
1399426617881644673	1571	1506	1452	1544
1399426617978555286	1540	1541	1502	1500
1399426617994580703	1476	1586	1451	1556
1399426618066520299	1514	1552	1521	1500
1399426618082640637	1520	1540	1538	1489
1399426618183483151	1549	1514	1492	1532
1399426618199464576	1545	1531	1536	1487
1399426618216576925	1544	1534	1480	1540
1399426618284479650	1579	1496	1463	1552
1399426618325371293	1548	1536	1531	1487
1399426618397389952	1535	1546	1524	1495
1399426618416395876	1523	1553	1517	1502
1399426618498256821	1541	1533	1503	1511
1399426618605287482	1554	1517	1491	1523
1399426618625266651	1556	1515	1494	1521
1399426618642245519	1560	1505	1495	1524
1399426618717310619	1566	1496	1488	1532
1399426618734308267	1562	1499	1479	1541
1399426618750334172	1540	1522	1482	1542
1399426618849161762	1532	1528	1507	1520
1399426618920149489	1525	1535	1516	1511
1399426618937128327	1529	1533	1506	1523
1399426618953116098	1508	1553	1513	1513
1399426619027153638	1547	1518	1499	1524
1399426619069182450	1554	1510	1508	1508
1399426619140190928	1561	1504	1500	1515
1399426619157028435	1546	1525	1508	1508
1399426619173061647	1584	1472	1488	1532
1399426619248085143	1544	1523	1506	1515
1399426619263950725	1525	1540	1515	1510
1399426619365024812	1532	1528	1514	1514
1399426619381974731	1528	1528	1508	1523
1399426619454972368	1504	1544	1514	1518
1399426619471992534	1515	1535	1500	1533
1399426619487904224	1528	1524	1490	1542
1399426619590953523	1515	1535	1487	1540
1399426619607998250	1523	1527	1496	1536
1399426619679843867	1540	1508	1495	1537
1399426619696820041	1540	1515	1496	1535
1399426619712803510	1546	1508	1508	1521
1399426619786718015	1552	1499	1499	1528
1399426619882728183	1558	1497	1510	1519
1399426619899661992	1528	1532	1504	1527
1399426619915662291	1537	1522	1508	1523
1399426619989710309	1531	1534	1505	1531
1399426620005593823	1531	1532	1504	1533
1399426620107649780	1525	1538	1517	1523
1399426620124512706	1546	1517	1502	1535
1399426620140664555	1535	1528	1495	1539
1399426620206582537	1540	1524	1500	1536
1399426620223503342	1566	1494	1522	1514
1399426620241191229	1574	1489	1516	1514
1399426620342461424	1571	1499	1520	1507
1399426620358516957	1581	1483	1497	1531
1399426620433396562	1590	1469	1507	1522
1399426620449382451	1544	1528	1504	1525
1399426620466441628	1541	1535	1503	1526
1399426620564356457	1524	1549	1496	1531
1399426620635377823	1527	1544	1497	1532
1399426620654327772	1538	1535	1515	1515
1399426620674304972	1547	1526	1524	1507
1399426620748317876	1489	1577	1540	1491
1399426620765279845	1499	1568	1518	1514
1399426620882279152	1483	1585	1500	1529
1399426620957291261	1535	1547	1505	1520
1399426620973217554	1558	1532	1505	1509
1399426620990195612	1559	1536	1500	1504
1399426621092199681	1573	1531	1499	1495
1399426621108184601	1583	1532	1491	1496
1399426621178142014	1574	1543	1485	1496
1399426621195117408	1549	1569	1477	1502
1399426621211098323	1595	1519	1494	1487
1399426621288206918	1560	1557	1474	1510
1399426621386977393	1535	1582	1479	1502
1399426621402920384	1537	1580	1478	1503
1399426621420041464	1549	1567	1495	1486
1399426621489982298	1558	1558	1516	1471
1399426621568857351	1552	1558	1499	1495
1399426621627858602	1570	1528	1491	1517
1399426621644925910	1517	1572	1508	1513
1399426621718030715	1550	1539	1514	1511
1399426621734725675	1549	1534	1528	1509
1399426621750753568	1550	1526	1524	1524
1399426621856797345	1562	1507	1524	1528
1399426621927973619	1562	1503	1520	1535
1399426621943762585	1564	1491	1523	1540
1399426621960716861	1544	1514	1525	1548
1399426622036726427	1585	1449	1544	1544
1399426622135604094	1533	1500	1543	1549
1399426622151582574	1520	1507	1527	1579
1399426622168610385	1482	1532	1541	1572
1399426622241613429	1491	1515	1548	1572
1399426622258577793	1519	1483	1549	1575
1399426622274536937	1507	1488	1566	1562
1399426622376597538	1474	1521	1581	1547
1399426622393493981	1473	1522	1558	1567
1399426622467446197	1462	1533	1562	1567
1399426622484618869	1520	1476	1545	1583
1399426622581389881	1498	1496	1543	1584
1399426622598351555	1513	1487	1555	1567
1399426622670412959	1497	1505	1559	1554
1399426622686396991	1524	1484	1558	1554
1399426622788418756	1546	1460	1548	1562
1399426622805351887	1523	1494	1541	1564
1399426622824329716	1564	1447	1560	1542
1399426622894396995	1519	1510	1535	1561
1399426622990229143	1550	1476	1504	1581
1399426623006194157	1520	1514	1538	1544
1399426623023160515	1520	1524	1552	1528
1399426623097198986	1534	1522	1543	1527
1399426623139180591	1544	1517	1525	1538
1399426623211226164	1427	1614	1533	1535
1399426623227223460	1553	1510	1513	1548
1399426623243211080	1571	1496	1520	1532
1399426623345113941	1572	1506	1505	1534
1399426623419053664	1566	1525	1503	1537
1399426623435999688	1584	1498	1494	1548
1399426623452163625	1553	1531	1504	1544
1399426623554066086	1535	1544	1477	1561
1399426623570025191	1507	1563	1525	1525
1399426623650945438	1547	1526	1531	1522
1399426623667016903	1531	1549	1541	1506
1399426623767890483	1513	1567	1535	1524
1399426623783843087	1507	1571	1529	1531
1399426623852953628	1569	1513	1525	1529
1399426623868919392	1545	1542	1553	1489
1399426623966846384	1583	1501	1516	1532
1399426623982871624	1615	1464	1513	1535
1399426624000009540	1625	1445	1489	1554
1399426624075801062	1545	1539	1487	1558
1399426624179751516	1554	1519	1471	1568
1399426624196739863	1528	1549	1539	1507
1399426624212792833	1511	1565	1556	1485
1399426624282675961	1548	1533	1515	1533
1399426624323700099	1344	1686	1625	1403
1399426624394786609	1539	1534	1508	1536
1399426624411700537	1629	1418	1450	1575
1399426624489595046	1567	1490	1491	1549
1399426624531655817	1555	1492	1499	1553
1399426624602533054	1464	1576	1551	1504
1399426624618583769	1467	1571	1527	1527
1399426624637369610	1477	1566	1533	1519
1399426624711596736	1407	1626	1581	1453
1399426624728507721	1468	1579	1562	1481
1399426624828380285	1577	1479	1504	1538
1399426624845371707	1519	1546	1540	1498
1399426624913381045	1588	1467	1497	1535
1399426624939356318	1590	1469	1494	1535
1399426624955319281	1627	1423	1472	1556
1399426625055278385	1603	1446	1469	1565
1399426625130266178	1501	1563	1526	1514
1399426625147208189	1511	1558	1498	1533
1399426625163222374	1496	1577	1528	1495
1399426625239194481	1491	1587	1551	1453
1399426625255266763	1557	1540	1513	1494
1399426625355174533	1584	1515	1486	1514
1399426625372145767	1373	1684	1576	1423
1399426625388127810	1534	1563	1505	1501
1399426625458192338	1607	1489	1454	1535
1399426625474106181	1632	1469	1453	1525
1399426625572074550	1633	1481	1458	1513
1399426625593108060	1712	1377	1437	1540
1399426625664112014	1592	1533	1486	1501
1399426625681085689	1531	1594	1499	1488
1399426625698121438	1606	1503	1432	1556
1399426625772017988	1582	1529	1446	1545
1399426625813990686	1577	1529	1469	1524
1399426625884939044	1553	1551	1517	1485
1399426625902089704	1543	1558	1525	1481
1399426625918933507	1484	1604	1549	1463
1399426625993976740	1476	1603	1537	1492
1399426626093890159	1581	1504	1470	1554
1399426626109837911	1545	1545	1520	1516
1399426626126825730	1589	1494	1511	1520
1399426626202863634	1611	1467	1489	1538
1399426626218774996	1679	1371	1468	1564
1399426626235754573	1583	1490	1513	1540
1399426626334743169	1596	1473	1504	1553
1399426626350789628	1635	1422	1435	1608
1399426626421717116	1540	1541	1507	1549
1399426626438717375	1573	1501	1457	1591
1399426626454634734	1508	1567	1544	1518
1399426626554660637	1501	1576	1559	1494
1399426626629654771	1511	1575	1575	1482
1399426626645548679	1562	1527	1540	1534
1399426626662573720	1467	1608	1613	1455
1399426626736544854	1523	1561	1566	1525
1399426626757548662	1580	1490	1513	1579
1399426626856422622	1517	1540	1551	1551
1399426626872502335	1580	1463	1521	1574
1399426626889425790	1584	1458	1531	1569
1399426626961479373	1579	1462	1526	1575
1399426626977415847	1544	1509	1540	1563
1399426627074443333	1602	1424	1491	1608
1399426627091348570	1540	1506	1528	1578
1399426627163483499	1654	1360	1385	1688
1399426627179312627	1544	1503	1521	1576
1399426627196440022	1521	1531	1520	1568
1399426627262396020	1504	1558	1554	1521
1399426627293260622	1568	1524	1520	1549
1399426627310220315	1325	1528	1502	1301
1399426627410351386	1426	1430	1403	1394
1399426627427367704	1481	1360	1337	1432
1399426627497356302	1492	1349	1300	1457
1399426627514355236	1465	1374	1283	1471
1399426627616196776	1432	1413	1311	1437
1399426627632182240	1400	1422	1340	1397
1399426627705365991	1392	1411	1384	1348
1399426627721298565	1408	1391	1405	1331
1399426630778807710	1418	1366	1397	1332
1399426630778856113	1418	1355	1373	1367
1399426630778892770	1398	1352	1341	1400
1399426630778928364	1454	1304	1471	1262
1399426630778972103	1466	1224	1454	1323
1399426630779006852	1175	1175	1175	1175
1399426630779041620	1175	1175	1175	1175
1399426630779075958	1175	1175	1175	1175
1399426630779118815	1175	1175	1175	1175
1399426630779153748	1175	1175	1175	1175
1399426630779188086	1175	1175	1175	1175
1399426630779221906	1175	1175	1175	1175
1399426630779264923	1175	1175	1175	1175
1399426630779310443	1175	1175	1175	1175
1399426630779345048	1175	1175	1175	1175
1399426630779379706	1175	1175	1175	1175
1399426630779423372	1175	1175	1175	1175
1399426630779458652	1175	1175	1175	1175
1399426630779492415	1175	1175	1175	1175
1399426630779526987	1175	1175	1175	1175
1399426630779561515	1175	1175	1175	1175
1399426630779596448	1175	1175	1175	1175
1399426630779639208	1175	1175	1175	1175
1399426630779673479	1175	1175	1175	1175
1399426630779707620	1175	1175	1175	1175
1399426630779742164	1175	1175	1175	1175
1399426630779776031	1175	1175	1175	1175
1399426630779818427	1175	1175	1175	1175
1399426630779852274	1175	1175	1175	1175
1399426630779886198	1175	1175	1175	1175
1399426630779919981	1175	1175	1175	1175
1399426630779953727	1175	1175	1175	1175
1399426630779988102	1175	1175	1175	1175
1399426630780030448	1175	1175	1175	1175
1399426630780077220	1175	1175	1175	1175
1399426630780112387	1175	1175	1175	1175
1399426630780146220	1175	1175	1175	1175
1399426630780184139	1175	1175	1175	1175
1399426630780226328	1175	1175	1175	1175
1399426630780259597	1175	1175	1175	1175
1399426630780292999	1175	1175	1175	1175
1399426630780325954	1175	1175	1175	1175
1399426630780359764	1175	1175	1175	1175
1399426630780392715	1175	1175	1175	1175
1399426630780451950	1175	1175	1175	1175
1399426630780485736	1175	1175	1175	1175
1399426630780519169	1175	1175	1175	1175
1399426630780552568	1175	1175	1175	1175
1399426630780594686	1105	1105	1105	1105
1399426630780628262	1105	1105	1105	1105
1399426630780661658	1105	1105	1105	1105
1399426630780793614	1105	1105	1105	1105
1399426630780834560	1105	1105	1105	1105
1399426630780868751	1105	1105	1105	1105
1399426630780910255	1105	1105	1105	1105
1399426630780943771	1105	1105	1105	1105
1399426630781011502	1105	1105	1105	1105
1399426630781052024	1105	1105	1105	1105
1399426630781093157	1105	1105	1105	1105
1399426630781105856	1105	1105	1105	1105
